0.077924 0.0443786 -0.13627 3
0.114143 -0.0989534 -0.099945 2
0.175074 0.0697726 -0.473146 3
0.0383975 -0.0327817 0.0115919 2
0.0351086 -0.184106 -0.141065 2
0.0281266 -0.138168 -0.170324 0
0.169319 0.0607187 -0.576822 3
0.0744234 -0.00276669 -0.246278 3
0.235347 0.00548998 -0.664548 3
-0.0341626 -0.0508846 0.00642227 0
0.0574183 0.146196 -0.0664626 3
0.0209143 0.0297433 0.0724985 2
0.0473525 0.0529847 -0.113616 3
0.0505941 -0.128672 -0.083161 2
-0.00489119 -0.117061 -0.114084 1
0.0333958 -0.223992 -0.150925 2
0.203231 0.0889952 -0.68335 3
-0.147054 -0.259744 -0.200575 1
0.127272 -0.140298 -0.339634 1
-0.0840892 -0.0741726 -0.342839 0
-0.0787393 -0.0306093 -0.0966941 0
0.0635394 -0.375669 -0.270516 2
-0.038838 -0.0341136 -0.0502171 0
-0.00466931 -0.406699 -0.290282 1
-0.0470278 -0.124574 -0.242209 1
-0.0219384 -0.0432046 -0.0258929 0
0.0579157 0.113929 -0.0258686 3
0.0635122 -0.0344059 0.0783213 2
-0.0953504 -0.337822 -0.310181 1
-0.0718355 -0.104474 -0.250944 0
-0.0222642 0.0634851 -0.0536557 3
0.12392 0.0377957 -0.566216 3
-0.028197 -0.0291911 -0.0508467 0
-0.190633 -0.154459 -0.15966 1
-0.0392854 -0.082215 -0.134401 0
-0.0255225 -0.0591722 -0.181239 0
0.0461446 -0.0736213 -0.131795 1
-0.0882115 -0.00172029 -0.0999721 0
0.0371121 0.125373 -0.183356 3
-0.0523646 -0.0912672 -0.218247 0
-0.0809303 -0.162965 -0.273388 1
0.128657 -0.123406 0.160241 2
0.0547873 -0.195371 -0.164491 2
-0.140636 -0.117319 -0.500717 1
0.132884 -0.128778 -0.127516 2
-0.206477 -0.341616 -0.139338 2
-0.165952 -0.278031 -0.477608 1
0.0764813 0.025749 0.086619 2
0.0604419 -0.0629735 0.128154 2
0.116933 0.0414723 -0.172728 3
0.0487803 0.142084 -0.598184 3
0.225577 -0.0210353 -0.122381 3
0.0104856 -0.0957837 -0.0730308 1
0.067131 0.105733 -0.20315 3
-0.038591 -0.0404149 -0.0645162 0
0.159106 0.056629 -0.484186 3
-0.0581046 -0.0242296 -0.175156 0
0.00108751 -0.0550888 -0.20422 0
-0.0122257 -0.083773 -0.326426 0
0.0233187 -0.236583 -0.218542 2
-0.0405291 -0.115013 -0.543986 0
0.0344221 -0.301892 -0.312378 2
0.0794647 -0.0230646 0.0404077 2
0.140083 0.0882429 -0.48047 3
-0.0213502 -0.0916737 -0.390036 0
-0.054405 -0.188926 -0.302583 1
0.131239 -0.260546 -0.0886412 2
-0.200786 -0.366626 -0.523018 1
-0.127519 -0.32279 -0.448652 1
-0.058152 -0.0292157 -0.193307 0
0.161759 0.151604 -0.673892 3
0.0577607 -0.109842 0.0195337 2
0.0587915 0.0132597 -0.284388 3
0.0290846 -0.196333 0.0597627 2
0.177862 0.0589274 -0.646611 3
-0.0662922 -0.218358 -0.276026 1
0.0987293 0.0337168 0.10527 2
0.0107284 -0.0832732 -0.102778 1
0.233033 0.0539084 -0.726715 3
0.301022 -0.00353549 -0.576672 3
0.079726 -0.172812 -0.118341 2
0.0489755 -0.370524 -0.274759 2
0.129293 0.0268204 0.0144998 2
0.0809661 -0.0501112 0.0851878 2
-0.0430798 -0.0494085 -0.360972 0
-0.00699182 -0.048184 -0.291667 0
-0.110683 -0.293124 -0.534477 1
-0.0944959 -0.177641 -0.35269 1
-0.0323451 -0.155023 -0.565475 0
0.191909 0.0543504 -0.341579 3
0.0871403 -0.103489 -0.0451621 2
-0.0187335 -0.102387 -0.370144 0
0.0533995 0.0494052 -0.0320687 3
0.0490044 -0.108316 -0.0755957 2
-0.0193814 -0.148172 -0.541332 0
0.121383 0.0916045 0.0394921 2
0.10511 0.0611084 -0.308605 3
0.0770247 0.0686182 -0.179018 3
0.249663 0.00986722 -0.485974 3
0.13325 0.0766839 -0.48207 3
0.0482086 -0.317007 -0.254201 2
-0.0597053 -0.00625648 -0.0113404 0
-0.203764 -0.00861591 -0.228708 1
0.0361003 -0.203416 -0.245926 2
-0.0404506 -0.112554 -0.252889 0
-0.0179889 -0.0161415 -0.0205093 0
-0.0399562 -0.0858081 -0.229561 0
0.150248 0.0478886 -0.598665 3
0.116254 -0.0312196 -0.630285 3
-0.00166324 -0.0483159 0.0601816 2
0.022416 0.0664431 0.0443533 3
0.0614063 -0.0799379 -0.0187381 2
-0.0430901 -0.0142463 0.0322189 0
0.178077 -0.137208 -0.140531 1
0.214526 0.159115 -0.420321 3
-0.0413934 0.13342 -0.266749 3
-0.0218003 -0.0812814 -0.286157 0
0.0734817 -0.0420982 0.022505 2
0.0636931 0.151144 -0.483419 3
0.0384006 -0.201008 0.0291365 2
0.048082 0.0972663 -0.175857 3
0.143838 0.0614661 -0.521315 3
-0.0508196 -0.0970432 -0.354869 0
-0.0687301 -0.349138 -0.237419 2
0.0820445 0.00976862 0.0490167 2
-0.0225422 -0.231538 -0.201737 2
-0.0371965 -0.046474 -0.0739035 0
0.0967058 0.0928422 0.00182758 2
0.087376 0.0390841 -0.0873111 3
-0.24724 -0.136622 -0.395685 1
0.0451193 -0.0954321 -0.0575375 2
-0.0172287 -0.0409611 0.0619362 0
-0.0144067 -0.049698 -0.188922 0
-0.0221265 -0.134341 -0.445416 0
0.0995955 0.095118 -0.199248 3
0.162577 0.0642595 -0.608266 3
0.0690286 0.0487667 -0.211852 1
0.251593 0.117103 -0.65273 3
-0.0322956 0.0379714 0.0766419 0
-0.0483487 -0.00968694 0.0633884 0
0.21934 0.0855677 -0.739732 3
0.162953 0.0847283 -0.450813 3
-0.187019 -0.110599 -0.365069 1
0.0947178 0.172203 -0.546569 3
0.14181 0.12503 -0.547646 3
0.020363 0.0306994 -0.0891429 3
0.0707409 -0.22066 -0.134221 2
0.0733879 0.0515907 -0.109682 3
0.0389133 0.0201671 -0.0707088 2
0.0580215 -0.44469 -0.416202 1
0.0512479 -0.179873 -0.112645 2
0.0066338 -0.10002 -0.0353456 1
-0.011114 -0.136015 -0.156502 1
0.00712345 -0.266268 -0.217511 2
0.0489081 0.0151789 -0.214587 3
-0.0535716 -0.0290882 -0.0796578 0
-0.076162 -0.203352 -0.206962 1
-0.0623583 -0.129613 -0.17145 0
0.180884 0.121978 -0.526228 3
0.0248606 -0.134307 -0.0210288 2
0.081383 -0.227183 0.108671 2
0.0895065 0.0622828 -0.265998 3
0.0136093 -0.0395173 0.0423491 2
-0.0291709 -0.0518166 -0.142736 3
-0.0219782 -0.0463262 0.0554721 0
0.0771522 -0.0731521 -0.00289291 2
-0.0296232 -0.121985 -0.420345 0
0.224085 -0.207685 -0.211634 2
-0.143209 -0.257641 -0.289816 1
-0.0200684 -0.127244 -0.1637 1
0.0148668 -0.170267 -0.136286 2
0.10832 0.129536 -0.123184 3
-0.0299852 -0.112913 -0.474198 0
0.137674 0.102774 -0.127419 3
0.068193 -0.238312 -0.254157 2
0.0807006 -0.209768 -0.0873311 1
0.0932793 0.132643 -0.115277 3
0.0996354 0.0403353 -0.19655 3
0.0815219 -0.016969 0.078611 2
-0.0392546 -0.18827 -0.563564 0
0.0246239 -0.215762 -0.182399 2
-0.00136093 -0.30878 -0.234083 2
-0.232906 -0.257666 -0.39623 1
-0.0729527 0.0750749 0.0136589 0
0.0481879 0.0705105 -0.102639 3
0.0664099 -0.376084 -0.155554 1
0.0632877 -0.0799585 -0.025739 2
-0.00452488 -0.130236 -0.379535 0
0.102088 0.054452 -0.210518 3
-0.046059 -0.218411 -0.348219 1
0.197038 0.0243455 -0.336943 3
0.00126586 -0.281553 -0.255716 2
0.143036 -0.319458 -0.261444 1
0.183959 0.0100177 -0.391392 3
0.172358 -0.169374 -0.0598535 2
-0.0296923 -0.102219 -0.366827 0
0.151432 0.08741 -0.522676 3
-0.0391792 -0.0127031 0.0492929 0
-0.0289283 -0.0325124 -0.0593957 0
-0.0753551 -0.0315035 -0.347115 2
0.189428 0.0736233 -0.475642 3
0.106361 0.0625052 -0.345991 3
0.0284935 -0.127813 -0.254463 2
-0.0495424 -0.267339 -0.468947 1
0.219576 -0.225176 -0.137005 2
-0.0552591 0.0185124 0.0224318 0
0.0107237 -0.299747 -0.4659 1
0.0997763 0.0699978 0.0839784 2
0.0765769 0.0782017 -0.288753 3
0.191025 0.0666822 -0.572275 3
0.0565193 0.0699182 -0.498741 3
0.194817 0.0412423 -0.676768 3
0.0600557 0.0208969 0.0283171 2
0.0484034 0.0476928 0.232862 2
-0.0828915 -0.305638 -0.506468 1
0.000737572 -0.183732 -0.185579 2
0.149983 0.0822142 -0.554496 3
0.115592 -0.0833897 0.131273 2
0.104195 -0.1571 -0.0519034 2
0.0732138 0.000310455 0.0647081 2
0.11735 -0.154983 -0.00879957 2
0.00437577 -0.211831 -0.249246 2
-0.0411067 -0.0101714 0.0486707 0
-0.0326831 -0.154646 -0.524511 0
0.106943 0.0514471 -0.278887 3
0.0412139 -0.0310644 -0.0691676 2
-0.0485211 -0.0344649 -0.0886666 0
-0.0380028 -0.0179282 0.0060598 0
0.0874454 -0.0776771 -0.523954 3
0.0629061 0.0664571 -0.0558994 3
0.0808484 -0.0168569 0.0548472 2
0.0493868 -0.323973 -0.246676 2
0.0112453 -0.102487 -0.189345 1
0.149354 0.0581524 -0.680705 3
-0.00885777 -0.10311 -0.383102 0
0.0924364 -0.0539299 -0.0146874 2
0.0902211 -0.162072 -0.0465287 2
0.060428 -0.188571 -0.0927495 2
-0.0271415 -0.288403 -0.14395 2
-0.122152 -0.278286 -0.433068 1
0.0916254 -0.178792 -0.202788 1
-0.0276443 -0.0882434 -0.287929 0
-0.0914517 -0.286804 -0.437869 1
-0.160623 -0.230299 -0.201789 2
-0.0421159 -0.112191 -0.42931 0
0.0293891 -0.186797 -0.136285 2
0.178981 0.0628727 -0.703495 3
0.182066 -0.0630666 -0.115274 2
0.126944 0.0642829 -0.369901 3
0.101803 0.00656871 0.132 2
-0.0600264 -0.320552 -0.558436 1
0.153075 0.061952 -0.400727 3
0.0941399 -0.0459779 0.0194508 2
0.0666963 -0.0800169 -0.456845 1
0.0612079 0.0111817 0.0758461 2
-0.121127 -0.28613 -0.522345 1
0.162608 0.0371571 -0.648664 3
0.310284 0.0576506 -0.637318 3
0.0777158 -0.0612726 0.023226 2
0.157323 -0.0343585 -0.351702 3
-0.0918594 -0.0716131 -0.296972 0
-0.0353211 -0.11822 -0.369839 0
0.0741239 0.0377961 -0.0612755 3
0.047153 0.137628 -0.162234 3
-0.158711 -0.182454 -0.0595358 1
-0.00787792 -0.29459 -0.333196 2
-0.0700683 -0.0357967 -0.120068 0
-0.0913648 -0.332053 -0.253801 1
0.0620845 -0.0713657 -0.0280565 2
0.0867279 -0.128766 -0.199619 2
-0.0268668 -0.155559 -0.459012 0
-0.0519154 -0.118503 -0.423612 0
0.0144343 -0.288609 -0.225785 2
-0.0408584 -0.249582 -0.141411 2
-0.157306 -0.148076 -0.438606 1
0.140019 0.0681193 -0.321058 3
0.0643082 -0.0162043 -0.455342 3
0.0450613 -0.181996 -0.195803 2
-0.0315773 -0.32209 -0.164657 2
0.134179 0.117248 -0.121104 3
0.102619 -0.0838403 -0.116888 2
0.0277996 -0.166465 -0.00440614 1
0.0725755 -0.0656481 0.0062362 2
0.123982 0.155351 -0.373115 3
0.0690428 0.0502012 -0.111636 3
0.111278 0.0601302 -0.326033 3
-0.0317523 -0.060798 -0.152752 0
0.0834403 0.103054 0.0726431 2
0.194269 0.117452 -0.641787 3
-0.0472549 -0.184919 -0.391813 1
0.146589 0.0750761 -0.458287 3
0.0161032 0.00815996 0.111389 2
0.0612655 0.0341325 -0.461043 3
0.062406 0.00178472 -0.0707122 3
0.119571 0.109902 -0.292231 3
-0.0664329 -0.0524129 -0.322949 0
0.120102 0.132676 -0.404337 3
0.0435134 -0.0489961 -0.0131206 2
-0.0270792 -0.0260178 0.0172112 0
-0.0410197 -0.173789 -0.262897 1
-0.0975266 0.0539936 -0.151802 1
0.100105 0.037362 -0.101494 3
-0.0726541 -0.134391 -0.350185 0
0.0697402 -0.128095 -0.0025753 2
0.0599407 -0.368347 -0.242491 2
0.155923 0.00850037 -0.620949 3
-0.0317897 -0.0845615 -0.291133 0
0.0879324 0.0656159 -0.336573 3
-0.0196924 -0.14302 -0.517564 0
-0.0366716 -0.107505 -0.0941558 1
0.0163871 -0.0968193 -0.038442 1
-0.0228299 -0.140971 -0.516052 0
0.147295 0.0655854 -0.419484 3
0.18792 0.0917598 -0.678847 3
0.082058 -0.0350763 -0.437381 3
0.14071 0.0487164 -0.560377 3
0.0637715 -0.278817 -0.187759 2
-0.0304671 -0.155544 -0.531871 0
0.20572 0.0193863 0.0274724 2
-0.0215425 0.0464786 -0.0159814 0
-0.129314 -0.052864 -0.333607 1
0.0729085 -0.0673239 -0.194506 3
0.15701 0.0770437 -0.657024 3
0.158161 0.124947 -0.373963 3
0.1051 0.213217 -0.609197 3
0.0943897 -0.138405 -0.170733 2
0.0539488 0.0206585 -0.0593513 0
0.0441171 -0.270887 -0.265059 2
-0.0574375 0.00394681 -0.0729586 0
-0.0938299 -0.196321 -0.0871991 1
0.218215 -0.0500853 0.0134119 2
-0.0212741 -0.0754167 -0.12006 0
0.100359 0.0838752 -0.128626 3
-0.126178 -0.110479 -0.382917 0
-0.0224946 -0.0118423 -0.179417 0
-0.00617551 -0.218745 -0.215727 2
0.118379 0.0184155 0.121781 2
-0.120819 -0.135729 -0.325032 1
0.189984 -0.238341 -0.169197 2
-0.0367552 0.0131035 -0.315906 0
0.0726772 0.0385528 -0.0198171 3
0.0833892 -0.109627 -0.0850324 2
-0.0463263 -0.233591 -0.230348 1
-0.0345913 -0.0901913 -0.211156 0
-0.118526 -0.291504 -0.391553 1
0.0965804 0.0431024 -0.160822 3
0.190338 0.0593179 -0.136936 3
0.0944739 -0.144206 -0.191097 1
0.159412 0.115821 -0.354057 3
-0.0944809 -0.165252 -0.423406 1
0.061991 -0.0918298 -0.0313531 2
-0.0891981 -0.25199 -0.478067 1
-0.0323344 -0.279218 -0.434742 1
0.00590174 -0.18317 -0.105529 2
0.150622 0.0706687 -0.508009 3
-0.055291 -0.22844 -0.13626 2
0.0159197 -0.105837 -0.284202 0
0.0725592 0.0105523 -0.341783 3
0.0442512 -0.184081 -0.124054 2
0.0653702 0.0215044 0.0913631 2
0.0863701 -0.0353267 -0.50698 3
-0.0552602 -0.274079 -0.106413 1
0.0206558 -0.213689 -0.187459 2
0.0442095 -0.167075 -0.280421 0
-0.0414664 -0.0275413 -0.0402873 0
0.0480238 -0.299109 -0.0581776 2
0.0818963 0.0683351 -0.175225 3
0.0666234 0.0169839 -0.114559 3
0.041013 -0.00344488 -0.313802 3
0.0623328 -0.199347 -0.0614086 2
-0.0309743 -0.101104 -0.315827 0
0.0753928 -0.107311 0.0291543 2
-0.0186246 -0.132731 -0.159825 1
0.036929 -0.169669 -0.133099 2
-0.0119695 0.01843 -0.205888 2
-0.0224221 -0.180617 -0.556664 0
0.0505253 0.0975475 0.133482 2
0.0947742 0.0215346 -0.0524263 2
0.100069 -0.294641 -0.147799 2
0.054548 -0.0941752 -0.0287947 2
-0.0366207 -0.196214 -0.271284 1
-0.0676046 -0.0570339 -0.112225 0
-0.113828 -0.0560028 -0.318647 0
-0.13279 -0.114974 -0.27185 1
-0.0273019 -0.111482 -0.266584 0
0.0598371 -0.1504 -0.0263837 2
0.102258 0.0347021 -0.461703 3
-0.0384717 -0.0291564 -0.0290101 0
0.0550312 0.0163698 -0.27187 3
0.0467217 -0.185412 0.00229269 2
0.0101628 -0.0836457 -0.416832 0
-0.00761909 -0.118084 -0.0928163 1
-0.0750783 -0.100563 -0.186089 1
-0.000269753 -0.153997 -0.0899539 2
-0.019934 -0.0699647 -0.277391 0
0.0334739 -0.193078 -0.188863 2
0.017731 -0.0777276 -0.116199 1
-0.0757358 -0.28164 -0.293885 1
-0.0895666 -0.0500665 -0.193017 0
0.0533622 -0.136041 -0.331591 1
0.204204 0.116004 -0.393311 3
-0.0187481 -0.298109 -0.218928 2
-0.0185705 -0.285567 -0.0366414 2
0.101857 0.0913978 -0.131031 3
-0.0269055 0.0204179 0.0741257 0
0.0091974 -0.117848 -0.179669 1
0.0103014 -0.118252 -0.0218844 1
-0.0111264 -0.160786 0.0857996 2
0.0542857 0.0464612 -0.0648787 3
0.166367 -0.167086 -0.119701 2
-0.000438286 -0.184644 -0.14811 1
-0.0500531 -0.207244 -0.315842 1
-0.0258088 0.023057 -0.397298 3
0.133628 0.0699632 -0.457563 3
-0.0536253 -0.206076 -0.319214 1
0.0899141 0.0458305 -0.269869 3
0.0594464 -0.0529319 -0.220375 1
-0.0520031 -0.106613 -0.296187 0
0.111954 0.103991 -0.299062 3
0.0259645 -0.17658 0.0053829 1
0.136167 -0.0182176 -0.035472 3
0.112987 0.026397 0.0945595 2
0.119355 -0.100611 0.262127 2
-0.0821366 -0.318839 -0.547557 1
-0.166587 -0.245918 -0.28413 1
-0.245221 -0.266351 -0.213339 1
0.116782 -0.214712 -0.213923 2
0.0119166 -0.281102 -0.249885 2
0.0184653 -0.161917 -0.412231 0
-0.0116913 0.0164294 -0.189211 2
0.0233688 -0.108279 -0.0618491 2
0.154152 0.0968116 -0.138504 3
-0.108678 -0.0694167 -0.0999914 2
-0.0197911 -0.102559 -0.2644 0
-0.0957023 -0.153424 -0.143837 1
0.0577645 -0.0228952 -0.241902 0
0.10492 0.0526074 -0.285855 3
0.0995701 -0.16199 0.0914965 2
0.0630794 0.0404985 -0.0632369 3
-0.0624697 -0.105461 0.0138396 2
0.0163308 -0.230452 -0.204177 2
0.0408489 0.0351572 -0.0450713 3
-0.0212147 0.00880712 -0.29287 0
0.0278316 0.0353423 0.141749 2
0.016101 -0.107389 -0.0762305 1
0.151225 0.0653017 -0.342819 3
0.153515 0.0616713 -0.558891 3
0.0710401 -0.0986329 -0.0627797 2
-0.00188623 -0.166468 -0.133964 2
-0.0342299 -0.0812842 -0.273266 0
-0.029776 -0.103666 -0.0991863 0
-0.134826 -0.150288 -0.387648 0
0.010015 0.215225 -0.404968 3
0.194015 0.00132577 -0.485851 3
0.179123 -0.0149238 -0.012189 2
-0.015863 -0.0546671 -0.294688 0
0.104315 0.0607735 -0.210422 3
-0.0313029 -0.159824 -0.0490806 1
0.211283 0.059547 -0.575764 3
0.143633 0.0538544 -0.486503 3
0.0104268 0.0545117 -0.283248 3
0.0143307 -0.122904 -0.147376 1
0.0284736 -0.140517 -0.0738968 2
0.0589356 -0.182864 0.021918 2
0.0884958 0.0372214 0.0852789 2
0.144862 0.0464189 -0.474997 3
0.0975506 0.117751 -0.158641 3
-0.0464758 -0.0436736 -0.170665 0
0.000208197 -0.325619 -0.121802 2
0.0334132 0.0664392 -0.227378 3
0.189457 -0.105527 -0.495614 3
-0.141483 -0.101116 -0.398522 1
-0.0326699 -0.0442166 -0.0925277 0
0.0656431 0.172247 -0.401475 3
-0.0268719 -0.125506 -0.359697 0
-0.0467669 -0.0384717 -0.109844 0
-0.0254904 -0.163391 -0.231972 1
0.0606416 -0.0771262 0.00229607 2
0.057463 -0.171207 -0.139956 1
0.109267 -0.00727104 -0.122612 2
0.0622098 0.196364 -0.0910257 3
0.232448 0.122832 -0.442923 3
0.131174 -0.0504175 -0.203423 3
0.172452 0.0496491 -0.667245 3
-0.0295205 -0.169734 -0.132065 2
0.0435244 -0.149578 -0.105696 2
-0.0312118 -0.0414169 0.0202809 0
0.12057 0.0501957 -0.691681 3
0.0700395 -0.161634 -0.0740785 2
0.0720521 0.0486471 -0.0740113 3
0.239897 0.0515374 -0.705409 3
0.0713995 -0.0953273 -0.00379867 2
0.0215349 -0.163911 -0.144861 1
0.0344939 0.0253166 0.0476308 2
0.0858972 0.0740388 0.0277548 2
0.0732337 -0.113912 -0.168694 0
0.0895964 0.0519454 -0.196517 3
0.0652828 -0.131874 -0.18713 1
0.221725 0.0516882 -0.579911 3
0.0981041 0.0721122 -0.156916 3
0.0172609 -0.158354 -0.373443 1
-0.0607216 -0.310633 -0.404326 1
0.0106524 -0.0781077 0.0985907 1
0.0327868 -0.204565 -0.181845 2
0.146407 0.0680463 0.0289108 2
-0.024198 -0.241344 -0.502929 0
0.122245 -0.212061 -0.119894 2
0.0641397 -0.249601 -0.212651 2
-0.00289386 -0.18276 -0.172829 2
-0.00743697 0.146212 -0.321783 3
0.122412 0.035403 -0.472559 3
0.193685 0.0177328 -0.43938 3
0.0148092 -0.0819335 -0.197462 0
0.152921 0.0621213 -0.554264 3
0.127474 0.0585003 -0.456493 3
0.0908346 -0.0688525 -0.142111 3
-0.0166695 -0.142331 -0.564066 0
0.113895 -0.0235094 -0.249528 1
0.0976377 -0.22081 -0.163822 2
0.00763242 -0.208067 -0.295776 1
0.102448 -0.106724 0.0385039 2
0.0096662 -0.126274 0.117629 2
0.0992439 0.0546441 -0.104481 3
0.0584634 -0.315139 -0.244504 2
0.0790911 -0.0213048 0.169992 2
0.0780928 -0.161014 -0.0301319 2
0.109692 0.0745791 -0.00278858 2
0.119492 -0.089597 -0.104073 2
0.132993 0.0647197 -0.242927 3
0.074877 0.0476017 -0.170007 3
-0.0309821 -0.0262067 -0.00349298 0
0.0612903 -0.0933447 -0.03819 2
0.150797 0.0701605 -0.55179 3
0.0702794 -0.210753 -0.307118 2
-0.0119834 -0.11111 -0.0681625 2
0.0329171 -0.128803 -0.074142 2
0.0838892 -0.0919294 0.038572 2
-0.0205433 -0.272128 -0.247922 2
0.201152 0.0996259 -0.620919 3
-0.0568889 -0.13533 -0.563025 0
0.0169918 -0.130813 0.159795 2
0.0550211 -0.0138358 -0.0670368 2
0.093403 0.0871219 -0.148695 3
0.12349 0.0599727 -0.356441 3
-0.000609076 0.0302434 0.0761302 2
-0.0469969 -0.01629 0.0504716 0
0.078426 -0.138194 -0.31841 3
-0.0788951 -0.00981149 -0.0408512 0
0.0695015 0.0721535 -0.512409 3
-0.0579106 -0.0328989 -0.20737 0
0.0883024 -0.100577 -0.117473 2
0.0180379 -0.274694 -0.222585 2
-0.0399837 -0.243364 -0.103939 2
0.161773 -0.269658 -0.217479 1
0.157505 -0.0533912 -0.24254 3
-0.0208086 0.0203432 -0.146614 0
-0.0809381 -0.165907 -0.342513 0
0.0501757 -0.0591847 -0.0358432 2
-0.0477438 -0.0919113 -0.273687 0
-0.0138748 -0.10443 -0.218814 0
-0.0724797 -0.263727 -0.48169 1
-0.103312 -0.11761 -0.0729126 0
-0.0132784 0.0219974 -0.0117697 2
-0.00887724 0.00796719 -0.3706 0
0.130925 -0.0151868 -0.138381 3
-0.208625 -0.240049 -0.390206 1
0.153548 0.0527926 -0.622657 3
0.192561 -0.0126326 -0.453496 3
0.15191 0.0460152 -0.44622 3
-0.0432463 -0.0305072 -0.00474182 0
-0.0176286 -0.334721 -0.091454 2
-0.068444 -0.253633 -0.390887 1
-0.0298441 -0.0440405 -0.0921097 0
0.0795538 0.0484273 -0.134459 3
0.0731499 -0.122076 -0.0739854 2
0.105308 0.0213613 0.0874547 2
0.0447327 -0.203237 -0.138768 2
-0.0193691 -0.255212 -0.314677 1
-0.0695505 -0.0998176 -0.319032 0
0.0489267 -0.167786 -0.120975 1
0.024813 -0.0072082 0.0455819 2
-0.103768 -0.101961 -0.130772 1
0.0239445 -0.148232 -0.361922 0
0.13608 0.0922702 -0.587875 3
0.188472 0.128346 -0.714314 3
0.153481 -0.126395 -0.0667044 2
-0.0610528 -0.104009 -0.22668 0
-0.019555 -0.106642 -0.103645 2
0.109458 0.0396346 -0.564083 3
0.0987525 0.0811462 -0.137685 3
-0.20466 -0.287106 -0.451683 1
-0.0489338 -0.113557 -0.215724 0
-0.0674645 -0.0843872 -0.209917 2
0.153942 -0.00991252 -0.135664 3
0.0035468 -0.129866 -0.118534 1
-0.0352474 -0.0312324 -0.0188097 0
0.0893199 0.0548473 0.142523 2
0.0983607 0.0856181 -0.513258 3
0.079399 -0.165234 -0.0608377 2
-0.03144 -0.144606 -0.421171 0
0.00116935 -0.117707 -0.32425 0
0.138507 -0.0590766 0.0203479 2
0.0293989 -0.172873 -0.107193 2
0.211709 -0.0117424 -0.597399 3
-0.0572453 -0.210576 -0.309856 1
0.0813949 0.0970482 0.178838 2
-0.0541381 -0.0270933 0.072049 0
0.0129072 -0.262834 -0.098129 2
0.0100605 -0.0398765 0.00188652 2
0.0927869 0.043327 0.0403674 2
-0.007976 -0.122537 -0.136746 1
0.180309 0.085128 -0.500959 3
-0.0982417 -0.217416 -0.137614 2
0.0974929 0.0527115 -0.241337 3
-0.0148289 -0.0259569 0.0150707 0
0.0689682 0.0595064 -0.222171 3
-0.022548 -0.136144 -0.488123 0
0.117045 -0.153572 -0.129357 2
-0.0976805 -0.245935 -0.355544 1
0.0608788 -0.00298793 0.154108 2
0.0346704 -0.00758665 -0.0917291 2
0.0745886 -0.122984 -0.0946034 1
0.0813892 -0.0485703 0.0383606 2
0.178706 0.0148083 0.0810896 2
0.037487 -0.235443 -0.0258754 2
0.0853505 0.0281179 0.0984111 2
-0.0784601 -0.134415 -0.102273 1
0.09779 0.0687124 -0.23317 3
-0.000246295 -0.133119 -0.357384 0
0.0807632 0.0478364 0.000339004 3
0.123329 0.0622632 -0.438325 3
-0.184565 -0.35083 -0.460485 1
0.152211 0.0461817 -0.402186 3
-0.00359217 -0.279498 -0.270356 2
0.101788 -0.119616 0.138065 2
0.0810439 -0.0458391 0.0244006 2
0.0743408 -0.187686 -0.142428 2
0.0258973 -0.229003 -0.117283 2
0.0907986 0.066692 -0.239761 3
-0.0452465 -0.0400733 -0.168597 0
-0.0574566 -0.146524 -0.576522 0
0.082318 0.101897 -0.616805 3
-0.150957 -0.399836 -0.5551 1
0.0704229 -0.0443207 -0.000930605 2
-0.0286283 -0.0729756 -0.179208 0
0.0657451 0.0155879 -0.544807 3
0.143549 0.0380381 -0.205183 3
0.00713543 -0.279818 -0.250792 2
0.080625 -0.16212 0.0367469 2
-0.0213738 -0.120919 -0.43783 0
-0.0193675 -0.101859 -0.113882 1
-0.0639311 -0.0531538 0.00248524 0
-0.0217833 -0.022467 -0.0703473 2
0.17224 -0.0481287 0.0385582 2
0.0742709 -0.0594946 0.0115174 2
0.0830503 -0.0588466 0.123619 2
0.157563 0.119676 -0.66842 3
0.0983788 0.0534582 -0.248251 3
0.0463489 -0.0752797 -0.052819 2
0.170767 0.066299 -0.646355 3
0.163484 0.0206862 -0.208566 2
-0.0367752 -0.0618954 0.00822826 0
0.0675519 -0.0695435 -0.0166793 2
0.145009 0.00704312 -0.423599 3
0.0769089 -0.09021 -0.0252269 2
0.112078 0.0546542 -0.314506 3
0.0241622 -0.282744 -0.211958 2
0.0724896 0.143647 -0.132906 3
0.214101 -0.218923 -0.130684 2
-0.00927634 -0.0478353 -0.201829 0
0.0800726 -0.0450925 -0.126436 2
0.124046 -0.0827222 -0.0596278 2
-0.00192716 -0.0778631 -0.404038 0
0.0601965 -0.113498 0.0328778 2
-0.00900122 -0.137471 -0.559974 0
-0.136931 -0.21852 -0.353834 1
-0.00664552 -0.104222 -0.0834844 2
-0.101031 -0.195002 -0.180376 1
0.0678614 -0.127928 -0.103677 2
0.0553348 -0.145718 -0.0985933 2
-0.00140193 -0.120591 -0.179778 1
0.126963 -0.0110729 0.106798 2
0.142745 0.0440236 -0.495301 3
0.0994573 -0.011852 -0.0751155 2
-0.0343938 -0.0732757 -0.309307 0
0.0667282 0.0487775 -0.0609166 3
0.00919813 -0.264159 -0.234662 2
0.0891471 0.0310368 -0.18009 3
0.0136972 -0.0842767 -0.191043 2
-0.0182684 -0.118121 -0.130568 1
0.0569466 -0.139525 -0.0872907 2
0.0875065 0.0289624 0.0284269 2
-0.0822589 -0.212245 -0.363663 1
-0.0636861 -0.0804786 -0.298323 2
0.0260819 -0.145589 -0.170647 1
0.0610453 -0.132824 -0.132337 2
0.0599459 -0.063939 -0.148259 1
0.0654206 0.116718 -0.211904 3
0.000800466 -0.120545 -0.546021 0
0.0732848 -0.0654 0.0100412 2
0.172797 0.0727508 -0.453083 3
0.0817889 -0.0843002 -0.029721 2
0.0555808 -0.0111162 0.0261249 2
0.0121067 -0.342289 -0.355464 1
0.124452 0.0858113 -0.369134 3
0.0166183 -0.119065 -0.0600523 2
-0.0791061 -0.322263 -0.376126 1
0.101017 0.00919143 -0.14164 3
-0.00958852 -0.0828118 -0.226772 0
0.104824 -0.146526 -0.104496 1
-0.0665569 -0.0166197 -0.0147857 1
0.092172 0.0387941 -0.527002 1
-0.0854105 -0.267373 -0.474236 1
0.0642873 -0.0134584 -0.0715789 2
0.145463 0.0621199 -0.464016 3
0.0152686 -0.0248027 -0.403408 0
-0.134717 -0.295861 -0.560692 1
0.0478174 -0.139671 -0.0803236 2
0.00748116 -0.279193 -0.13925 2
0.0314286 -0.100419 -0.461039 0
0.0240236 -0.163161 -0.212943 1
0.055614 0.0185776 0.138878 2
0.022358 0.00924925 -0.177719 3
0.121049 0.0758871 -0.264016 3
0.0244666 -0.0911236 -0.410216 0
0.143503 0.0402105 -0.509711 3
-0.0364254 -0.21735 -0.244363 2
-0.0485841 0.0288911 0.00121814 2
-0.116084 -0.313132 -0.320664 1
-0.0422998 -0.0111107 0.0499097 0
0.0913182 0.055476 -0.201991 3
-0.00112328 -0.124127 -0.119542 1
0.0570628 -0.0746683 -0.0527072 1
0.00578297 -0.160417 -0.251942 2
0.0359754 -0.16222 -0.202129 2
0.159507 0.0618591 -0.422466 3
0.102545 0.102102 -0.435101 3
0.0679631 -0.0281713 0.12525 2
0.124246 0.041316 -0.550958 3
0.0433687 -0.0723367 0.0741102 2
0.0305008 -0.231624 -0.15851 2
0.121107 -0.0554969 -0.0248886 2
0.0569779 -0.270874 -0.215157 2
0.144694 0.166375 -0.109222 3
0.171673 0.0658544 -0.710302 3
0.118822 0.119614 -0.678406 3
-0.0319466 -0.0540536 -0.131486 0
-0.138626 -0.332664 -0.59931 1
0.100661 0.018317 -0.237834 3
0.037516 0.134929 -0.445348 3
0.0678934 0.219738 -0.0444638 2
0.0745565 0.0643453 0.0304296 2
-0.116896 0.00690517 -0.0997935 2
0.0528512 -0.177094 -0.131407 2
-0.106205 -0.0821732 -0.336729 0
0.111574 -0.0972955 -0.0554271 2
0.143968 0.067639 -0.552351 3
-0.0661843 -0.120666 -0.442223 0
0.112486 0.0531639 -0.365263 3
0.0755668 0.0488788 -0.114443 3
0.0445153 0.0895354 -0.230006 3
0.11028 0.0651143 -0.377675 3
0.171848 0.0082948 -0.153427 3
0.0016296 -0.274916 -0.169044 2
-0.131261 -0.0444668 -0.198325 0
-0.0474744 -0.015655 -0.152294 0
0.128796 -0.242676 -0.0634228 2
0.110812 0.0143155 0.119307 2
0.173094 -0.0238878 0.0278245 2
0.184354 -0.0952271 -0.00356071 2
-0.0450164 -0.250073 -0.490447 1
-0.0289841 -0.0487735 0.0142866 0
-0.0429923 -0.0812446 -0.194439 0
0.0752121 -0.103383 0.00514384 2
0.0893627 -0.0959429 -0.16579 2
0.143048 -0.10554 0.0651832 2
-0.0895137 -0.0629603 -0.155784 0
0.0876482 0.201459 -0.191093 3
-0.0345924 -0.169482 -0.222936 1
-0.0789706 -0.0446373 -0.0457161 0
0.0544793 -0.12144 0.0557456 2
0.00450816 -0.219636 -0.266582 1
-0.081583 -0.0220139 -0.23725 0
0.0705905 0.0480586 -0.0710963 3
0.0151408 -0.211664 -0.147695 2
0.191272 0.0761428 -0.720394 3
-0.0235072 -0.128091 -0.445554 0
-0.0254404 -0.12795 -0.456231 0
0.124767 0.105664 -0.310307 3
0.0548969 -0.136694 -0.124099 2
0.0624376 -0.088606 -0.0301025 2
0.184003 0.179475 -0.46607 3
0.0997124 -0.285009 -0.292822 2
0.147614 0.0593163 -0.530341 3
0.0340636 0.0224187 -0.442467 3
-0.144651 0.0916624 -0.218186 1
-0.0221653 -0.0800904 -0.216813 0
0.0625823 0.0202903 -0.158578 3
-0.000248863 -0.0996912 -0.0974774 1
0.0600669 -0.103069 -0.060705 1
-0.0142778 -0.123599 -0.0671187 1
0.0265187 0.0280533 -0.0470473 2
0.154642 -0.0561481 -0.0477624 2
0.0200101 -0.135547 -0.402656 0
-0.0340323 -0.109766 -0.326789 0
0.0443633 -0.0289418 -0.0725597 0
0.0128905 -0.410413 0.0762631 2
0.0107676 -0.230619 -0.199512 2
-0.0843209 -0.0314573 -0.122523 2
-0.0116934 -0.038128 -0.321738 0
-0.0700992 -0.0147241 0.00743959 0
0.0323411 -0.0838354 0.0580875 2
0.0536835 -0.299591 -0.04014 2
-0.132647 -0.062893 -0.105365 1
-0.0466561 -0.207894 -0.384016 1
-0.100119 -0.0672941 -0.0910708 0
0.113075 0.0101273 0.0439212 2
-0.0204206 -0.00431906 -0.0283345 0
0.131276 -0.150387 -0.297288 2
-0.0463707 -0.0463558 -0.131941 0
0.0184862 0.0920473 -0.214119 3
0.10385 -0.036002 -0.566666 3
-0.0262877 -0.0812984 -0.132509 0
0.199255 0.108798 -0.620427 3
0.127924 0.024603 -0.226958 3
-0.062397 0.0771278 0.0663675 2
0.222533 0.0493289 -0.577872 3
-0.100538 -0.0899807 -0.130464 1
0.145323 0.038317 0.0758308 2
-0.0365318 -0.199346 -0.313437 1
0.0702452 -0.0446393 -0.00622913 2
0.117881 0.16662 -0.326937 3
-0.0289818 -0.0443626 -0.0839872 0
0.0949121 0.0317195 -0.281595 3
0.110895 -0.0776073 -0.149968 1
0.0373052 -0.225541 -0.153816 2
0.061661 -0.198688 -0.141481 2
0.0808973 0.0553168 -0.31183 3
0.0126866 -0.200804 -0.150151 1
0.00032965 -0.188357 -0.120064 2
-0.0252066 -0.13923 -0.497252 0
0.0035204 -0.0886046 -0.030285 2
0.0584647 -0.092214 -0.045605 2
0.116931 -0.062768 -0.136834 2
-0.0449408 -0.104523 0.0638753 0
0.149994 0.0760418 -0.447212 3
-0.0384265 -0.0166774 -0.178242 0
0.0140564 -0.036146 -0.139507 2
0.0302028 -0.069127 -0.0619651 1
-0.0642089 -0.129174 -0.284314 1
0.0484848 -0.114725 -0.112858 2
0.0179897 0.037875 0.0305776 3
0.0484664 0.0163271 -0.317013 1
0.0404609 -0.258958 -0.299131 1
0.258626 0.0201427 -0.144207 2
-7.20188e-05 -0.140542 -0.165828 1
0.0899167 0.0516155 -0.207569 3
0.16721 0.0519505 -0.492885 3
0.167836 0.0283104 -0.531749 3
0.131911 -0.0149575 0.0616652 2
-0.00261245 -0.267275 -0.502712 1
-0.140754 -0.26885 -0.143528 1
-0.0159148 -0.0719488 -0.382608 3
0.0369498 -0.183418 -0.11351 1
0.0356461 -0.179349 -0.134296 2
-0.0791854 -0.0360042 -0.0687903 0
-0.105473 -0.257663 -0.527081 1
-0.00847552 -0.202642 -0.406039 0
0.0400797 -0.178278 -0.158836 1
0.0600621 0.0484136 -0.0330114 3
0.066485 0.0405888 -0.0671634 3
-0.041278 -0.0297344 0.00231104 0
0.142839 0.0201613 -0.499426 3
0.0268912 -0.306737 -0.392751 1
0.147555 0.0467998 -0.418942 3
0.240031 -0.0173572 -0.00280043 2
0.0628796 -0.161298 -0.100698 2
-0.147328 -0.184955 0.041914 2
-0.080606 -0.254886 -0.43306 1
0.0750474 0.0304938 -0.277945 3
0.1506 0.033134 -0.486954 3
-0.0222518 -0.283336 -0.206515 2
-0.0559574 -0.10735 -0.0682328 1
0.151752 0.0625942 -0.572529 3
0.0210615 -0.218337 -0.191372 2
0.0455208 -0.147453 -0.0818103 2
0.119061 0.0481593 -0.223208 3
0.100129 0.0236339 -0.258546 3
0.0171104 -0.350122 -0.161074 2
0.0361152 0.000613933 -0.112688 3
-0.0513981 -0.267645 -0.278473 2
0.198324 0.0233516 -0.668409 3
-0.130649 -0.205023 -0.389751 1
0.140771 0.0693777 -0.130187 3
0.206696 -0.0370317 -0.257547 3
-0.0807919 -0.0559619 -0.411089 0
0.0947742 -0.319213 -0.535006 1
0.00504372 -0.0246047 0.0269718 1
0.0560953 -0.095841 0.0934712 2
0.060457 -0.135407 -0.0653627 2
-0.0381516 -0.128288 -0.363954 1
0.0952567 0.119287 -0.372992 3
0.148305 0.0777964 -0.413232 3
0.0594556 -0.218795 -0.225126 2
-0.0792071 -0.18794 -0.200131 2
0.115495 0.0650587 -0.195478 3
0.0271016 -0.0679917 0.0312085 2
0.088686 0.0747575 -0.393797 3
0.151814 -0.0906705 -0.0505578 2
0.208283 -0.0727786 -0.319993 3
-0.0308754 0.0127403 0.0586241 0
0.117632 -0.122033 -0.112879 2
0.118356 0.0564084 -0.351742 3
-0.375263 -0.199055 -0.427717 1
0.10808 -0.0309335 0.00875065 2
0.0127972 -0.292084 -0.254472 2
-0.0593839 -0.11076 -0.512048 0
-0.011104 -0.0887846 -0.173914 2
0.15159 0.0741172 -0.617935 3
-0.051248 -0.273865 -0.446896 1
0.081932 -0.195193 -0.105732 1
0.109851 -0.00469688 -0.10807 3
0.127878 0.000234514 -0.140957 3
-0.0085106 -0.306123 -0.103334 2
-0.170674 -0.29121 -0.476974 1
-0.00228232 -0.0938309 -0.259924 0
0.0721011 -0.107056 -0.00333292 2
-0.0145212 -0.188737 -0.206029 2
0.0782041 -0.0388417 0.0271868 2
-0.0323609 -0.207996 -0.00103224 1
0.0249444 -0.230546 -0.162449 2
-0.000994707 -0.316588 -0.0441953 1
-0.0695767 -0.233552 -0.376033 1
0.0417847 -0.00310017 0.0777047 2
-0.0186596 -0.0425641 -0.443962 0
-0.00220806 -0.0684709 -0.128813 1
0.0631708 -0.108745 -0.040996 2
0.125251 0.0584625 -0.384852 3
0.0893263 0.0286462 -0.220271 3
-0.0851493 -0.0736571 -0.374214 1
0.0302475 0.0159535 -0.239009 0
-0.0381536 -0.0859144 -0.154559 2
0.14004 -0.0138762 -0.591843 3
-0.173944 -0.3243 -0.542626 1
0.0185093 -0.243739 -0.222546 2
-0.00127753 -0.138852 -0.331389 1
0.0968558 -0.276651 -0.265336 2
0.00791122 -0.0948325 -0.160102 0
-0.0162268 -0.0145189 0.0145777 0
-0.046931 -0.195008 -0.288251 1
0.0148841 -0.235102 -0.179143 2
0.0799094 -0.133088 -0.0708709 2
-0.030318 -0.0955699 -0.447561 0
-0.0400578 -0.0288529 -0.0533597 0
0.1322 0.0477393 -0.657024 3
-0.0240338 0.0531863 0.143558 2
-0.0138673 -0.178098 -0.486837 0
0.0395974 0.028697 -0.154218 3
0.100328 0.0431188 -0.339294 3
0.121659 0.0572492 -0.377375 3
0.129536 0.0609541 -0.385537 3
0.276993 0.117426 -0.562286 3
0.0312227 -0.174881 -0.10595 2
-0.0419085 -0.231542 -0.428683 1
-0.07877 -0.004073 -0.220433 0
0.226171 0.106812 -0.472411 3
0.059592 -0.0962354 -0.0479969 2
0.14722 0.03477 -0.67653 3
0.0773103 -0.337395 -0.106502 2
0.0862565 0.119493 -0.306017 3
0.187433 0.00624284 -0.272932 3
0.10368 0.0700154 -0.696973 3
-0.045644 -0.139755 -0.489216 0
-0.0614463 -0.110868 -0.149883 1
-0.0354847 -0.0427422 0.0297445 0
0.0916725 -0.207651 -0.012798 2
0.0110842 0.0428901 -0.451684 3
0.0667903 0.0926111 -0.275024 3
0.101991 0.052644 -0.284017 3
-0.0613632 -0.189418 -0.283116 1
0.131636 0.0271734 -0.516453 3
-0.0477465 -0.0646385 -0.154294 0
-0.0455525 -0.149692 -0.214433 1
0.0369935 -0.072131 -0.0185286 2
0.103351 -0.121331 -0.0478329 2
-0.0103334 -0.0781714 -0.0681162 0
0.0533226 -0.050849 0.0240973 2
0.0139445 -0.132833 -0.506543 0
0.174136 0.0851347 -0.658176 3
0.116192 -0.32753 -0.236333 2
-0.063523 -0.198272 -0.132302 2
0.0997039 -0.0081044 0.0657122 2
0.0955577 -0.0826529 -0.0769819 2
0.215529 0.12671 -0.513541 3
-0.0766146 -0.0609089 -0.175581 0
0.020581 -0.107235 -0.04285 2
-0.0121591 -0.147822 -0.450133 0
0.0651787 0.0521888 -0.267087 3
-0.0533568 0.0166551 -0.1684 0
-0.159879 -0.183571 -0.354124 1
-0.0244409 -0.150027 -0.437925 0
0.0862037 0.0148269 0.0680932 2
0.0634172 -0.0727308 -0.030332 2
0.039076 -0.000479686 -0.317879 3
0.095405 0.0354277 -0.220714 3
0.0469308 -0.14357 -0.0907393 2
-0.0304851 -0.191523 -0.264937 1
-0.0414926 -0.00826496 0.0473689 0
-0.168414 -0.220756 -0.444229 1
-0.0505922 -0.314559 -0.346637 1
0.00248755 -0.103434 -0.181029 0
-0.00905787 -0.0336259 -0.0828301 0
0.100585 0.0297125 -0.386442 3
-0.0300606 -0.162844 -0.0740241 2
-0.0231775 -0.128959 -0.117906 2
0.161876 0.0892634 -0.33946 3
0.0689979 -0.172028 -0.134189 2
0.0537493 0.0380801 -0.262896 3
-0.0169787 -0.100207 -0.209955 0
0.0163816 -0.0135318 -0.466531 0
-0.0516664 -0.266423 -0.447527 1
0.16861 0.0476123 -0.227341 3
0.164491 0.0883153 -0.356719 3
0.0947845 0.0554313 -0.392406 3
0.185934 0.0391264 -0.656126 3
-0.0275831 -0.0829947 -0.1432 0
-0.0209816 -0.253061 -0.16092 1
0.0388847 -0.053755 -0.0936843 0
-0.0452546 -0.328331 -0.194665 2
-0.146191 -0.134043 -0.174143 1
0.133395 0.13187 -0.45917 3
0.0384837 -0.170546 -0.154574 2
0.213514 0.0851686 -0.697662 3
0.2876 0.176107 -0.217983 3
0.00427663 -0.154771 -0.526457 0
0.103999 -0.0852101 -0.0539272 2
-0.0184249 -0.0670672 -0.0681162 1
0.0473147 -0.0723878 0.109461 2
0.0463493 -0.0687468 -0.0630539 2
0.00863556 -0.172388 -0.206796 2
0.0315728 0.0653639 0.0167897 2
0.189683 -0.0407262 0.00106899 2
-0.0192251 -0.151791 -0.563572 0
-0.00747632 -0.12217 -0.163271 1
0.0285193 -0.177074 -0.14881 2
0.126385 -0.0498142 -0.00378984 2
0.0750826 -0.0945054 -0.0777188 2
0.0820938 0.0492575 -0.31528 3
0.0955893 -0.298347 -0.0961513 2
0.0641158 -0.132507 -0.0440602 1
-0.000201745 -0.127416 -0.128498 1
0.151691 0.0811074 -0.0989435 3
0.165025 0.0397854 0.124715 2
0.168786 0.0383579 -0.545897 3
0.0983212 0.0195968 0.140868 2
0.0331935 -0.292165 -0.3436 1
0.155723 0.118735 -0.229484 3
-0.0340666 -0.145008 -0.525152 0
0.0830154 -0.00685684 -0.0768853 2
-0.00222011 -0.0923979 -0.0733122 1
0.0873637 0.093437 -0.296639 3
-0.0230291 -0.114983 -0.34983 0
0.073668 0.0485116 -0.104867 3
0.0496723 -0.052193 -0.00901656 2
-0.0532504 -0.0733431 -0.12419 0
-0.0154424 -0.0190192 -0.109469 0
-0.0317154 -0.0474975 -0.21632 0
0.116711 -0.299763 -0.215855 2
0.0519768 -0.105465 -0.0733185 2
-0.038992 -0.076002 -0.102612 2
-0.0446629 -0.0543176 -0.230644 0
0.0176463 -0.350508 -0.477819 1
0.0505715 0.0680573 -0.0789494 3
-0.00201917 -0.128819 -0.122894 1
-0.0142666 -0.116179 -0.458432 0
0.0608971 0.0549155 -0.0371795 3
-0.0273123 -0.330583 -0.559516 1
-0.0442629 -0.146303 -0.408465 0
0.0214749 -0.192552 -0.1314 2
0.0747007 -0.0634959 0.00384473 2
-0.00731439 -0.0943559 -0.244277 0
0.0261948 -0.246392 -0.227073 2
0.0766581 -0.0763867 -0.0464443 2
0.118038 0.0597951 -0.300067 3
-0.000627558 -0.112611 -0.12147 1
0.191863 0.0892364 -0.477436 3
0.11562 0.0624883 -0.294004 3
-0.00326833 -0.159291 -0.16464 1
0.0550694 -0.286556 -0.215702 2
0.237694 -0.0309783 -0.0525475 2
-0.0457575 -0.146956 -0.391437 0
-0.0287151 -0.047088 -0.127124 0
0.0697025 -0.132617 -0.142605 2
-0.0291141 -0.0254789 -0.0826579 0
0.0933479 -0.0256206 -0.136143 2
0.0919162 -0.113751 -0.231516 2
0.0364849 -0.0866473 -0.0155401 2
-0.0142959 -0.066607 -0.0909864 0
0.0631417 0.0450778 -0.0562767 3
0.0858327 -0.00884164 0.0616367 2
0.190785 0.164513 -0.203325 3
-0.0297289 -0.0676616 -0.151943 0
0.035947 -0.148168 0.00864997 2
-0.0881204 -0.146649 -0.523389 0
0.050484 -0.0764421 -0.00911945 2
0.0540923 -0.0741797 -0.173041 2
0.00917058 -0.180387 -0.217797 2
0.100788 0.00875402 0.0743778 2
0.0667975 -0.0859076 -0.00593044 2
0.113163 0.0618502 -0.167466 2
-0.0173962 -0.108028 -0.376431 0
-0.100274 -0.201212 -0.243057 1
0.0764358 -0.0391485 0.0117694 2
0.03145 -0.114045 -0.360955 0
0.0236922 -0.0245894 -0.0223928 2
0.15224 0.0605802 -0.573741 3
-0.0934118 -0.238995 -0.377078 1
0.0691357 -0.131465 -0.0541754 2
-0.0155818 -0.0355254 -0.287309 0
-0.0702383 0.0163475 0.219654 2
-0.0447805 -0.0271826 0.00863947 0
-0.0225393 -0.315608 -0.326122 2
0.127822 0.0482093 -0.459351 3
0.0157719 -0.0828181 -0.0432003 2
0.0327538 -0.226055 -0.169187 2
-0.0806696 -0.0592733 -0.107982 0
0.114686 -0.0315121 0.180078 2
0.112265 -0.137824 -0.0302154 2
0.0190512 -0.187378 -0.176292 1
0.232765 -0.0310005 0.263416 2
-0.103097 -0.211393 -0.435415 1
-0.0341491 -0.00957625 0.0556574 0
0.00351143 -0.105298 -0.101939 0
0.0189503 -0.235466 -0.166707 2
0.0200973 -0.222977 -0.231071 1
-0.100028 -0.298538 -0.574276 1
0.112413 0.0603005 -0.377707 3
-0.0950553 -0.209699 -0.16268 1
-0.0333299 -0.0658882 -0.242575 0
-0.0138994 -0.131168 -0.46851 0
0.151564 0.0413932 -0.551178 3
-0.0425642 -0.0396669 -0.0962043 0
-0.0418992 -0.116975 -0.0771411 1
-0.135435 -0.0996671 -0.369077 1
-0.0660087 -0.197439 -0.528568 1
-0.0793285 -0.144953 -0.295989 1
0.0238662 -0.229555 -0.190195 2
-0.00619427 -0.383203 -0.207012 2
-0.00173194 -0.26709 -0.172767 2
0.0354487 -0.255228 -0.248856 1
-0.00694566 -0.108763 -0.377712 0
0.113726 -0.0340617 0.186527 2
-0.0334113 -0.00841802 -0.139939 0
0.0680031 -0.132324 -0.0604585 2
-0.0364087 -0.147179 -0.411526 0
0.154595 0.0411158 0.150495 2
0.0857063 -0.0142604 0.0583573 2
0.0451457 -0.0674598 -0.223509 0
-0.0475411 -0.0795389 -0.16407 0
0.191704 0.0922373 -0.538501 3
-0.0736525 -0.197367 -0.0741279 1
0.0946499 0.0524955 -0.224926 3
-0.0799261 -0.266364 -0.461425 1
0.0881662 -0.189731 -0.149981 2
0.0786737 0.0102001 0.0872389 2
0.045359 -0.193971 -0.14109 2
0.119495 0.0567099 -0.418769 3
0.183008 0.0679205 -0.159003 3
0.165728 -0.0233778 -0.582969 3
0.210297 0.0673632 -0.361003 3
