0.0819585 0.077924 0.0592417 3
-0.0731569 0.114143 0.169514 2
0.276551 0.175074 0.274069 3
-0.283774 0.0383975 0.343742 2
-0.45156 0.0351086 0.78413 2
-0.12684 0.0281266 -0.222629 0
0.447386 0.169319 0.33496 3
0.22699 0.0744234 0.158679 3
0.448239 0.235347 0.491859 3
-0.0757853 -0.0341626 0.0004611 0
0.0893446 0.0574183 -0.00726547 3
-0.144641 0.0209143 0.138141 2
0.0648796 0.0473525 0.0231155 3
-0.352794 0.0505941 0.618287 2
0.226834 -0.00489119 -0.0705356 1
-0.478852 0.0333958 0.718982 2
0.317104 0.203231 0.415322 3
0.488329 -0.147054 -0.0663082 1
0.701062 0.127272 -0.0652278 1
-0.221536 -0.0840892 -0.22343 0
-0.0808521 -0.0787393 -0.0819277 0
-0.576435 0.0635394 0.918922 2
-0.106924 -0.038838 -0.0768879 0
0.907064 -0.00466931 -0.418563 1
0.326708 -0.0470278 -0.125333 1
-0.103491 -0.0219384 -0.0681879 0
-0.0215027 0.0579157 -0.0030561 3
-0.0742517 0.0635122 0.175036 2
0.882459 -0.0953504 -0.383329 1
-0.390255 -0.0718355 -0.407695 0
-0.00411703 -0.0222642 0.0473103 3
0.257659 0.12392 0.238065 3
-0.118879 -0.028197 -0.0891152 0
0.752432 -0.190633 -0.238501 1
-0.165636 -0.0392854 -0.168838 0
-0.193442 -0.0255225 -0.209891 0
0.335942 0.0461446 -0.0146171 1
-0.143016 -0.0882115 -0.118764 0
0.139112 0.0371121 0.250197 3
-0.162097 -0.0523646 -0.225152 0
0.728982 -0.0809303 -0.256397 1
-0.161165 0.128657 0.425749 2
-0.541744 0.0547873 0.937896 2
1.10382 -0.140636 -0.404468 1
-0.300155 0.132884 0.54559 2
-0.509158 -0.206477 0.915834 2
1.13042 -0.165952 -0.442952 1
-0.14548 0.0764813 0.331273 2
-0.0270448 0.0604419 0.14815 2
0.108193 0.116933 0.145517 3
0.269424 0.0487803 0.359968 3
0.171262 0.225577 -0.0104867 3
0.0979664 0.0104856 -0.01248 1
0.0544278 0.067131 -0.0623895 3
-0.117071 -0.038591 -0.0950053 0
0.303922 0.159106 0.285461 3
-0.195119 -0.0581046 -0.33831 0
-0.165536 0.00108751 -0.206498 0
-0.22547 -0.0122257 -0.335306 0
-0.560142 0.0233187 0.952181 2
-0.326634 -0.0405291 -0.407855 0
-0.612965 0.0344221 1.09497 2
-0.130582 0.0794647 0.257255 2
0.298025 0.140083 0.257843 3
-0.31325 -0.0213502 -0.371078 0
0.69939 -0.054405 -0.288784 1
-0.51285 0.131239 0.927572 2
1.36378 -0.200786 -0.584194 1
0.841453 -0.127519 -0.528845 1
-0.271701 -0.058152 -0.259275 0
0.468963 0.161759 0.441945 3
-0.226238 0.0577607 0.432018 2
0.32863 0.0587915 0.271536 3
-0.248125 0.0290846 0.638591 2
0.427351 0.177862 0.408979 3
0.470094 -0.0662922 -0.272955 1
-0.0248552 0.0987293 0.0726735 2
0.34239 0.0107284 -0.197372 1
0.466493 0.233033 0.457026 3
0.292912 0.301022 0.285638 3
-0.39635 0.079726 0.654449 2
-0.564972 0.0489755 0.946427 2
-0.160635 0.129293 0.0403507 2
-0.0471843 0.0809661 0.122355 2
-0.244626 -0.0430798 -0.327588 0
-0.158248 -0.00699182 -0.331918 0
1.34047 -0.110683 -0.581726 1
0.770344 -0.0944959 -0.321579 1
-0.428398 -0.0323451 -0.507546 0
0.185379 0.191909 0.169341 3
-0.303421 0.0871403 0.495458 2
-0.267833 -0.0187335 -0.341335 0
0.0128618 0.0533995 0.00547157 3
-0.348496 0.0490044 0.547675 2
-0.419169 -0.0193814 -0.505863 0
-0.082906 0.121383 0.199577 2
0.19484 0.10511 0.207492 3
0.134725 0.0770247 0.0629238 3
0.312126 0.249663 0.214393 3
0.241928 0.13325 0.266413 3
-0.653426 0.0482086 0.922211 2
-0.0854151 -0.0597053 -0.0911757 0
0.940638 -0.203764 -0.370203 1
-0.672894 0.0361003 1.03442 2
-0.265968 -0.0404506 -0.287322 0
-0.0917963 -0.0179889 -0.0870607 0
-0.243582 -0.0399562 -0.248687 0
0.364628 0.150248 0.372134 3
0.374113 0.116254 0.460501 3
-0.350836 -0.00166324 0.261278 2
0.0761232 0.022416 0.0192234 3
-0.249737 0.0614063 0.421235 2
-0.0558465 -0.0430901 -0.00648785 0
0.762847 0.178077 -0.18683 1
0.310919 0.214526 0.185358 3
0.10604 -0.0413934 0.178768 3
-0.27724 -0.0218003 -0.300175 0
-0.25658 0.0734817 0.37442 2
0.285515 0.0636931 0.297337 3
-0.522626 0.0384006 0.83299 2
0.0860573 0.048082 0.0275577 3
0.339596 0.143838 0.318073 3
-0.290339 -0.0508196 -0.324213 0
-0.619417 -0.0687301 1.05592 2
-0.0885168 0.0820445 0.218627 2
-0.605375 -0.0225422 1.0848 2
-0.0808399 -0.0371965 -0.0443751 0
-0.0556049 0.0967058 0.156478 2
0.0145735 0.087376 0.082984 3
1.03478 -0.24724 -0.403603 1
-0.31016 0.0451193 0.559719 2
-0.023742 -0.0172287 0.0242759 0
-0.181819 -0.0144067 -0.161082 0
-0.360417 -0.0221265 -0.42758 0
0.167569 0.0995955 0.162131 3
0.394816 0.162577 0.380346 3
0.519312 0.0690286 -0.420075 1
0.333627 0.251593 0.426126 3
-0.0289742 -0.0322956 -0.0160701 0
-0.0376194 -0.0483487 0.0309219 0
0.435636 0.21934 0.456753 3
0.367512 0.162953 0.379267 3
0.602339 -0.187019 -0.289602 1
0.42768 0.0947178 0.244401 3
0.371152 0.14181 0.416408 3
0.0362851 0.020363 0.0236 3
-0.419477 0.0707409 0.711881 2
0.0548698 0.0733879 0.0560811 3
-0.427922 0.0389133 0.501902 2
0.846519 0.0580215 -0.288999 1
-0.397437 0.0512479 0.770002 2
0.0575122 0.0066338 0.0218542 1
0.328852 -0.011114 -0.115225 1
-0.599581 0.00712345 1.03276 2
0.0979611 0.0489081 0.0872753 3
-0.106252 -0.0535716 -0.103227 0
0.526916 -0.076162 -0.228498 1
-0.135417 -0.0623583 -0.15992 0
0.358386 0.180884 0.316027 3
-0.18955 0.0248606 0.50496 2
-0.29397 0.081383 0.614157 2
0.149791 0.0895065 0.150017 3
-0.281304 0.0136093 0.509212 2
0.116968 -0.0291709 -0.00548449 3
-0.134 -0.0219782 -0.0817888 0
-0.127535 0.0771522 0.298319 2
-0.34702 -0.0296232 -0.389451 0
-0.321569 0.224085 0.704842 2
0.79859 -0.143209 -0.172784 1
0.487508 -0.0200684 -0.185476 1
-0.460559 0.0148668 0.776172 2
0.00919516 0.10832 0.064783 3
-0.387145 -0.0299852 -0.483043 0
0.0833918 0.137674 0.050254 3
-0.549548 0.068193 0.993738 2
0.172372 0.0807006 0.0155592 1
0.0746463 0.0932793 0.0600769 3
0.115939 0.0996354 0.115515 3
-0.0896306 0.0815219 0.1368 2
-0.379482 -0.0392546 -0.512442 0
-0.519681 0.0246239 0.894889 2
-0.593438 -0.00136093 1.06006 2
1.05906 -0.232906 -0.456718 1
-0.124736 -0.0729527 -0.113172 0
0.0276725 0.0481879 0.0846102 3
0.251204 0.0664099 -0.309698 1
-0.248468 0.0632877 0.45208 2
-0.298427 -0.00452488 -0.401251 0
0.121887 0.102088 0.133393 3
0.810905 -0.046059 -0.339048 1
0.374243 0.197038 0.409418 3
-0.653227 0.00126586 1.12496 2
0.31026 0.143036 -0.0882628 1
0.153446 0.183959 0.139632 3
-0.679413 0.172358 0.787176 2
-0.299848 -0.0296923 -0.346142 0
0.320495 0.151432 0.303856 3
-0.0418408 -0.0391792 0.0152474 0
-0.181261 -0.0289283 -0.149735 0
-0.467634 -0.0753551 0.691828 2
0.372036 0.189428 0.280079 3
0.219288 0.106361 0.187523 3
-0.510308 0.0284935 0.834704 2
1.09254 -0.0495424 -0.463686 1
-0.464355 0.219576 0.799305 2
-0.0577773 -0.0552591 -0.0288788 0
1.08951 0.0107237 -0.435227 1
-0.243037 0.0997763 0.340649 2
0.175873 0.0765769 0.209327 3
0.422797 0.191025 0.351106 3
0.285907 0.0565193 0.111699 3
0.438058 0.194817 0.424772 3
-0.153256 0.0600557 0.173662 2
-0.116727 0.0484034 0.0791687 2
0.966553 -0.0828915 -0.285415 1
-0.463375 0.000737572 0.806912 2
0.413685 0.149983 0.35641 3
-0.151316 0.115592 0.464239 2
-0.411057 0.104195 0.658278 2
0.0904835 0.0732138 0.22896 2
-0.457821 0.11735 0.74925 2
-0.60915 0.00437577 1.10208 2
-0.0415338 -0.0411067 0.013168 0
-0.392346 -0.0326831 -0.502963 0
0.176668 0.106943 0.172724 3
-0.237757 0.0412139 0.435573 2
-0.177413 -0.0485211 -0.148084 0
-0.088343 -0.0380028 -0.0599091 0
0.242434 0.0874454 0.43015 3
0.046331 0.0629061 0.069562 3
-0.152056 0.0808484 0.202461 2
-0.646144 0.0493868 1.13722 2
0.306933 0.0112453 -0.137508 1
0.455398 0.149354 0.369918 3
-0.326438 -0.00885777 -0.320747 0
-0.184449 0.0924364 0.357076 2
-0.31879 0.0902211 0.486591 2
-0.403653 0.060428 0.745125 2
-0.35751 -0.0271415 0.543223 2
1.26245 -0.122152 -0.574094 1
0.529957 0.0916254 0.0876464 1
-0.260959 -0.0276443 -0.289747 0
1.16834 -0.0914517 -0.413053 1
-0.480814 -0.160623 0.73193 2
-0.303764 -0.0421159 -0.39496 0
-0.4596 0.0293891 0.769882 2
0.459315 0.178981 0.441246 3
-0.231831 0.182066 0.454307 2
0.282378 0.126944 0.249516 3
-0.0684698 0.101803 0.21452 2
1.25643 -0.0600264 -0.621811 1
0.233009 0.153075 0.239724 3
-0.208923 0.0941399 0.406808 2
0.523827 0.0666963 -0.0621795 1
-0.0194445 0.0612079 0.230692 2
1.07556 -0.121127 -0.361222 1
0.462029 0.162608 0.414396 3
0.242037 0.310284 0.34448 3
-0.204423 0.0777158 0.373395 2
0.201606 0.157323 0.237959 3
-0.268293 -0.0918594 -0.25025 0
-0.351372 -0.0353211 -0.265797 0
0.0111428 0.0741239 -0.0123516 3
0.0305576 0.047153 0.0762932 3
0.424359 -0.158711 -0.0139131 1
-0.630935 -0.00787792 0.993458 2
-0.169261 -0.0700683 -0.120512 0
0.326882 -0.0913648 -0.24769 1
-0.263972 0.0620845 0.518497 2
-0.337833 0.0867279 0.853812 2
-0.388827 -0.0268668 -0.428766 0
-0.362083 -0.0519154 -0.415676 0
-0.640205 0.0144343 1.04883 2
-0.381432 -0.0408584 0.777669 2
0.793989 -0.157306 -0.452638 1
0.181964 0.140019 0.139263 3
0.310598 0.0643082 0.201796 3
-0.493592 0.0450613 0.864559 2
-0.592407 -0.0315773 0.962515 2
-0.0480482 0.134179 0.0816967 3
-0.369712 0.102619 0.69131 2
0.314167 0.0277996 -0.134988 1
-0.217874 0.0725755 0.380656 2
0.295094 0.123982 0.214156 3
0.0621438 0.0690428 0.0629219 3
0.2036 0.111278 0.192623 3
-0.225839 -0.0317523 -0.184833 0
-0.0331496 0.0834403 0.134961 2
0.485911 0.194269 0.468694 3
0.963817 -0.0472549 -0.417193 1
0.297041 0.146589 0.274794 3
-0.0894853 0.0161032 0.208594 2
0.162229 0.0612655 0.276445 3
0.0974064 0.062406 -0.0294723 3
0.186449 0.119571 0.137789 3
-0.307869 -0.0664329 -0.310762 0
0.280169 0.120102 0.327147 3
-0.211092 0.0435134 0.368703 2
-0.0731787 -0.0270792 -0.0112753 0
0.548184 -0.0410197 -0.210929 1
0.183284 -0.0975266 -0.118874 1
0.025363 0.100105 0.0840967 3
-0.27845 -0.0726541 -0.40561 0
-0.332438 0.0697402 0.556249 2
-0.383543 0.0599407 0.902101 2
0.354592 0.155923 0.372076 3
-0.262328 -0.0317897 -0.292858 0
0.148461 0.0879324 0.17837 3
-0.393036 -0.0196924 -0.485894 0
0.160206 -0.0366716 -0.0527014 1
0.0145455 0.0163871 0.0243885 1
-0.404054 -0.0228299 -0.477691 0
0.263948 0.147295 0.266088 3
0.493629 0.18792 0.364281 3
0.207788 0.082058 0.304946 3
0.353031 0.14071 0.349318 3
-0.479498 0.0637715 0.927679 2
-0.4023 -0.0304671 -0.501258 0
-0.24988 0.20572 0.311222 2
-0.115694 -0.0215425 -0.0781894 0
0.868559 -0.129314 -0.532077 1
0.185082 0.0729085 0.157138 3
0.480332 0.15701 0.381371 3
0.151285 0.158161 0.238359 3
0.415994 0.1051 0.440701 3
-0.405622 0.0943897 0.526779 2
-0.0619746 0.0539488 -0.0543619 0
-0.575539 0.0441171 1.037 2
-0.116252 -0.0574375 -0.0382197 0
0.424287 -0.0938299 -0.0426102 1
-0.222328 0.218215 0.487847 2
-0.180355 -0.0212741 -0.136304 0
-0.0626781 0.100359 0.0966597 3
-0.293764 -0.126178 -0.334375 0
-0.161568 -0.0224946 -0.146548 0
-0.539519 -0.00617551 0.952801 2
-0.0263263 0.118379 0.0506311 2
0.792873 -0.120819 -0.398343 1
-0.485246 0.189984 0.603146 2
-0.319552 -0.0367552 -0.252856 0
-0.0052452 0.0726772 0.000922565 3
-0.44584 0.0833892 0.771498 2
0.464211 -0.0463263 -0.22826 1
-0.226756 -0.0345913 -0.210986 0
0.977325 -0.118526 -0.432084 1
0.0748976 0.0965804 0.0807762 3
0.00910403 0.190338 0.144663 3
0.403796 0.0944739 -0.0932186 1
0.196892 0.159412 0.305249 3
0.76117 -0.0944809 -0.23784 1
-0.259579 0.061991 0.466612 2
1.22998 -0.0891981 -0.426035 1
1.06047 -0.0323344 -0.622237 1
-0.453951 0.00590174 0.735442 2
0.452136 0.150622 0.341675 3
-0.53116 -0.055291 0.711985 2
-0.280749 0.0159197 -0.313029 0
0.217497 0.0725592 0.204854 3
-0.327868 0.0442512 0.545887 2
0.0265617 0.0653702 0.113099 2
0.242964 0.0863701 0.153297 3
0.211891 -0.0552602 -0.0547315 1
-0.529964 0.0206558 0.89469 2
-0.342025 0.0442095 -0.255784 0
-0.0950689 -0.0414664 -0.0683714 0
-0.461443 0.0480238 0.737547 2
0.114107 0.0818963 0.134535 3
0.0409159 0.0666234 0.0921437 3
0.279823 0.041013 0.273222 3
-0.194512 0.0623328 0.478699 2
-0.280609 -0.0309743 -0.299561 0
-0.106132 0.0753928 0.073502 2
0.361356 -0.0186246 -0.129111 1
-0.43465 0.036929 0.751364 2
-0.340762 -0.0119695 0.917273 2
-0.438018 -0.0224221 -0.527387 0
-0.03545 0.0505253 0.000265718 2
-0.217642 0.0947742 0.507011 2
-0.487119 0.100069 0.848733 2
-0.281406 0.054548 0.466163 2
0.635932 -0.0366207 -0.261361 1
-0.106845 -0.0676046 -0.180166 0
-0.30528 -0.113828 -0.261125 0
0.53445 -0.13279 -0.177513 1
-0.218177 -0.0273019 -0.279066 0
-0.251095 0.0598371 0.472307 2
0.291049 0.102258 0.288664 3
-0.094392 -0.0384717 -0.0599068 0
0.138137 0.0550312 0.177666 3
-0.361109 0.0467217 0.723845 2
-0.382992 0.0101628 -0.468745 0
0.191683 -0.00761909 -0.0569756 1
0.44323 -0.0750783 -0.215128 1
-0.241723 -0.000269753 0.402819 2
-0.220057 -0.019934 -0.261745 0
-0.491342 0.0334739 0.828262 2
0.312095 0.017731 -0.27072 1
1.06468 -0.0757358 -0.318918 1
-0.174717 -0.0895666 -0.233309 0
0.963891 0.0533622 -0.393386 1
0.268005 0.204204 0.136514 3
-0.669667 -0.0187481 1.10326 2
-0.633049 -0.0185705 0.989791 2
0.159382 0.101857 0.209729 3
-0.0668868 -0.0269055 -0.0376324 0
0.308977 0.0091974 -0.105584 1
0.0166142 0.0103014 -0.00699744 1
-0.235159 -0.0111264 0.38162 2
0.0849328 0.0542857 0.0518063 3
-0.0797374 0.166367 0.365392 2
0.386064 -0.000438286 -0.0634275 1
0.738398 -0.0500531 -0.297698 1
0.0760133 -0.0258088 0.284068 3
0.290929 0.133628 0.29448 3
0.793095 -0.0536253 -0.342697 1
0.172594 0.0899141 0.166037 3
0.458829 0.0594464 -0.268263 1
-0.312795 -0.0520031 -0.321145 0
0.108362 0.111954 0.196391 3
0.0430623 0.0259645 0.052355 1
0.0794557 0.136167 0.0198577 3
-0.0221173 0.112987 0.137515 2
-0.169702 0.119355 0.283842 2
1.4247 -0.0821366 -0.608553 1
0.474019 -0.166587 -0.222118 1
0.510314 -0.245221 -0.321969 1
-0.443947 0.116782 0.75947 2
-0.636227 0.0119166 1.10932 2
-0.326936 0.0184653 -0.402313 0
-0.284813 -0.0116913 0.602804 2
-0.481201 0.0233688 0.737462 2
0.256217 0.154152 0.190151 3
-0.369202 -0.108678 0.807753 2
-0.178967 -0.0197911 -0.246811 0
0.219985 -0.0957023 -0.115277 1
-0.118518 0.0577645 -0.272497 0
0.175948 0.10492 0.174882 3
-0.0818088 0.0995701 0.186521 2
0.0366391 0.0630794 0.0146956 3
-0.273148 -0.0624697 0.55 2
-0.544799 0.0163308 0.942557 2
0.0170915 0.0408489 0.0113979 3
-0.300732 -0.0212147 -0.308736 0
-0.064485 0.0278316 0.162733 2
0.127143 0.016101 -0.0272582 1
0.243602 0.151225 0.285365 3
0.359811 0.153515 0.343192 3
-0.333373 0.0710401 0.501557 2
-0.41181 -0.00188623 0.830649 2
-0.259448 -0.0342299 -0.257832 0
-0.216109 -0.029776 -0.203684 0
-0.245421 -0.134826 -0.243217 0
0.216602 0.010015 0.195202 3
0.381914 0.194015 0.364105 3
-0.338639 0.179123 0.427668 2
-0.186751 -0.015863 -0.265856 0
0.127223 0.104315 0.132715 3
0.40156 -0.0313029 -0.120817 1
0.469878 0.211283 0.520691 3
0.31512 0.143633 0.306534 3
0.138703 0.0104268 0.22673 3
0.381316 0.0143307 -0.110574 1
-0.404545 0.0284736 0.646626 2
-0.278721 0.0589356 0.57808 2
-0.0318747 0.0884958 0.0270316 2
0.310245 0.144862 0.281107 3
0.0565806 0.0975506 0.132327 3
-0.174448 -0.0464758 -0.163098 0
-0.510418 0.000208197 0.967517 2
0.161552 0.0334132 0.128299 3
0.307862 0.189457 0.356606 3
0.572804 -0.141483 -0.270854 1
-0.142647 -0.0326699 -0.120207 0
0.0918901 0.0656431 0.221436 3
-0.265513 -0.0268719 -0.353126 0
-0.131159 -0.0467669 -0.122415 0
0.516928 -0.0254904 -0.204056 1
-0.00669165 0.0606416 0.261135 2
0.216899 0.057463 -0.151336 1
-0.224646 0.109267 0.422226 2
0.246582 0.0622098 0.0692927 3
0.265892 0.232448 0.356998 3
0.142708 0.131174 0.117039 3
0.435214 0.172452 0.429959 3
-0.609729 -0.0295205 0.801377 2
-0.386616 0.0435244 0.677275 2
-0.0813357 -0.0312118 -0.0593986 0
0.265521 0.12057 0.299929 3
-0.529984 0.0700395 0.748659 2
0.0341734 0.0720521 0.0459184 3
0.435415 0.239897 0.482771 3
-0.236858 0.0713995 0.354782 2
0.342519 0.0215349 -0.0758967 1
-0.187928 0.0344939 0.235303 2
-0.183053 0.0858972 0.192671 2
-0.177219 0.0732337 -0.171328 0
0.117362 0.0895964 0.11727 3
0.249042 0.0652828 -0.113835 1
0.353445 0.221725 0.348478 3
0.084873 0.0981041 0.0903815 3
0.821277 0.0172609 -0.302914 1
0.93496 -0.0607216 -0.406101 1
0.0816471 0.0106524 0.0296583 1
-0.506108 0.0327868 0.876743 2
-0.191054 0.146407 0.272994 2
-0.329516 -0.024198 -0.451535 0
-0.327405 0.122245 0.63531 2
-0.467279 0.0641397 0.96569 2
-0.407672 -0.00289386 0.741725 2
0.277509 -0.00743697 0.313388 3
0.32395 0.122412 0.307725 3
0.255414 0.193685 0.436483 3
-0.114446 0.0148092 -0.177465 0
0.358589 0.152921 0.345236 3
0.29646 0.127474 0.278828 3
0.0581881 0.0908346 0.10615 3
-0.428155 -0.0166695 -0.507903 0
0.168694 0.113895 0.0560914 1
-0.616803 0.0976377 1.02203 2
0.599093 0.00763242 -0.248628 1
-0.138054 0.102448 0.391595 2
-0.172153 0.0096662 0.215962 2
0.0748234 0.0992439 0.0672496 3
-0.609755 0.0584634 1.03957 2
0.00464535 0.0790911 0.0978775 2
-0.407715 0.0780928 0.554956 2
-0.0996595 0.109692 0.092045 2
-0.357173 0.119492 0.599392 2
0.0648646 0.132993 0.206965 3
0.0695108 0.074877 0.021713 3
-0.0975462 -0.0309821 -0.00926821 0
-0.272922 0.0612903 0.487483 2
0.36036 0.150797 0.315165 3
-0.606064 0.0702794 1.0163 2
-0.390278 -0.0119834 0.477024 2
-0.315567 0.0329171 0.619442 2
-0.0822646 0.0838892 0.242471 2
-0.626366 -0.0205433 1.07673 2
0.394005 0.201152 0.347009 3
-0.428296 -0.0568889 -0.526343 0
-0.255367 0.0169918 0.291515 2
-0.205128 0.0550211 0.385034 2
0.0374972 0.093403 0.0810006 3
0.225949 0.12349 0.220553 3
-0.0737486 -0.000609076 0.138854 2
-0.033364 -0.0469969 -7.61094e-05 0
0.307884 0.078426 0.100997 3
-0.0546273 -0.0788951 -0.0810834 0
0.30601 0.0695015 0.391554 3
-0.239361 -0.0579106 -0.206466 0
-0.299385 0.0883024 0.480188 2
-0.618587 0.0180379 1.06038 2
-0.45823 -0.0399837 0.800907 2
0.743447 0.161773 0.00349235 1
0.148912 0.157505 0.0891364 3
-0.138175 -0.0208086 -0.0749781 0
-0.3073 -0.0809381 -0.403565 0
-0.190492 0.0501757 0.364164 2
-0.262873 -0.0477438 -0.245339 0
-0.199878 -0.0138748 -0.202857 0
1.1943 -0.0724797 -0.516915 1
-0.0871071 -0.103312 -0.0389856 0
-0.356763 -0.0132784 0.758169 2
-0.330391 -0.00887724 -0.356012 0
0.0468592 0.130925 0.0670659 3
0.910346 -0.208625 -0.52369 1
0.375671 0.153548 0.319094 3
0.138489 0.192561 0.209422 3
0.294095 0.15191 0.34258 3
-0.0829233 -0.0432463 -0.0465368 0
-0.333866 -0.0176286 0.660155 2
1.09828 -0.068444 -0.453277 1
-0.163726 -0.0298441 -0.162777 0
0.075529 0.0795538 0.0785411 3
-0.426958 0.0731499 0.39939 2
-0.0200646 0.105308 0.0423367 2
-0.472736 0.0447327 0.802742 2
0.483873 -0.0193691 -0.054942 1
-0.314916 -0.0695505 -0.290718 0
0.407683 0.0489267 -0.060111 1
-0.0970759 0.024813 0.263481 2
0.154354 -0.103768 -0.0710821 1
-0.199354 0.0239445 -0.186661 0
0.298973 0.13608 0.419004 3
0.443034 0.188472 0.392364 3
-0.236212 0.153481 0.507928 2
-0.229949 -0.0610528 -0.226805 0
-0.477596 -0.019555 1.04888 2
0.278919 0.109458 0.222073 3
0.0644848 0.0987525 -0.00640076 3
0.886015 -0.20466 -0.362386 1
-0.224372 -0.0489338 -0.42827 0
-0.409427 -0.0674645 0.63848 2
0.0983733 0.153942 0.201923 3
0.233342 0.0035468 -0.07941 1
-0.0860354 -0.0352474 -0.0273475 0
-0.000547078 0.0893199 0.0247095 2
0.381258 0.0983607 0.397049 3
-0.403503 0.079399 0.598391 2
-0.343939 -0.03144 -0.35749 0
-0.290947 0.00116935 -0.361867 0
-0.219091 0.138507 0.39015 2
-0.442147 0.0293989 0.79641 2
0.336908 0.211709 0.31187 3
0.633965 -0.0572453 -0.261481 1
-0.0387556 0.0813949 0.175504 2
-0.034992 -0.0541381 0.0178073 0
-0.317329 0.0129072 0.818791 2
-0.360046 0.0100605 0.482293 2
-0.150464 0.0927869 0.206643 2
0.260355 -0.007976 -0.090096 1
0.253116 0.180309 0.304288 3
-0.365165 -0.0982417 0.680272 2
0.147807 0.0974929 0.145349 3
-0.0392301 -0.0148289 0.013327 0
0.151672 0.0689682 0.13033 3
-0.382858 -0.022548 -0.459909 0
-0.23001 0.117045 0.45247 2
0.849016 -0.0976805 -0.380479 1
0.00382558 0.0608788 0.0931099 2
-0.159902 0.0346704 0.325413 2
0.361427 0.0745886 0.00816804 1
-0.170059 0.0813892 0.32487 2
-0.0951816 0.178706 0.181297 2
-0.262104 0.037487 0.452035 2
-0.0269214 0.0853505 0.10179 2
0.475522 -0.0784601 0.12322 1
0.120109 0.09779 0.112455 3
-0.231641 -0.000246295 -0.357209 0
0.0438332 0.0807632 0.00816162 3
0.244836 0.123329 0.256033 3
0.954021 -0.184565 -0.435712 1
0.254451 0.152211 0.260064 3
-0.624318 -0.00359217 1.17501 2
-0.15287 0.101788 0.381759 2
-0.162928 0.0810439 0.264847 2
-0.415556 0.0743408 0.594967 2
-0.42199 0.0258973 0.726712 2
0.166262 0.0907986 0.141827 3
-0.175217 -0.0452465 -0.165469 0
-0.460577 -0.0574566 -0.488652 0
0.34638 0.082318 0.384235 3
1.24195 -0.150957 -0.400462 1
-0.214288 0.0704229 0.424437 2
-0.170128 -0.0286283 -0.174036 0
0.210372 0.0657451 0.412376 3
0.160259 0.143549 0.155367 3
-0.639512 0.00713543 1.0977 2
-0.428904 0.080625 0.616142 2
-0.354314 -0.0213738 -0.446077 0
0.198403 -0.0193675 -0.0792496 1
-0.0566165 -0.0639311 -0.0268866 0
-0.240427 -0.0217833 0.50752 2
-0.187733 0.17224 0.665973 2
-0.207432 0.0742709 0.391436 2
-0.0971048 0.0830503 0.167491 2
0.437966 0.157563 0.435743 3
0.152304 0.0983788 0.150217 3
-0.287727 0.0463489 0.544781 2
0.417742 0.170767 0.406504 3
-0.358441 0.163484 0.715276 2
-0.0622504 -0.0367752 -0.0630363 0
-0.229343 0.0675519 0.42889 2
0.312022 0.145009 0.215036 3
-0.250956 0.0769089 0.436639 2
0.193249 0.112078 0.195407 3
-0.54712 0.0241622 0.958372 2
0.0611333 0.0724896 0.180468 3
-0.385411 0.214101 0.680403 2
-0.201461 -0.00927634 -0.194077 0
-0.413085 0.0800726 0.77298 2
-0.224833 0.124046 0.490485 2
-0.325805 -0.00192716 -0.368135 0
-0.335373 0.0601965 0.571821 2
-0.307661 -0.00900122 -0.464761 0
0.777665 -0.136931 -0.452657 1
-0.457794 -0.00664552 0.769397 2
0.449643 -0.101031 -0.224222 1
-0.36816 0.0678614 0.622985 2
-0.397299 0.0553348 0.630955 2
0.531412 -0.00140193 -0.239831 1
-0.00918109 0.126963 0.163668 2
0.314131 0.142745 0.326106 3
-0.369596 0.0994573 0.780176 2
-0.24764 -0.0343938 -0.303302 0
0.0246731 0.0667282 0.0309861 3
-0.608287 0.00919813 1.03844 2
0.068857 0.0891471 0.0817059 3
-0.453469 0.0136972 0.597468 2
0.320433 -0.0182684 -0.116725 1
-0.241425 0.0569466 0.460243 2
-0.00894155 0.0875065 0.0782222 2
0.816494 -0.0822589 -0.322241 1
-0.446477 -0.0636861 0.762736 2
0.430237 0.0260819 -0.16176 1
-0.397424 0.0610453 0.681167 2
0.285635 0.0599459 -0.024916 1
0.0922515 0.0654206 0.162808 3
-0.384715 0.000800466 -0.526061 0
-0.28047 0.0732848 0.44849 2
0.201074 0.172797 0.205168 3
-0.205161 0.0817889 0.486945 2
-0.217361 0.0555808 0.373927 2
0.643242 0.0121067 -0.147964 1
0.253507 0.124452 0.229523 3
-0.221683 0.0166183 0.502231 2
0.960558 -0.0791061 -0.288889 1
0.114189 0.101017 0.098794 3
-0.222606 -0.00958852 -0.235631 0
0.31924 0.104824 -0.27884 1
0.163712 -0.0665569 -0.0557577 1
0.81923 0.092172 -0.282441 1
1.17637 -0.0854105 -0.506552 1
-0.280894 0.0642873 0.464926 2
0.300493 0.145463 0.273863 3
-0.362018 0.0152686 -0.359027 0
1.0414 -0.134717 -0.546235 1
-0.349467 0.0478174 0.618617 2
-0.421804 0.00748116 0.811573 2
-0.351497 0.0314286 -0.424775 0
0.491553 0.0240236 -0.285276 1
-0.139274 0.055614 0.138008 2
0.0969074 0.022358 0.10069 3
0.179672 0.121049 0.181271 3
-0.37232 0.0244666 -0.432901 0
0.183315 0.143503 0.283986 3
-0.519172 -0.0364254 0.876123 2
-0.129002 -0.0485841 0.249807 2
1.15309 -0.116084 -0.502872 1
-0.0441568 -0.0422998 0.0102714 0
0.118691 0.0913182 0.118892 3
0.0889407 -0.00112328 -0.0378902 1
0.439251 0.0570628 -0.228939 1
-0.479346 0.00578297 0.98981 2
-0.608837 0.0359754 1.04154 2
0.277322 0.159507 0.269878 3
0.342172 0.102545 0.380679 3
-0.0370944 0.0679631 0.120943 2
0.357173 0.124246 0.357184 3
-0.117736 0.0433687 0.136367 2
-0.493818 0.0305008 0.806616 2
-0.128708 0.121107 0.374121 2
-0.633467 0.0569779 1.0662 2
0.219503 0.144694 0.137603 3
0.466049 0.171673 0.437766 3
0.479142 0.118822 0.479978 3
-0.137285 -0.0319466 -0.130081 0
1.30213 -0.138626 -0.516296 1
0.157358 0.100661 0.18442 3
0.287704 0.037516 0.217062 3
-0.129909 0.0678934 0.329347 2
-0.0444426 0.0745565 0.047072 2
-0.289502 -0.116896 0.630982 2
-0.47016 0.0528512 0.666997 2
-0.135459 -0.106205 -0.303154 0
-0.294662 0.111574 0.443292 2
0.363973 0.143968 0.290835 3
-0.321303 -0.0661843 -0.219593 0
0.221282 0.112486 0.254979 3
0.0630017 0.0755668 0.0658991 3
0.243617 0.0445153 0.131085 3
0.180635 0.11028 0.158982 3
0.144721 0.171848 0.0517404 3
-0.633047 0.0016296 1.00401 2
-0.219803 -0.131261 -0.238943 0
-0.131888 -0.0474744 -0.164297 0
-0.333264 0.128796 0.573827 2
-0.0374746 0.110812 0.0794535 2
-0.245878 0.173094 0.393473 2
-0.125015 0.184354 0.273736 2
1.08856 -0.0450164 -0.385999 1
-0.00884993 -0.0289841 -0.0247972 0
-0.196018 -0.0429923 -0.212723 0
-0.251836 0.0752121 0.422848 2
-0.330693 0.0893627 0.562925 2
-0.177086 0.143048 0.21641 2
-0.22282 -0.0895137 -0.16645 0
0.217099 0.0876482 0.092669 3
0.479898 -0.0345924 -0.184281 1
-0.0237188 -0.0789706 0.016429 0
-0.249466 0.0544793 0.346567 2
0.316514 0.00450816 -0.0727264 1
-0.223537 -0.081583 -0.167701 0
0.0211167 0.0705905 0.0342482 3
-0.479363 0.0151408 0.798863 2
0.449243 0.191272 0.457315 3
-0.357085 -0.0235072 -0.422621 0
-0.366514 -0.0254404 -0.436466 0
0.22131 0.124767 0.195531 3
-0.504251 0.0548969 0.962257 2
-0.263926 0.0624376 0.471459 2
0.336177 0.184003 0.381611 3
-0.568156 0.0997124 0.948474 2
0.386267 0.147614 0.262846 3
0.275986 0.0340636 0.242337 3
0.234417 -0.144651 -0.0283999 1
-0.220966 -0.0221653 -0.233993 0
0.0858172 0.0625823 0.0984199 3
0.163578 -0.000248863 -0.0447055 1
0.274859 0.0600669 0.0713228 1
0.17593 -0.0142778 0.0285237 1
-0.0778175 0.0265187 0.0480221 2
-0.157868 0.154642 0.444659 2
-0.361709 0.0200101 -0.398676 0
-0.308084 -0.0340323 -0.342283 0
-0.157371 0.0443633 -0.132351 0
-0.405172 0.0128905 0.712682 2
-0.520462 0.0107676 0.9004 2
-0.252605 -0.0843209 0.755248 2
-0.279996 -0.0116934 -0.413811 0
-0.0311481 -0.0700992 0.0416631 0
-0.194971 0.0323411 0.5192 2
-0.411458 0.0536835 0.650738 2
0.567407 -0.132647 -0.190558 1
0.790426 -0.0466561 -0.364524 1
-0.111827 -0.100119 -0.0700969 0
-0.310885 0.113075 0.275194 2
-0.0665424 -0.0204206 -0.0348824 0
-0.427324 0.131276 0.659912 2
-0.158767 -0.0463707 -0.145765 0
0.143763 0.0184862 0.204958 3
0.255797 0.10385 0.228991 3
-0.235428 -0.0262877 -0.167928 0
0.475438 0.199255 0.522434 3
0.096938 0.127924 0.116391 3
-0.00846628 -0.062397 0.296189 2
0.413492 0.222533 0.337381 3
0.287818 -0.100538 -0.141578 1
-0.078439 0.145323 0.15375 2
0.928921 -0.0365318 -0.409956 1
-0.169568 0.0702452 0.323856 2
0.242113 0.117881 0.279499 3
-0.103264 -0.0289818 -0.10594 0
0.206854 0.0949121 0.254567 3
0.415771 0.110895 -0.423305 1
-0.427197 0.0373052 0.833656 2
-0.0665817 0.061661 0.670638 2
0.186875 0.0808973 0.225724 3
0.415613 0.0126866 -0.246958 1
-0.435399 0.00032965 0.607888 2
-0.393022 -0.0252066 -0.446948 0
-0.0247554 0.0035204 0.455278 2
-0.279065 0.0584647 0.473566 2
-0.461272 0.116931 0.803807 2
-0.0910488 -0.0449408 -0.108274 0
0.284003 0.149994 0.249725 3
-0.205992 -0.0384265 -0.193526 0
-0.28037 0.0140564 0.715511 2
0.140115 0.0302028 0.015022 1
0.397625 -0.0642089 -0.14709 1
-0.500653 0.0484848 0.821112 2
-0.0161165 0.0179897 0.0716384 3
0.740491 0.0484664 -0.412995 1
0.593576 0.0404609 -0.334615 1
-0.34077 0.258626 0.425733 2
0.272178 -7.20188e-05 -0.0862403 1
0.115512 0.0899167 0.128687 3
0.388097 0.16721 0.271714 3
0.342714 0.167836 0.315192 3
0.0439169 0.131911 0.229391 2
1.11282 -0.00261245 -0.53445 1
0.531017 -0.140754 0.0520491 1
0.338513 -0.0159148 0.114359 3
0.120107 0.0369498 0.0399804 1
-0.440494 0.0356461 0.76655 2
-0.161486 -0.0791854 -0.0977451 0
1.33005 -0.105473 -0.566044 1
-0.390167 -0.00847552 -0.459828 0
0.236972 0.0400797 -0.148413 1
0.0111711 0.0600621 0.0186562 3
0.0302697 0.066485 0.0276747 3
-0.0713355 -0.041278 -0.0203618 0
0.274239 0.142839 0.344386 3
0.437148 0.0268912 -0.392737 1
0.203222 0.147555 0.175911 3
-0.102471 0.240031 0.511173 2
-0.462677 0.0628796 0.718259 2
-0.285484 -0.147328 0.603015 2
1.04871 -0.080606 -0.444148 1
0.20628 0.0750474 0.203133 3
0.292663 0.1506 0.303684 3
-0.550952 -0.0222518 0.980728 2
0.075453 -0.0559574 0.0276123 1
0.37645 0.151752 0.365457 3
-0.473849 0.0210615 0.910943 2
-0.327729 0.0455208 0.514407 2
0.1792 0.119061 0.208257 3
0.141851 0.100129 0.175819 3
-0.365886 0.0171104 0.716565 2
0.226168 0.0361152 0.17354 3
-0.623836 -0.0513981 1.07414 2
0.390047 0.198324 0.419735 3
0.668635 -0.130649 -0.356561 1
0.0559822 0.140771 -0.00417668 3
0.100644 0.206696 0.196501 3
-0.306754 -0.0807919 -0.326454 0
1.19606 0.0947742 -0.485245 1
0.0686806 0.00504372 0.0343545 1
-0.289048 0.0560953 0.480757 2
-0.305005 0.060457 0.549648 2
0.358913 -0.0381516 -0.115324 1
0.214731 0.0952567 0.326699 3
0.286505 0.148305 0.251635 3
-0.580389 0.0594556 1.05672 2
-0.662507 -0.0792071 0.946572 2
0.158357 0.115495 0.150015 3
-0.162946 0.0271016 0.304342 2
0.187643 0.088686 0.424016 3
-0.335173 0.151814 0.495715 2
0.128964 0.208283 0.340409 3
-0.035656 -0.0308754 0.0307561 0
-0.356498 0.117632 0.563667 2
0.218032 0.118356 0.234854 3
1.20967 -0.375263 -0.527353 1
-0.214297 0.10808 0.357693 2
-0.634468 0.0127972 1.10908 2
-0.398492 -0.0593839 -0.44127 0
-0.474248 -0.011104 0.683953 2
0.41672 0.15159 0.40426 3
1.09474 -0.051248 -0.473909 1
0.289926 0.081932 0.00255946 1
0.0475567 0.109851 0.0745962 3
0.069655 0.127878 0.123083 3
-0.355293 -0.0085106 0.790237 2
1.30302 -0.170674 -0.599017 1
-0.247191 -0.00228232 -0.286161 0
-0.224208 0.0721011 0.42396 2
-0.531396 -0.0145212 0.710355 2
-0.155164 0.0782041 0.290817 2
0.0401914 -0.0323609 -0.131544 1
-0.522574 0.0249444 0.869065 2
0.807204 -0.000994707 -0.28907 1
0.899259 -0.0695767 -0.37576 1
-0.142126 0.0417847 0.18465 2
-0.258922 -0.0186596 -0.366827 0
0.279097 -0.00220806 -0.0827075 1
-0.281389 0.0631708 0.505235 2
0.241407 0.125251 0.226336 3
0.124423 0.0893263 0.0973003 3
0.733312 -0.0851493 -0.343369 1
-0.216925 0.0302475 -0.17895 0
-0.489844 -0.0381536 0.808874 2
0.362105 0.14004 0.405949 3
1.02556 -0.173944 -0.382553 1
-0.579095 0.0185093 0.988889 2
0.744667 -0.00127753 -0.401491 1
-0.493602 0.0968558 0.896553 2
-0.142874 0.00791122 -0.046571 0
-0.0352364 -0.0162268 -0.0624143 0
0.724635 -0.046931 -0.300594 1
-0.658746 0.0148841 1.12033 2
-0.346142 0.0799094 0.533208 2
-0.373469 -0.030318 -0.374886 0
-0.11091 -0.0400578 -0.0793019 0
0.404474 0.1322 0.374608 3
-0.0717941 -0.0240338 0.584299 2
-0.375722 -0.0138673 -0.452821 0
-0.0587918 0.0395974 -0.0367079 3
0.20964 0.100328 0.168365 3
0.239164 0.121659 0.23255 3
0.225081 0.129536 0.239517 3
0.373763 0.276993 0.301063 3
-0.444471 0.0312227 0.725175 2
1.28492 -0.0419085 -0.534573 1
-0.127821 -0.07877 -0.250203 0
0.453786 0.226171 0.275876 3
-0.288379 0.059592 0.526546 2
0.367768 0.14722 0.296981 3
-0.540533 0.0773103 1.04746 2
0.154035 0.0862565 0.103006 3
0.197105 0.187433 0.122251 3
0.426873 0.10368 0.388957 3
-0.349147 -0.045644 -0.384455 0
0.0470029 -0.0614463 0.0422871 1
-0.04936 -0.0354847 -0.0274663 0
-0.424773 0.0916725 0.636634 2
0.180692 0.0110842 0.294025 3
0.105855 0.0667903 0.100556 3
0.175831 0.101991 0.172605 3
0.617456 -0.0613632 -0.254582 1
0.388104 0.131636 0.35129 3
-0.253516 -0.0477465 -0.219967 0
0.483889 -0.0455525 -0.191198 1
-0.211482 0.0369935 0.39465 2
-0.310025 0.103351 0.513979 2
-0.117688 -0.0103334 -0.144662 0
-0.071148 0.0533226 0.450594 2
-0.409424 0.0139445 -0.448231 0
0.40717 0.174136 0.367384 3
-0.558595 0.116192 0.954638 2
-0.575331 -0.063523 0.885323 2
-0.108214 0.0997039 0.20387 2
-0.328128 0.0955577 0.534385 2
0.307355 0.215529 0.248023 3
-0.248421 -0.0766146 -0.212841 0
-0.285087 0.020581 0.481459 2
-0.321339 -0.0121591 -0.437279 0
0.246905 0.0651787 0.177086 3
-0.262509 -0.0533568 -0.12205 0
0.91767 -0.159879 -0.445445 1
-0.344591 -0.0244409 -0.429555 0
-0.105955 0.0862037 0.207511 2
-0.23728 0.0634172 0.454244 2
0.231728 0.039076 0.12191 3
0.132803 0.095405 0.142549 3
-0.365522 0.0469308 0.640538 2
0.641533 -0.0304851 -0.298801 1
-0.0419498 -0.0414926 0.0118216 0
1.21037 -0.168414 -0.41293 1
1.04328 -0.0505922 -0.521859 1
-0.138317 0.00248755 -0.0971993 0
-0.225221 -0.00905787 -0.0175349 0
0.227124 0.100585 0.226967 3
-0.413314 -0.0300606 0.670831 2
-0.422509 -0.0231775 1.01069 2
0.221996 0.161876 0.208941 3
-0.389473 0.0689979 0.726208 2
0.254737 0.0537493 0.242901 3
-0.169777 -0.0169787 -0.230042 0
-0.328623 0.0163816 -0.388371 0
1.13035 -0.0516664 -0.457008 1
0.299153 0.16861 0.200512 3
0.20817 0.164491 0.262364 3
0.272615 0.0947845 0.265109 3
0.41203 0.185934 0.443282 3
-0.163626 -0.0275831 -0.154051 0
0.554587 -0.0209816 -0.210393 1
-0.146026 0.0388847 -0.10448 0
-0.4225 -0.0452546 0.938414 2
0.564435 -0.146191 -0.218483 1
0.30231 0.133395 0.388947 3
-0.55448 0.0384837 0.917406 2
0.450226 0.213514 0.468155 3
0.0521402 0.2876 0.220087 3
-0.392 0.00427663 -0.442844 0
-0.283733 0.103999 0.491354 2
0.108676 -0.0184249 -0.0995208 1
-0.0799504 0.0473147 0.366769 2
-0.349308 0.0463493 0.608313 2
-0.523239 0.00863556 0.743635 2
-0.216143 0.0315728 0.354215 2
-0.10202 0.189683 0.284207 2
-0.427687 -0.0192251 -0.523891 0
0.34289 -0.00747632 -0.121015 1
-0.475259 0.0285193 0.810428 2
-0.19505 0.126385 0.317801 2
-0.332682 0.0750826 0.578025 2
0.19579 0.0820938 0.183325 3
-0.551678 0.0955893 0.914245 2
0.631292 0.0641158 -0.268872 1
0.255728 -0.000201745 -0.0790725 1
-0.0584768 0.151691 0.0708295 3
-0.0782281 0.165025 0.049806 2
0.344254 0.168786 0.419974 3
-0.0088774 0.0983212 0.0908296 2
0.819694 0.0331935 -0.319683 1
0.231609 0.155723 0.144939 3
-0.426377 -0.0340666 -0.500136 0
-0.069062 0.0830154 0.351499 2
-0.0226782 -0.00222011 -0.0356712 1
0.182776 0.0873637 0.203282 3
-0.319266 -0.0230291 -0.362057 0
0.0541328 0.073668 0.0559772 3
-0.179005 0.0496723 0.297863 2
-0.0847953 -0.0532504 -0.0569988 0
-0.16166 -0.0154424 -0.162548 0
-0.216379 -0.0317154 -0.110926 0
-0.337103 0.116711 0.802105 2
-0.317412 0.0519768 0.500748 2
-0.340439 -0.038992 0.750733 2
-0.215628 -0.0446629 -0.241408 0
0.998167 0.0176463 -0.531291 1
-0.00458685 0.0505715 0.018613 3
0.249495 -0.00201917 -0.0825119 1
-0.374323 -0.0142666 -0.374847 0
0.0166156 0.0608971 0.00367751 3
1.22126 -0.0273123 -0.560046 1
-0.348865 -0.0442629 -0.433785 0
-0.473718 0.0214749 0.787568 2
-0.210528 0.0747007 0.384214 2
-0.289159 -0.00731439 -0.274187 0
-0.588407 0.0261948 0.985571 2
-0.247208 0.0766581 0.368481 2
0.169448 0.118038 0.1369 3
0.222831 -0.000627558 -0.0601299 1
0.255973 0.191863 0.310622 3
0.190733 0.11562 0.177605 3
0.428279 -0.00326833 0.00497579 1
-0.459472 0.0550694 0.861345 2
-0.201299 0.237694 0.546668 2
-0.33725 -0.0457575 -0.348446 0
-0.148124 -0.0287151 -0.149074 0
-0.596481 0.0697025 0.945337 2
-0.113558 -0.0291141 -0.045151 0
-0.327338 0.0933479 0.708138 2
-0.440316 0.0919162 1.06038 2
-0.284894 0.0364849 0.599737 2
-0.116488 -0.0142959 -0.0995417 0
0.0234747 0.0631417 0.0223133 3
-0.093938 0.0858327 0.187105 2
0.00223487 0.190785 0.156403 3
-0.177401 -0.0297289 -0.168348 0
-0.199916 0.035947 0.448472 2
-0.278989 -0.0881204 -0.477296 0
-0.262196 0.050484 0.425506 2
-0.445163 0.0540923 0.406567 2
-0.604375 0.00917058 0.997653 2
-0.231119 0.100788 0.322181 2
-0.275367 0.0667975 0.532005 2
-0.360724 0.113163 0.620301 2
-0.321359 -0.0173962 -0.36834 0
0.934044 -0.100274 -0.421953 1
-0.00919613 0.0764358 0.213082 2
-0.288852 0.03145 -0.346414 0
-0.227513 0.0236922 0.566746 2
0.361836 0.15224 0.353601 3
1.00922 -0.0934118 -0.340149 1
-0.267697 0.0691357 0.534608 2
-0.31467 -0.0155818 -0.252734 0
-0.206219 -0.0702383 0.280873 2
-0.11778 -0.0447805 -0.0521615 0
-0.614236 -0.0225393 0.831237 2
0.295215 0.127822 0.362047 3
-0.252065 0.0157719 0.607614 2
-0.542821 0.0327538 0.877285 2
-0.145302 -0.0806696 -0.157904 0
-0.066619 0.114686 0.147373 2
-0.334122 0.112265 0.613845 2
0.422585 0.0190512 -0.100173 1
-0.314282 0.232765 0.439074 2
1.07699 -0.103097 -0.503082 1
-0.0503231 -0.0341491 0.003697 0
-0.21059 0.00351143 -0.126512 0
-0.562143 0.0189503 0.943427 2
0.587555 0.0200973 -0.211837 1
1.38486 -0.100028 -0.592243 1
0.240794 0.112413 0.233671 3
0.373144 -0.0950553 -0.137673 1
-0.22036 -0.0333299 -0.199124 0
-0.375209 -0.0138994 -0.451971 0
0.347819 0.151564 0.343802 3
-0.141181 -0.0425642 -0.140589 0
0.270326 -0.0418992 -0.143847 1
0.859081 -0.135435 -0.363757 1
1.07811 -0.0660087 -0.544981 1
0.7883 -0.0793285 -0.341752 1
-0.537174 0.0238662 0.927249 2
-0.480007 -0.00619427 0.992751 2
-0.605615 -0.00173194 1.06668 2
0.726205 0.0354487 -0.120794 1
-0.311003 -0.00694566 -0.345895 0
-0.406328 0.113726 0.380204 2
-0.173219 -0.0334113 -0.200083 0
-0.161071 0.0680031 0.406484 2
-0.303771 -0.0364087 -0.4053 0
-0.115909 0.154595 0.169635 2
-0.139706 0.0857063 0.235215 2
-0.283562 0.0451457 -0.249295 0
-0.136175 -0.0475411 -0.192322 0
0.39593 0.191704 0.363085 3
0.0950403 -0.0736525 -0.183234 1
0.133895 0.0946499 0.134898 3
1.05224 -0.0799261 -0.455945 1
-0.402608 0.0881662 0.705244 2
-0.0508578 0.0786737 0.139452 2
-0.445885 0.045359 0.77505 2
0.25492 0.119495 0.237658 3
0.0626586 0.183008 0.0929747 3
0.395049 0.165728 0.186594 3
0.262786 0.210297 0.326795 3
