0.0819585 0.077924 0.0443786 3
-0.0731569 0.114143 -0.0989534 2
0.276551 0.175074 0.0697726 3
-0.283774 0.0383975 -0.0327817 2
-0.45156 0.0351086 -0.184106 2
-0.12684 0.0281266 -0.138168 0
0.447386 0.169319 0.0607187 3
0.22699 0.0744234 -0.00276669 3
0.448239 0.235347 0.00548998 3
-0.0757853 -0.0341626 -0.0508846 0
0.0893446 0.0574183 0.146196 3
-0.144641 0.0209143 0.0297433 2
0.0648796 0.0473525 0.0529847 3
-0.352794 0.0505941 -0.128672 2
0.226834 -0.00489119 -0.117061 1
-0.478852 0.0333958 -0.223992 2
0.317104 0.203231 0.0889952 3
0.488329 -0.147054 -0.259744 1
0.701062 0.127272 -0.140298 1
-0.221536 -0.0840892 -0.0741726 0
-0.0808521 -0.0787393 -0.0306093 0
-0.576435 0.0635394 -0.375669 2
-0.106924 -0.038838 -0.0341136 0
0.907064 -0.00466931 -0.406699 1
0.326708 -0.0470278 -0.124574 1
-0.103491 -0.0219384 -0.0432046 0
-0.0215027 0.0579157 0.113929 3
-0.0742517 0.0635122 -0.0344059 2
0.882459 -0.0953504 -0.337822 1
-0.390255 -0.0718355 -0.104474 0
-0.00411703 -0.0222642 0.0634851 3
0.257659 0.12392 0.0377957 3
-0.118879 -0.028197 -0.0291911 0
0.752432 -0.190633 -0.154459 1
-0.165636 -0.0392854 -0.082215 0
-0.193442 -0.0255225 -0.0591722 0
0.335942 0.0461446 -0.0736213 1
-0.143016 -0.0882115 -0.00172029 0
0.139112 0.0371121 0.125373 3
-0.162097 -0.0523646 -0.0912672 0
0.728982 -0.0809303 -0.162965 1
-0.161165 0.128657 -0.123406 2
-0.541744 0.0547873 -0.195371 2
1.10382 -0.140636 -0.117319 1
-0.300155 0.132884 -0.128778 2
-0.509158 -0.206477 -0.341616 2
1.13042 -0.165952 -0.278031 1
-0.14548 0.0764813 0.025749 2
-0.0270448 0.0604419 -0.0629735 2
0.108193 0.116933 0.0414723 3
0.269424 0.0487803 0.142084 3
0.171262 0.225577 -0.0210353 3
0.0979664 0.0104856 -0.0957837 1
0.0544278 0.067131 0.105733 3
-0.117071 -0.038591 -0.0404149 0
0.303922 0.159106 0.056629 3
-0.195119 -0.0581046 -0.0242296 0
-0.165536 0.00108751 -0.0550888 0
-0.22547 -0.0122257 -0.083773 0
-0.560142 0.0233187 -0.236583 2
-0.326634 -0.0405291 -0.115013 0
-0.612965 0.0344221 -0.301892 2
-0.130582 0.0794647 -0.0230646 2
0.298025 0.140083 0.0882429 3
-0.31325 -0.0213502 -0.0916737 0
0.69939 -0.054405 -0.188926 1
-0.51285 0.131239 -0.260546 2
1.36378 -0.200786 -0.366626 1
0.841453 -0.127519 -0.32279 1
-0.271701 -0.058152 -0.0292157 0
0.468963 0.161759 0.151604 3
-0.226238 0.0577607 -0.109842 2
0.32863 0.0587915 0.0132597 3
-0.248125 0.0290846 -0.196333 2
0.427351 0.177862 0.0589274 3
0.470094 -0.0662922 -0.218358 1
-0.0248552 0.0987293 0.0337168 2
0.34239 0.0107284 -0.0832732 1
0.466493 0.233033 0.0539084 3
0.292912 0.301022 -0.00353549 3
-0.39635 0.079726 -0.172812 2
-0.564972 0.0489755 -0.370524 2
-0.160635 0.129293 0.0268204 2
-0.0471843 0.0809661 -0.0501112 2
-0.244626 -0.0430798 -0.0494085 0
-0.158248 -0.00699182 -0.048184 0
1.34047 -0.110683 -0.293124 1
0.770344 -0.0944959 -0.177641 1
-0.428398 -0.0323451 -0.155023 0
0.185379 0.191909 0.0543504 3
-0.303421 0.0871403 -0.103489 2
-0.267833 -0.0187335 -0.102387 0
0.0128618 0.0533995 0.0494052 3
-0.348496 0.0490044 -0.108316 2
-0.419169 -0.0193814 -0.148172 0
-0.082906 0.121383 0.0916045 2
0.19484 0.10511 0.0611084 3
0.134725 0.0770247 0.0686182 3
0.312126 0.249663 0.00986722 3
0.241928 0.13325 0.0766839 3
-0.653426 0.0482086 -0.317007 2
-0.0854151 -0.0597053 -0.00625648 0
0.940638 -0.203764 -0.00861591 1
-0.672894 0.0361003 -0.203416 2
-0.265968 -0.0404506 -0.112554 0
-0.0917963 -0.0179889 -0.0161415 0
-0.243582 -0.0399562 -0.0858081 0
0.364628 0.150248 0.0478886 3
0.374113 0.116254 -0.0312196 3
-0.350836 -0.00166324 -0.0483159 2
0.0761232 0.022416 0.0664431 3
-0.249737 0.0614063 -0.0799379 2
-0.0558465 -0.0430901 -0.0142463 0
0.762847 0.178077 -0.137208 1
0.310919 0.214526 0.159115 3
0.10604 -0.0413934 0.13342 3
-0.27724 -0.0218003 -0.0812814 0
-0.25658 0.0734817 -0.0420982 2
0.285515 0.0636931 0.151144 3
-0.522626 0.0384006 -0.201008 2
0.0860573 0.048082 0.0972663 3
0.339596 0.143838 0.0614661 3
-0.290339 -0.0508196 -0.0970432 0
-0.619417 -0.0687301 -0.349138 2
-0.0885168 0.0820445 0.00976862 2
-0.605375 -0.0225422 -0.231538 2
-0.0808399 -0.0371965 -0.046474 0
-0.0556049 0.0967058 0.0928422 2
0.0145735 0.087376 0.0390841 3
1.03478 -0.24724 -0.136622 1
-0.31016 0.0451193 -0.0954321 2
-0.023742 -0.0172287 -0.0409611 0
-0.181819 -0.0144067 -0.049698 0
-0.360417 -0.0221265 -0.134341 0
0.167569 0.0995955 0.095118 3
0.394816 0.162577 0.0642595 3
0.519312 0.0690286 0.0487667 1
0.333627 0.251593 0.117103 3
-0.0289742 -0.0322956 0.0379714 0
-0.0376194 -0.0483487 -0.00968694 0
0.435636 0.21934 0.0855677 3
0.367512 0.162953 0.0847283 3
0.602339 -0.187019 -0.110599 1
0.42768 0.0947178 0.172203 3
0.371152 0.14181 0.12503 3
0.0362851 0.020363 0.0306994 3
-0.419477 0.0707409 -0.22066 2
0.0548698 0.0733879 0.0515907 3
-0.427922 0.0389133 0.0201671 2
0.846519 0.0580215 -0.44469 1
-0.397437 0.0512479 -0.179873 2
0.0575122 0.0066338 -0.10002 1
0.328852 -0.011114 -0.136015 1
-0.599581 0.00712345 -0.266268 2
0.0979611 0.0489081 0.0151789 3
-0.106252 -0.0535716 -0.0290882 0
0.526916 -0.076162 -0.203352 1
-0.135417 -0.0623583 -0.129613 0
0.358386 0.180884 0.121978 3
-0.18955 0.0248606 -0.134307 2
-0.29397 0.081383 -0.227183 2
0.149791 0.0895065 0.0622828 3
-0.281304 0.0136093 -0.0395173 2
0.116968 -0.0291709 -0.0518166 3
-0.134 -0.0219782 -0.0463262 0
-0.127535 0.0771522 -0.0731521 2
-0.34702 -0.0296232 -0.121985 0
-0.321569 0.224085 -0.207685 2
0.79859 -0.143209 -0.257641 1
0.487508 -0.0200684 -0.127244 1
-0.460559 0.0148668 -0.170267 2
0.00919516 0.10832 0.129536 3
-0.387145 -0.0299852 -0.112913 0
0.0833918 0.137674 0.102774 3
-0.549548 0.068193 -0.238312 2
0.172372 0.0807006 -0.209768 1
0.0746463 0.0932793 0.132643 3
0.115939 0.0996354 0.0403353 3
-0.0896306 0.0815219 -0.016969 2
-0.379482 -0.0392546 -0.18827 0
-0.519681 0.0246239 -0.215762 2
-0.593438 -0.00136093 -0.30878 2
1.05906 -0.232906 -0.257666 1
-0.124736 -0.0729527 0.0750749 0
0.0276725 0.0481879 0.0705105 3
0.251204 0.0664099 -0.376084 1
-0.248468 0.0632877 -0.0799585 2
-0.298427 -0.00452488 -0.130236 0
0.121887 0.102088 0.054452 3
0.810905 -0.046059 -0.218411 1
0.374243 0.197038 0.0243455 3
-0.653227 0.00126586 -0.281553 2
0.31026 0.143036 -0.319458 1
0.153446 0.183959 0.0100177 3
-0.679413 0.172358 -0.169374 2
-0.299848 -0.0296923 -0.102219 0
0.320495 0.151432 0.08741 3
-0.0418408 -0.0391792 -0.0127031 0
-0.181261 -0.0289283 -0.0325124 0
-0.467634 -0.0753551 -0.0315035 2
0.372036 0.189428 0.0736233 3
0.219288 0.106361 0.0625052 3
-0.510308 0.0284935 -0.127813 2
1.09254 -0.0495424 -0.267339 1
-0.464355 0.219576 -0.225176 2
-0.0577773 -0.0552591 0.0185124 0
1.08951 0.0107237 -0.299747 1
-0.243037 0.0997763 0.0699978 2
0.175873 0.0765769 0.0782017 3
0.422797 0.191025 0.0666822 3
0.285907 0.0565193 0.0699182 3
0.438058 0.194817 0.0412423 3
-0.153256 0.0600557 0.0208969 2
-0.116727 0.0484034 0.0476928 2
0.966553 -0.0828915 -0.305638 1
-0.463375 0.000737572 -0.183732 2
0.413685 0.149983 0.0822142 3
-0.151316 0.115592 -0.0833897 2
-0.411057 0.104195 -0.1571 2
0.0904835 0.0732138 0.000310455 2
-0.457821 0.11735 -0.154983 2
-0.60915 0.00437577 -0.211831 2
-0.0415338 -0.0411067 -0.0101714 0
-0.392346 -0.0326831 -0.154646 0
0.176668 0.106943 0.0514471 3
-0.237757 0.0412139 -0.0310644 2
-0.177413 -0.0485211 -0.0344649 0
-0.088343 -0.0380028 -0.0179282 0
0.242434 0.0874454 -0.0776771 3
0.046331 0.0629061 0.0664571 3
-0.152056 0.0808484 -0.0168569 2
-0.646144 0.0493868 -0.323973 2
0.306933 0.0112453 -0.102487 1
0.455398 0.149354 0.0581524 3
-0.326438 -0.00885777 -0.10311 0
-0.184449 0.0924364 -0.0539299 2
-0.31879 0.0902211 -0.162072 2
-0.403653 0.060428 -0.188571 2
-0.35751 -0.0271415 -0.288403 2
1.26245 -0.122152 -0.278286 1
0.529957 0.0916254 -0.178792 1
-0.260959 -0.0276443 -0.0882434 0
1.16834 -0.0914517 -0.286804 1
-0.480814 -0.160623 -0.230299 2
-0.303764 -0.0421159 -0.112191 0
-0.4596 0.0293891 -0.186797 2
0.459315 0.178981 0.0628727 3
-0.231831 0.182066 -0.0630666 2
0.282378 0.126944 0.0642829 3
-0.0684698 0.101803 0.00656871 2
1.25643 -0.0600264 -0.320552 1
0.233009 0.153075 0.061952 3
-0.208923 0.0941399 -0.0459779 2
0.523827 0.0666963 -0.0800169 1
-0.0194445 0.0612079 0.0111817 2
1.07556 -0.121127 -0.28613 1
0.462029 0.162608 0.0371571 3
0.242037 0.310284 0.0576506 3
-0.204423 0.0777158 -0.0612726 2
0.201606 0.157323 -0.0343585 3
-0.268293 -0.0918594 -0.0716131 0
-0.351372 -0.0353211 -0.11822 0
0.0111428 0.0741239 0.0377961 3
0.0305576 0.047153 0.137628 3
0.424359 -0.158711 -0.182454 1
-0.630935 -0.00787792 -0.29459 2
-0.169261 -0.0700683 -0.0357967 0
0.326882 -0.0913648 -0.332053 1
-0.263972 0.0620845 -0.0713657 2
-0.337833 0.0867279 -0.128766 2
-0.388827 -0.0268668 -0.155559 0
-0.362083 -0.0519154 -0.118503 0
-0.640205 0.0144343 -0.288609 2
-0.381432 -0.0408584 -0.249582 2
0.793989 -0.157306 -0.148076 1
0.181964 0.140019 0.0681193 3
0.310598 0.0643082 -0.0162043 3
-0.493592 0.0450613 -0.181996 2
-0.592407 -0.0315773 -0.32209 2
-0.0480482 0.134179 0.117248 3
-0.369712 0.102619 -0.0838403 2
0.314167 0.0277996 -0.166465 1
-0.217874 0.0725755 -0.0656481 2
0.295094 0.123982 0.155351 3
0.0621438 0.0690428 0.0502012 3
0.2036 0.111278 0.0601302 3
-0.225839 -0.0317523 -0.060798 0
-0.0331496 0.0834403 0.103054 2
0.485911 0.194269 0.117452 3
0.963817 -0.0472549 -0.184919 1
0.297041 0.146589 0.0750761 3
-0.0894853 0.0161032 0.00815996 2
0.162229 0.0612655 0.0341325 3
0.0974064 0.062406 0.00178472 3
0.186449 0.119571 0.109902 3
-0.307869 -0.0664329 -0.0524129 0
0.280169 0.120102 0.132676 3
-0.211092 0.0435134 -0.0489961 2
-0.0731787 -0.0270792 -0.0260178 0
0.548184 -0.0410197 -0.173789 1
0.183284 -0.0975266 0.0539936 1
0.025363 0.100105 0.037362 3
-0.27845 -0.0726541 -0.134391 0
-0.332438 0.0697402 -0.128095 2
-0.383543 0.0599407 -0.368347 2
0.354592 0.155923 0.00850037 3
-0.262328 -0.0317897 -0.0845615 0
0.148461 0.0879324 0.0656159 3
-0.393036 -0.0196924 -0.14302 0
0.160206 -0.0366716 -0.107505 1
0.0145455 0.0163871 -0.0968193 1
-0.404054 -0.0228299 -0.140971 0
0.263948 0.147295 0.0655854 3
0.493629 0.18792 0.0917598 3
0.207788 0.082058 -0.0350763 3
0.353031 0.14071 0.0487164 3
-0.479498 0.0637715 -0.278817 2
-0.4023 -0.0304671 -0.155544 0
-0.24988 0.20572 0.0193863 2
-0.115694 -0.0215425 0.0464786 0
0.868559 -0.129314 -0.052864 1
0.185082 0.0729085 -0.0673239 3
0.480332 0.15701 0.0770437 3
0.151285 0.158161 0.124947 3
0.415994 0.1051 0.213217 3
-0.405622 0.0943897 -0.138405 2
-0.0619746 0.0539488 0.0206585 0
-0.575539 0.0441171 -0.270887 2
-0.116252 -0.0574375 0.00394681 0
0.424287 -0.0938299 -0.196321 1
-0.222328 0.218215 -0.0500853 2
-0.180355 -0.0212741 -0.0754167 0
-0.0626781 0.100359 0.0838752 3
-0.293764 -0.126178 -0.110479 0
-0.161568 -0.0224946 -0.0118423 0
-0.539519 -0.00617551 -0.218745 2
-0.0263263 0.118379 0.0184155 2
0.792873 -0.120819 -0.135729 1
-0.485246 0.189984 -0.238341 2
-0.319552 -0.0367552 0.0131035 0
-0.0052452 0.0726772 0.0385528 3
-0.44584 0.0833892 -0.109627 2
0.464211 -0.0463263 -0.233591 1
-0.226756 -0.0345913 -0.0901913 0
0.977325 -0.118526 -0.291504 1
0.0748976 0.0965804 0.0431024 3
0.00910403 0.190338 0.0593179 3
0.403796 0.0944739 -0.144206 1
0.196892 0.159412 0.115821 3
0.76117 -0.0944809 -0.165252 1
-0.259579 0.061991 -0.0918298 2
1.22998 -0.0891981 -0.25199 1
1.06047 -0.0323344 -0.279218 1
-0.453951 0.00590174 -0.18317 2
0.452136 0.150622 0.0706687 3
-0.53116 -0.055291 -0.22844 2
-0.280749 0.0159197 -0.105837 0
0.217497 0.0725592 0.0105523 3
-0.327868 0.0442512 -0.184081 2
0.0265617 0.0653702 0.0215044 2
0.242964 0.0863701 -0.0353267 3
0.211891 -0.0552602 -0.274079 1
-0.529964 0.0206558 -0.213689 2
-0.342025 0.0442095 -0.167075 0
-0.0950689 -0.0414664 -0.0275413 0
-0.461443 0.0480238 -0.299109 2
0.114107 0.0818963 0.0683351 3
0.0409159 0.0666234 0.0169839 3
0.279823 0.041013 -0.00344488 3
-0.194512 0.0623328 -0.199347 2
-0.280609 -0.0309743 -0.101104 0
-0.106132 0.0753928 -0.107311 2
0.361356 -0.0186246 -0.132731 1
-0.43465 0.036929 -0.169669 2
-0.340762 -0.0119695 0.01843 2
-0.438018 -0.0224221 -0.180617 0
-0.03545 0.0505253 0.0975475 2
-0.217642 0.0947742 0.0215346 2
-0.487119 0.100069 -0.294641 2
-0.281406 0.054548 -0.0941752 2
0.635932 -0.0366207 -0.196214 1
-0.106845 -0.0676046 -0.0570339 0
-0.30528 -0.113828 -0.0560028 0
0.53445 -0.13279 -0.114974 1
-0.218177 -0.0273019 -0.111482 0
-0.251095 0.0598371 -0.1504 2
0.291049 0.102258 0.0347021 3
-0.094392 -0.0384717 -0.0291564 0
0.138137 0.0550312 0.0163698 3
-0.361109 0.0467217 -0.185412 2
-0.382992 0.0101628 -0.0836457 0
0.191683 -0.00761909 -0.118084 1
0.44323 -0.0750783 -0.100563 1
-0.241723 -0.000269753 -0.153997 2
-0.220057 -0.019934 -0.0699647 0
-0.491342 0.0334739 -0.193078 2
0.312095 0.017731 -0.0777276 1
1.06468 -0.0757358 -0.28164 1
-0.174717 -0.0895666 -0.0500665 0
0.963891 0.0533622 -0.136041 1
0.268005 0.204204 0.116004 3
-0.669667 -0.0187481 -0.298109 2
-0.633049 -0.0185705 -0.285567 2
0.159382 0.101857 0.0913978 3
-0.0668868 -0.0269055 0.0204179 0
0.308977 0.0091974 -0.117848 1
0.0166142 0.0103014 -0.118252 1
-0.235159 -0.0111264 -0.160786 2
0.0849328 0.0542857 0.0464612 3
-0.0797374 0.166367 -0.167086 2
0.386064 -0.000438286 -0.184644 1
0.738398 -0.0500531 -0.207244 1
0.0760133 -0.0258088 0.023057 3
0.290929 0.133628 0.0699632 3
0.793095 -0.0536253 -0.206076 1
0.172594 0.0899141 0.0458305 3
0.458829 0.0594464 -0.0529319 1
-0.312795 -0.0520031 -0.106613 0
0.108362 0.111954 0.103991 3
0.0430623 0.0259645 -0.17658 1
0.0794557 0.136167 -0.0182176 3
-0.0221173 0.112987 0.026397 2
-0.169702 0.119355 -0.100611 2
1.4247 -0.0821366 -0.318839 1
0.474019 -0.166587 -0.245918 1
0.510314 -0.245221 -0.266351 1
-0.443947 0.116782 -0.214712 2
-0.636227 0.0119166 -0.281102 2
-0.326936 0.0184653 -0.161917 0
-0.284813 -0.0116913 0.0164294 2
-0.481201 0.0233688 -0.108279 2
0.256217 0.154152 0.0968116 3
-0.369202 -0.108678 -0.0694167 2
-0.178967 -0.0197911 -0.102559 0
0.219985 -0.0957023 -0.153424 1
-0.118518 0.0577645 -0.0228952 0
0.175948 0.10492 0.0526074 3
-0.0818088 0.0995701 -0.16199 2
0.0366391 0.0630794 0.0404985 3
-0.273148 -0.0624697 -0.105461 2
-0.544799 0.0163308 -0.230452 2
0.0170915 0.0408489 0.0351572 3
-0.300732 -0.0212147 0.00880712 0
-0.064485 0.0278316 0.0353423 2
0.127143 0.016101 -0.107389 1
0.243602 0.151225 0.0653017 3
0.359811 0.153515 0.0616713 3
-0.333373 0.0710401 -0.0986329 2
-0.41181 -0.00188623 -0.166468 2
-0.259448 -0.0342299 -0.0812842 0
-0.216109 -0.029776 -0.103666 0
-0.245421 -0.134826 -0.150288 0
0.216602 0.010015 0.215225 3
0.381914 0.194015 0.00132577 3
-0.338639 0.179123 -0.0149238 2
-0.186751 -0.015863 -0.0546671 0
0.127223 0.104315 0.0607735 3
0.40156 -0.0313029 -0.159824 1
0.469878 0.211283 0.059547 3
0.31512 0.143633 0.0538544 3
0.138703 0.0104268 0.0545117 3
0.381316 0.0143307 -0.122904 1
-0.404545 0.0284736 -0.140517 2
-0.278721 0.0589356 -0.182864 2
-0.0318747 0.0884958 0.0372214 2
0.310245 0.144862 0.0464189 3
0.0565806 0.0975506 0.117751 3
-0.174448 -0.0464758 -0.0436736 0
-0.510418 0.000208197 -0.325619 2
0.161552 0.0334132 0.0664392 3
0.307862 0.189457 -0.105527 3
0.572804 -0.141483 -0.101116 1
-0.142647 -0.0326699 -0.0442166 0
0.0918901 0.0656431 0.172247 3
-0.265513 -0.0268719 -0.125506 0
-0.131159 -0.0467669 -0.0384717 0
0.516928 -0.0254904 -0.163391 1
-0.00669165 0.0606416 -0.0771262 2
0.216899 0.057463 -0.171207 1
-0.224646 0.109267 -0.00727104 2
0.246582 0.0622098 0.196364 3
0.265892 0.232448 0.122832 3
0.142708 0.131174 -0.0504175 3
0.435214 0.172452 0.0496491 3
-0.609729 -0.0295205 -0.169734 2
-0.386616 0.0435244 -0.149578 2
-0.0813357 -0.0312118 -0.0414169 0
0.265521 0.12057 0.0501957 3
-0.529984 0.0700395 -0.161634 2
0.0341734 0.0720521 0.0486471 3
0.435415 0.239897 0.0515374 3
-0.236858 0.0713995 -0.0953273 2
0.342519 0.0215349 -0.163911 1
-0.187928 0.0344939 0.0253166 2
-0.183053 0.0858972 0.0740388 2
-0.177219 0.0732337 -0.113912 0
0.117362 0.0895964 0.0519454 3
0.249042 0.0652828 -0.131874 1
0.353445 0.221725 0.0516882 3
0.084873 0.0981041 0.0721122 3
0.821277 0.0172609 -0.158354 1
0.93496 -0.0607216 -0.310633 1
0.0816471 0.0106524 -0.0781077 1
-0.506108 0.0327868 -0.204565 2
-0.191054 0.146407 0.0680463 2
-0.329516 -0.024198 -0.241344 0
-0.327405 0.122245 -0.212061 2
-0.467279 0.0641397 -0.249601 2
-0.407672 -0.00289386 -0.18276 2
0.277509 -0.00743697 0.146212 3
0.32395 0.122412 0.035403 3
0.255414 0.193685 0.0177328 3
-0.114446 0.0148092 -0.0819335 0
0.358589 0.152921 0.0621213 3
0.29646 0.127474 0.0585003 3
0.0581881 0.0908346 -0.0688525 3
-0.428155 -0.0166695 -0.142331 0
0.168694 0.113895 -0.0235094 1
-0.616803 0.0976377 -0.22081 2
0.599093 0.00763242 -0.208067 1
-0.138054 0.102448 -0.106724 2
-0.172153 0.0096662 -0.126274 2
0.0748234 0.0992439 0.0546441 3
-0.609755 0.0584634 -0.315139 2
0.00464535 0.0790911 -0.0213048 2
-0.407715 0.0780928 -0.161014 2
-0.0996595 0.109692 0.0745791 2
-0.357173 0.119492 -0.089597 2
0.0648646 0.132993 0.0647197 3
0.0695108 0.074877 0.0476017 3
-0.0975462 -0.0309821 -0.0262067 0
-0.272922 0.0612903 -0.0933447 2
0.36036 0.150797 0.0701605 3
-0.606064 0.0702794 -0.210753 2
-0.390278 -0.0119834 -0.11111 2
-0.315567 0.0329171 -0.128803 2
-0.0822646 0.0838892 -0.0919294 2
-0.626366 -0.0205433 -0.272128 2
0.394005 0.201152 0.0996259 3
-0.428296 -0.0568889 -0.13533 0
-0.255367 0.0169918 -0.130813 2
-0.205128 0.0550211 -0.0138358 2
0.0374972 0.093403 0.0871219 3
0.225949 0.12349 0.0599727 3
-0.0737486 -0.000609076 0.0302434 2
-0.033364 -0.0469969 -0.01629 0
0.307884 0.078426 -0.138194 3
-0.0546273 -0.0788951 -0.00981149 0
0.30601 0.0695015 0.0721535 3
-0.239361 -0.0579106 -0.0328989 0
-0.299385 0.0883024 -0.100577 2
-0.618587 0.0180379 -0.274694 2
-0.45823 -0.0399837 -0.243364 2
0.743447 0.161773 -0.269658 1
0.148912 0.157505 -0.0533912 3
-0.138175 -0.0208086 0.0203432 0
-0.3073 -0.0809381 -0.165907 0
-0.190492 0.0501757 -0.0591847 2
-0.262873 -0.0477438 -0.0919113 0
-0.199878 -0.0138748 -0.10443 0
1.1943 -0.0724797 -0.263727 1
-0.0871071 -0.103312 -0.11761 0
-0.356763 -0.0132784 0.0219974 2
-0.330391 -0.00887724 0.00796719 0
0.0468592 0.130925 -0.0151868 3
0.910346 -0.208625 -0.240049 1
0.375671 0.153548 0.0527926 3
0.138489 0.192561 -0.0126326 3
0.294095 0.15191 0.0460152 3
-0.0829233 -0.0432463 -0.0305072 0
-0.333866 -0.0176286 -0.334721 2
1.09828 -0.068444 -0.253633 1
-0.163726 -0.0298441 -0.0440405 0
0.075529 0.0795538 0.0484273 3
-0.426958 0.0731499 -0.122076 2
-0.0200646 0.105308 0.0213613 2
-0.472736 0.0447327 -0.203237 2
0.483873 -0.0193691 -0.255212 1
-0.314916 -0.0695505 -0.0998176 0
0.407683 0.0489267 -0.167786 1
-0.0970759 0.024813 -0.0072082 2
0.154354 -0.103768 -0.101961 1
-0.199354 0.0239445 -0.148232 0
0.298973 0.13608 0.0922702 3
0.443034 0.188472 0.128346 3
-0.236212 0.153481 -0.126395 2
-0.229949 -0.0610528 -0.104009 0
-0.477596 -0.019555 -0.106642 2
0.278919 0.109458 0.0396346 3
0.0644848 0.0987525 0.0811462 3
0.886015 -0.20466 -0.287106 1
-0.224372 -0.0489338 -0.113557 0
-0.409427 -0.0674645 -0.0843872 2
0.0983733 0.153942 -0.00991252 3
0.233342 0.0035468 -0.129866 1
-0.0860354 -0.0352474 -0.0312324 0
-0.000547078 0.0893199 0.0548473 2
0.381258 0.0983607 0.0856181 3
-0.403503 0.079399 -0.165234 2
-0.343939 -0.03144 -0.144606 0
-0.290947 0.00116935 -0.117707 0
-0.219091 0.138507 -0.0590766 2
-0.442147 0.0293989 -0.172873 2
0.336908 0.211709 -0.0117424 3
0.633965 -0.0572453 -0.210576 1
-0.0387556 0.0813949 0.0970482 2
-0.034992 -0.0541381 -0.0270933 0
-0.317329 0.0129072 -0.262834 2
-0.360046 0.0100605 -0.0398765 2
-0.150464 0.0927869 0.043327 2
0.260355 -0.007976 -0.122537 1
0.253116 0.180309 0.085128 3
-0.365165 -0.0982417 -0.217416 2
0.147807 0.0974929 0.0527115 3
-0.0392301 -0.0148289 -0.0259569 0
0.151672 0.0689682 0.0595064 3
-0.382858 -0.022548 -0.136144 0
-0.23001 0.117045 -0.153572 2
0.849016 -0.0976805 -0.245935 1
0.00382558 0.0608788 -0.00298793 2
-0.159902 0.0346704 -0.00758665 2
0.361427 0.0745886 -0.122984 1
-0.170059 0.0813892 -0.0485703 2
-0.0951816 0.178706 0.0148083 2
-0.262104 0.037487 -0.235443 2
-0.0269214 0.0853505 0.0281179 2
0.475522 -0.0784601 -0.134415 1
0.120109 0.09779 0.0687124 3
-0.231641 -0.000246295 -0.133119 0
0.0438332 0.0807632 0.0478364 3
0.244836 0.123329 0.0622632 3
0.954021 -0.184565 -0.35083 1
0.254451 0.152211 0.0461817 3
-0.624318 -0.00359217 -0.279498 2
-0.15287 0.101788 -0.119616 2
-0.162928 0.0810439 -0.0458391 2
-0.415556 0.0743408 -0.187686 2
-0.42199 0.0258973 -0.229003 2
0.166262 0.0907986 0.066692 3
-0.175217 -0.0452465 -0.0400733 0
-0.460577 -0.0574566 -0.146524 0
0.34638 0.082318 0.101897 3
1.24195 -0.150957 -0.399836 1
-0.214288 0.0704229 -0.0443207 2
-0.170128 -0.0286283 -0.0729756 0
0.210372 0.0657451 0.0155879 3
0.160259 0.143549 0.0380381 3
-0.639512 0.00713543 -0.279818 2
-0.428904 0.080625 -0.16212 2
-0.354314 -0.0213738 -0.120919 0
0.198403 -0.0193675 -0.101859 1
-0.0566165 -0.0639311 -0.0531538 0
-0.240427 -0.0217833 -0.022467 2
-0.187733 0.17224 -0.0481287 2
-0.207432 0.0742709 -0.0594946 2
-0.0971048 0.0830503 -0.0588466 2
0.437966 0.157563 0.119676 3
0.152304 0.0983788 0.0534582 3
-0.287727 0.0463489 -0.0752797 2
0.417742 0.170767 0.066299 3
-0.358441 0.163484 0.0206862 2
-0.0622504 -0.0367752 -0.0618954 0
-0.229343 0.0675519 -0.0695435 2
0.312022 0.145009 0.00704312 3
-0.250956 0.0769089 -0.09021 2
0.193249 0.112078 0.0546542 3
-0.54712 0.0241622 -0.282744 2
0.0611333 0.0724896 0.143647 3
-0.385411 0.214101 -0.218923 2
-0.201461 -0.00927634 -0.0478353 0
-0.413085 0.0800726 -0.0450925 2
-0.224833 0.124046 -0.0827222 2
-0.325805 -0.00192716 -0.0778631 0
-0.335373 0.0601965 -0.113498 2
-0.307661 -0.00900122 -0.137471 0
0.777665 -0.136931 -0.21852 1
-0.457794 -0.00664552 -0.104222 2
0.449643 -0.101031 -0.195002 1
-0.36816 0.0678614 -0.127928 2
-0.397299 0.0553348 -0.145718 2
0.531412 -0.00140193 -0.120591 1
-0.00918109 0.126963 -0.0110729 2
0.314131 0.142745 0.0440236 3
-0.369596 0.0994573 -0.011852 2
-0.24764 -0.0343938 -0.0732757 0
0.0246731 0.0667282 0.0487775 3
-0.608287 0.00919813 -0.264159 2
0.068857 0.0891471 0.0310368 3
-0.453469 0.0136972 -0.0842767 2
0.320433 -0.0182684 -0.118121 1
-0.241425 0.0569466 -0.139525 2
-0.00894155 0.0875065 0.0289624 2
0.816494 -0.0822589 -0.212245 1
-0.446477 -0.0636861 -0.0804786 2
0.430237 0.0260819 -0.145589 1
-0.397424 0.0610453 -0.132824 2
0.285635 0.0599459 -0.063939 1
0.0922515 0.0654206 0.116718 3
-0.384715 0.000800466 -0.120545 0
-0.28047 0.0732848 -0.0654 2
0.201074 0.172797 0.0727508 3
-0.205161 0.0817889 -0.0843002 2
-0.217361 0.0555808 -0.0111162 2
0.643242 0.0121067 -0.342289 1
0.253507 0.124452 0.0858113 3
-0.221683 0.0166183 -0.119065 2
0.960558 -0.0791061 -0.322263 1
0.114189 0.101017 0.00919143 3
-0.222606 -0.00958852 -0.0828118 0
0.31924 0.104824 -0.146526 1
0.163712 -0.0665569 -0.0166197 1
0.81923 0.092172 0.0387941 1
1.17637 -0.0854105 -0.267373 1
-0.280894 0.0642873 -0.0134584 2
0.300493 0.145463 0.0621199 3
-0.362018 0.0152686 -0.0248027 0
1.0414 -0.134717 -0.295861 1
-0.349467 0.0478174 -0.139671 2
-0.421804 0.00748116 -0.279193 2
-0.351497 0.0314286 -0.100419 0
0.491553 0.0240236 -0.163161 1
-0.139274 0.055614 0.0185776 2
0.0969074 0.022358 0.00924925 3
0.179672 0.121049 0.0758871 3
-0.37232 0.0244666 -0.0911236 0
0.183315 0.143503 0.0402105 3
-0.519172 -0.0364254 -0.21735 2
-0.129002 -0.0485841 0.0288911 2
1.15309 -0.116084 -0.313132 1
-0.0441568 -0.0422998 -0.0111107 0
0.118691 0.0913182 0.055476 3
0.0889407 -0.00112328 -0.124127 1
0.439251 0.0570628 -0.0746683 1
-0.479346 0.00578297 -0.160417 2
-0.608837 0.0359754 -0.16222 2
0.277322 0.159507 0.0618591 3
0.342172 0.102545 0.102102 3
-0.0370944 0.0679631 -0.0281713 2
0.357173 0.124246 0.041316 3
-0.117736 0.0433687 -0.0723367 2
-0.493818 0.0305008 -0.231624 2
-0.128708 0.121107 -0.0554969 2
-0.633467 0.0569779 -0.270874 2
0.219503 0.144694 0.166375 3
0.466049 0.171673 0.0658544 3
0.479142 0.118822 0.119614 3
-0.137285 -0.0319466 -0.0540536 0
1.30213 -0.138626 -0.332664 1
0.157358 0.100661 0.018317 3
0.287704 0.037516 0.134929 3
-0.129909 0.0678934 0.219738 2
-0.0444426 0.0745565 0.0643453 2
-0.289502 -0.116896 0.00690517 2
-0.47016 0.0528512 -0.177094 2
-0.135459 -0.106205 -0.0821732 0
-0.294662 0.111574 -0.0972955 2
0.363973 0.143968 0.067639 3
-0.321303 -0.0661843 -0.120666 0
0.221282 0.112486 0.0531639 3
0.0630017 0.0755668 0.0488788 3
0.243617 0.0445153 0.0895354 3
0.180635 0.11028 0.0651143 3
0.144721 0.171848 0.0082948 3
-0.633047 0.0016296 -0.274916 2
-0.219803 -0.131261 -0.0444668 0
-0.131888 -0.0474744 -0.015655 0
-0.333264 0.128796 -0.242676 2
-0.0374746 0.110812 0.0143155 2
-0.245878 0.173094 -0.0238878 2
-0.125015 0.184354 -0.0952271 2
1.08856 -0.0450164 -0.250073 1
-0.00884993 -0.0289841 -0.0487735 0
-0.196018 -0.0429923 -0.0812446 0
-0.251836 0.0752121 -0.103383 2
-0.330693 0.0893627 -0.0959429 2
-0.177086 0.143048 -0.10554 2
-0.22282 -0.0895137 -0.0629603 0
0.217099 0.0876482 0.201459 3
0.479898 -0.0345924 -0.169482 1
-0.0237188 -0.0789706 -0.0446373 0
-0.249466 0.0544793 -0.12144 2
0.316514 0.00450816 -0.219636 1
-0.223537 -0.081583 -0.0220139 0
0.0211167 0.0705905 0.0480586 3
-0.479363 0.0151408 -0.211664 2
0.449243 0.191272 0.0761428 3
-0.357085 -0.0235072 -0.128091 0
-0.366514 -0.0254404 -0.12795 0
0.22131 0.124767 0.105664 3
-0.504251 0.0548969 -0.136694 2
-0.263926 0.0624376 -0.088606 2
0.336177 0.184003 0.179475 3
-0.568156 0.0997124 -0.285009 2
0.386267 0.147614 0.0593163 3
0.275986 0.0340636 0.0224187 3
0.234417 -0.144651 0.0916624 1
-0.220966 -0.0221653 -0.0800904 0
0.0858172 0.0625823 0.0202903 3
0.163578 -0.000248863 -0.0996912 1
0.274859 0.0600669 -0.103069 1
0.17593 -0.0142778 -0.123599 1
-0.0778175 0.0265187 0.0280533 2
-0.157868 0.154642 -0.0561481 2
-0.361709 0.0200101 -0.135547 0
-0.308084 -0.0340323 -0.109766 0
-0.157371 0.0443633 -0.0289418 0
-0.405172 0.0128905 -0.410413 2
-0.520462 0.0107676 -0.230619 2
-0.252605 -0.0843209 -0.0314573 2
-0.279996 -0.0116934 -0.038128 0
-0.0311481 -0.0700992 -0.0147241 0
-0.194971 0.0323411 -0.0838354 2
-0.411458 0.0536835 -0.299591 2
0.567407 -0.132647 -0.062893 1
0.790426 -0.0466561 -0.207894 1
-0.111827 -0.100119 -0.0672941 0
-0.310885 0.113075 0.0101273 2
-0.0665424 -0.0204206 -0.00431906 0
-0.427324 0.131276 -0.150387 2
-0.158767 -0.0463707 -0.0463558 0
0.143763 0.0184862 0.0920473 3
0.255797 0.10385 -0.036002 3
-0.235428 -0.0262877 -0.0812984 0
0.475438 0.199255 0.108798 3
0.096938 0.127924 0.024603 3
-0.00846628 -0.062397 0.0771278 2
0.413492 0.222533 0.0493289 3
0.287818 -0.100538 -0.0899807 1
-0.078439 0.145323 0.038317 2
0.928921 -0.0365318 -0.199346 1
-0.169568 0.0702452 -0.0446393 2
0.242113 0.117881 0.16662 3
-0.103264 -0.0289818 -0.0443626 0
0.206854 0.0949121 0.0317195 3
0.415771 0.110895 -0.0776073 1
-0.427197 0.0373052 -0.225541 2
-0.0665817 0.061661 -0.198688 2
0.186875 0.0808973 0.0553168 3
0.415613 0.0126866 -0.200804 1
-0.435399 0.00032965 -0.188357 2
-0.393022 -0.0252066 -0.13923 0
-0.0247554 0.0035204 -0.0886046 2
-0.279065 0.0584647 -0.092214 2
-0.461272 0.116931 -0.062768 2
-0.0910488 -0.0449408 -0.104523 0
0.284003 0.149994 0.0760418 3
-0.205992 -0.0384265 -0.0166774 0
-0.28037 0.0140564 -0.036146 2
0.140115 0.0302028 -0.069127 1
0.397625 -0.0642089 -0.129174 1
-0.500653 0.0484848 -0.114725 2
-0.0161165 0.0179897 0.037875 3
0.740491 0.0484664 0.0163271 1
0.593576 0.0404609 -0.258958 1
-0.34077 0.258626 0.0201427 2
0.272178 -7.20188e-05 -0.140542 1
0.115512 0.0899167 0.0516155 3
0.388097 0.16721 0.0519505 3
0.342714 0.167836 0.0283104 3
0.0439169 0.131911 -0.0149575 2
1.11282 -0.00261245 -0.267275 1
0.531017 -0.140754 -0.26885 1
0.338513 -0.0159148 -0.0719488 3
0.120107 0.0369498 -0.183418 1
-0.440494 0.0356461 -0.179349 2
-0.161486 -0.0791854 -0.0360042 0
1.33005 -0.105473 -0.257663 1
-0.390167 -0.00847552 -0.202642 0
0.236972 0.0400797 -0.178278 1
0.0111711 0.0600621 0.0484136 3
0.0302697 0.066485 0.0405888 3
-0.0713355 -0.041278 -0.0297344 0
0.274239 0.142839 0.0201613 3
0.437148 0.0268912 -0.306737 1
0.203222 0.147555 0.0467998 3
-0.102471 0.240031 -0.0173572 2
-0.462677 0.0628796 -0.161298 2
-0.285484 -0.147328 -0.184955 2
1.04871 -0.080606 -0.254886 1
0.20628 0.0750474 0.0304938 3
0.292663 0.1506 0.033134 3
-0.550952 -0.0222518 -0.283336 2
0.075453 -0.0559574 -0.10735 1
0.37645 0.151752 0.0625942 3
-0.473849 0.0210615 -0.218337 2
-0.327729 0.0455208 -0.147453 2
0.1792 0.119061 0.0481593 3
0.141851 0.100129 0.0236339 3
-0.365886 0.0171104 -0.350122 2
0.226168 0.0361152 0.000613933 3
-0.623836 -0.0513981 -0.267645 2
0.390047 0.198324 0.0233516 3
0.668635 -0.130649 -0.205023 1
0.0559822 0.140771 0.0693777 3
0.100644 0.206696 -0.0370317 3
-0.306754 -0.0807919 -0.0559619 0
1.19606 0.0947742 -0.319213 1
0.0686806 0.00504372 -0.0246047 1
-0.289048 0.0560953 -0.095841 2
-0.305005 0.060457 -0.135407 2
0.358913 -0.0381516 -0.128288 1
0.214731 0.0952567 0.119287 3
0.286505 0.148305 0.0777964 3
-0.580389 0.0594556 -0.218795 2
-0.662507 -0.0792071 -0.18794 2
0.158357 0.115495 0.0650587 3
-0.162946 0.0271016 -0.0679917 2
0.187643 0.088686 0.0747575 3
-0.335173 0.151814 -0.0906705 2
0.128964 0.208283 -0.0727786 3
-0.035656 -0.0308754 0.0127403 0
-0.356498 0.117632 -0.122033 2
0.218032 0.118356 0.0564084 3
1.20967 -0.375263 -0.199055 1
-0.214297 0.10808 -0.0309335 2
-0.634468 0.0127972 -0.292084 2
-0.398492 -0.0593839 -0.11076 0
-0.474248 -0.011104 -0.0887846 2
0.41672 0.15159 0.0741172 3
1.09474 -0.051248 -0.273865 1
0.289926 0.081932 -0.195193 1
0.0475567 0.109851 -0.00469688 3
0.069655 0.127878 0.000234514 3
-0.355293 -0.0085106 -0.306123 2
1.30302 -0.170674 -0.29121 1
-0.247191 -0.00228232 -0.0938309 0
-0.224208 0.0721011 -0.107056 2
-0.531396 -0.0145212 -0.188737 2
-0.155164 0.0782041 -0.0388417 2
0.0401914 -0.0323609 -0.207996 1
-0.522574 0.0249444 -0.230546 2
0.807204 -0.000994707 -0.316588 1
0.899259 -0.0695767 -0.233552 1
-0.142126 0.0417847 -0.00310017 2
-0.258922 -0.0186596 -0.0425641 0
0.279097 -0.00220806 -0.0684709 1
-0.281389 0.0631708 -0.108745 2
0.241407 0.125251 0.0584625 3
0.124423 0.0893263 0.0286462 3
0.733312 -0.0851493 -0.0736571 1
-0.216925 0.0302475 0.0159535 0
-0.489844 -0.0381536 -0.0859144 2
0.362105 0.14004 -0.0138762 3
1.02556 -0.173944 -0.3243 1
-0.579095 0.0185093 -0.243739 2
0.744667 -0.00127753 -0.138852 1
-0.493602 0.0968558 -0.276651 2
-0.142874 0.00791122 -0.0948325 0
-0.0352364 -0.0162268 -0.0145189 0
0.724635 -0.046931 -0.195008 1
-0.658746 0.0148841 -0.235102 2
-0.346142 0.0799094 -0.133088 2
-0.373469 -0.030318 -0.0955699 0
-0.11091 -0.0400578 -0.0288529 0
0.404474 0.1322 0.0477393 3
-0.0717941 -0.0240338 0.0531863 2
-0.375722 -0.0138673 -0.178098 0
-0.0587918 0.0395974 0.028697 3
0.20964 0.100328 0.0431188 3
0.239164 0.121659 0.0572492 3
0.225081 0.129536 0.0609541 3
0.373763 0.276993 0.117426 3
-0.444471 0.0312227 -0.174881 2
1.28492 -0.0419085 -0.231542 1
-0.127821 -0.07877 -0.004073 0
0.453786 0.226171 0.106812 3
-0.288379 0.059592 -0.0962354 2
0.367768 0.14722 0.03477 3
-0.540533 0.0773103 -0.337395 2
0.154035 0.0862565 0.119493 3
0.197105 0.187433 0.00624284 3
0.426873 0.10368 0.0700154 3
-0.349147 -0.045644 -0.139755 0
0.0470029 -0.0614463 -0.110868 1
-0.04936 -0.0354847 -0.0427422 0
-0.424773 0.0916725 -0.207651 2
0.180692 0.0110842 0.0428901 3
0.105855 0.0667903 0.0926111 3
0.175831 0.101991 0.052644 3
0.617456 -0.0613632 -0.189418 1
0.388104 0.131636 0.0271734 3
-0.253516 -0.0477465 -0.0646385 0
0.483889 -0.0455525 -0.149692 1
-0.211482 0.0369935 -0.072131 2
-0.310025 0.103351 -0.121331 2
-0.117688 -0.0103334 -0.0781714 0
-0.071148 0.0533226 -0.050849 2
-0.409424 0.0139445 -0.132833 0
0.40717 0.174136 0.0851347 3
-0.558595 0.116192 -0.32753 2
-0.575331 -0.063523 -0.198272 2
-0.108214 0.0997039 -0.0081044 2
-0.328128 0.0955577 -0.0826529 2
0.307355 0.215529 0.12671 3
-0.248421 -0.0766146 -0.0609089 0
-0.285087 0.020581 -0.107235 2
-0.321339 -0.0121591 -0.147822 0
0.246905 0.0651787 0.0521888 3
-0.262509 -0.0533568 0.0166551 0
0.91767 -0.159879 -0.183571 1
-0.344591 -0.0244409 -0.150027 0
-0.105955 0.0862037 0.0148269 2
-0.23728 0.0634172 -0.0727308 2
0.231728 0.039076 -0.000479686 3
0.132803 0.095405 0.0354277 3
-0.365522 0.0469308 -0.14357 2
0.641533 -0.0304851 -0.191523 1
-0.0419498 -0.0414926 -0.00826496 0
1.21037 -0.168414 -0.220756 1
1.04328 -0.0505922 -0.314559 1
-0.138317 0.00248755 -0.103434 0
-0.225221 -0.00905787 -0.0336259 0
0.227124 0.100585 0.0297125 3
-0.413314 -0.0300606 -0.162844 2
-0.422509 -0.0231775 -0.128959 2
0.221996 0.161876 0.0892634 3
-0.389473 0.0689979 -0.172028 2
0.254737 0.0537493 0.0380801 3
-0.169777 -0.0169787 -0.100207 0
-0.328623 0.0163816 -0.0135318 0
1.13035 -0.0516664 -0.266423 1
0.299153 0.16861 0.0476123 3
0.20817 0.164491 0.0883153 3
0.272615 0.0947845 0.0554313 3
0.41203 0.185934 0.0391264 3
-0.163626 -0.0275831 -0.0829947 0
0.554587 -0.0209816 -0.253061 1
-0.146026 0.0388847 -0.053755 0
-0.4225 -0.0452546 -0.328331 2
0.564435 -0.146191 -0.134043 1
0.30231 0.133395 0.13187 3
-0.55448 0.0384837 -0.170546 2
0.450226 0.213514 0.0851686 3
0.0521402 0.2876 0.176107 3
-0.392 0.00427663 -0.154771 0
-0.283733 0.103999 -0.0852101 2
0.108676 -0.0184249 -0.0670672 1
-0.0799504 0.0473147 -0.0723878 2
-0.349308 0.0463493 -0.0687468 2
-0.523239 0.00863556 -0.172388 2
-0.216143 0.0315728 0.0653639 2
-0.10202 0.189683 -0.0407262 2
-0.427687 -0.0192251 -0.151791 0
0.34289 -0.00747632 -0.12217 1
-0.475259 0.0285193 -0.177074 2
-0.19505 0.126385 -0.0498142 2
-0.332682 0.0750826 -0.0945054 2
0.19579 0.0820938 0.0492575 3
-0.551678 0.0955893 -0.298347 2
0.631292 0.0641158 -0.132507 1
0.255728 -0.000201745 -0.127416 1
-0.0584768 0.151691 0.0811074 3
-0.0782281 0.165025 0.0397854 2
0.344254 0.168786 0.0383579 3
-0.0088774 0.0983212 0.0195968 2
0.819694 0.0331935 -0.292165 1
0.231609 0.155723 0.118735 3
-0.426377 -0.0340666 -0.145008 0
-0.069062 0.0830154 -0.00685684 2
-0.0226782 -0.00222011 -0.0923979 1
0.182776 0.0873637 0.093437 3
-0.319266 -0.0230291 -0.114983 0
0.0541328 0.073668 0.0485116 3
-0.179005 0.0496723 -0.052193 2
-0.0847953 -0.0532504 -0.0733431 0
-0.16166 -0.0154424 -0.0190192 0
-0.216379 -0.0317154 -0.0474975 0
-0.337103 0.116711 -0.299763 2
-0.317412 0.0519768 -0.105465 2
-0.340439 -0.038992 -0.076002 2
-0.215628 -0.0446629 -0.0543176 0
0.998167 0.0176463 -0.350508 1
-0.00458685 0.0505715 0.0680573 3
0.249495 -0.00201917 -0.128819 1
-0.374323 -0.0142666 -0.116179 0
0.0166156 0.0608971 0.0549155 3
1.22126 -0.0273123 -0.330583 1
-0.348865 -0.0442629 -0.146303 0
-0.473718 0.0214749 -0.192552 2
-0.210528 0.0747007 -0.0634959 2
-0.289159 -0.00731439 -0.0943559 0
-0.588407 0.0261948 -0.246392 2
-0.247208 0.0766581 -0.0763867 2
0.169448 0.118038 0.0597951 3
0.222831 -0.000627558 -0.112611 1
0.255973 0.191863 0.0892364 3
0.190733 0.11562 0.0624883 3
0.428279 -0.00326833 -0.159291 1
-0.459472 0.0550694 -0.286556 2
-0.201299 0.237694 -0.0309783 2
-0.33725 -0.0457575 -0.146956 0
-0.148124 -0.0287151 -0.047088 0
-0.596481 0.0697025 -0.132617 2
-0.113558 -0.0291141 -0.0254789 0
-0.327338 0.0933479 -0.0256206 2
-0.440316 0.0919162 -0.113751 2
-0.284894 0.0364849 -0.0866473 2
-0.116488 -0.0142959 -0.066607 0
0.0234747 0.0631417 0.0450778 3
-0.093938 0.0858327 -0.00884164 2
0.00223487 0.190785 0.164513 3
-0.177401 -0.0297289 -0.0676616 0
-0.199916 0.035947 -0.148168 2
-0.278989 -0.0881204 -0.146649 0
-0.262196 0.050484 -0.0764421 2
-0.445163 0.0540923 -0.0741797 2
-0.604375 0.00917058 -0.180387 2
-0.231119 0.100788 0.00875402 2
-0.275367 0.0667975 -0.0859076 2
-0.360724 0.113163 0.0618502 2
-0.321359 -0.0173962 -0.108028 0
0.934044 -0.100274 -0.201212 1
-0.00919613 0.0764358 -0.0391485 2
-0.288852 0.03145 -0.114045 0
-0.227513 0.0236922 -0.0245894 2
0.361836 0.15224 0.0605802 3
1.00922 -0.0934118 -0.238995 1
-0.267697 0.0691357 -0.131465 2
-0.31467 -0.0155818 -0.0355254 0
-0.206219 -0.0702383 0.0163475 2
-0.11778 -0.0447805 -0.0271826 0
-0.614236 -0.0225393 -0.315608 2
0.295215 0.127822 0.0482093 3
-0.252065 0.0157719 -0.0828181 2
-0.542821 0.0327538 -0.226055 2
-0.145302 -0.0806696 -0.0592733 0
-0.066619 0.114686 -0.0315121 2
-0.334122 0.112265 -0.137824 2
0.422585 0.0190512 -0.187378 1
-0.314282 0.232765 -0.0310005 2
1.07699 -0.103097 -0.211393 1
-0.0503231 -0.0341491 -0.00957625 0
-0.21059 0.00351143 -0.105298 0
-0.562143 0.0189503 -0.235466 2
0.587555 0.0200973 -0.222977 1
1.38486 -0.100028 -0.298538 1
0.240794 0.112413 0.0603005 3
0.373144 -0.0950553 -0.209699 1
-0.22036 -0.0333299 -0.0658882 0
-0.375209 -0.0138994 -0.131168 0
0.347819 0.151564 0.0413932 3
-0.141181 -0.0425642 -0.0396669 0
0.270326 -0.0418992 -0.116975 1
0.859081 -0.135435 -0.0996671 1
1.07811 -0.0660087 -0.197439 1
0.7883 -0.0793285 -0.144953 1
-0.537174 0.0238662 -0.229555 2
-0.480007 -0.00619427 -0.383203 2
-0.605615 -0.00173194 -0.26709 2
0.726205 0.0354487 -0.255228 1
-0.311003 -0.00694566 -0.108763 0
-0.406328 0.113726 -0.0340617 2
-0.173219 -0.0334113 -0.00841802 0
-0.161071 0.0680031 -0.132324 2
-0.303771 -0.0364087 -0.147179 0
-0.115909 0.154595 0.0411158 2
-0.139706 0.0857063 -0.0142604 2
-0.283562 0.0451457 -0.0674598 0
-0.136175 -0.0475411 -0.0795389 0
0.39593 0.191704 0.0922373 3
0.0950403 -0.0736525 -0.197367 1
0.133895 0.0946499 0.0524955 3
1.05224 -0.0799261 -0.266364 1
-0.402608 0.0881662 -0.189731 2
-0.0508578 0.0786737 0.0102001 2
-0.445885 0.045359 -0.193971 2
0.25492 0.119495 0.0567099 3
0.0626586 0.183008 0.0679205 3
0.395049 0.165728 -0.0233778 3
0.262786 0.210297 0.0673632 3
