-0.511098060683477 -2.91209067770198 -0.10228410504597 1
-1.46406132277908 -0.407261216933522 0.504189832972453 1
-1.04329778070628 2.43172693322887 0.228956908777007 1
2.84032129682701 -0.220576338276476 2.05025819563675 0
-0.26233575615318 0.194684030856542 -0.547893298025336 1
2.88981953961792 -0.137345609605027 -3.28768149386041 0
2.69354716960552 -2.34975798395094 -0.0418825496548417 2
1.5916286603995 -1.41407222517376 -0.574925055912304 2
-3.47428532542695 -2.31430339462955 0.182608850793699 2
-2.03227750925593 -2.31967279387405 -0.24554817060691 2
2.5432349073037 0.440031754659816 0.89302849771505 0
2.58734618891774 0.520473638805969 2.70054376885855 0
-0.331126947332723 -2.22570277171436 -0.211180140662626 1
-0.273525425489112 -1.2906696477376 -0.116425251829372 2
2.67384468671912 -0.106691703752738 -3.41090793057752 0
2.46905599754512 0.137887314590418 -3.23602660410614 0
2.62648199332382 0.170405348960291 1.11406022720435 0
-0.297807907406934 -0.744791756308603 -0.347016521598564 1
2.70391231486365 0.115010852170506 -1.05268280640972 0
-2.3831992990666 -2.61419383069833 0.558366950278822 2
1.07462563888462 -1.38966613331942 -0.282886709172269 2
-0.985943531692916 -1.76404593552698 0.0785191864293577 2
2.38386932379938 1.34475434455986 0.521967241535291 0
-0.164513428369255 1.23338891659012 -0.679661469310813 1
-1.31440973723149 -0.519383245084936 -1.19135168905065 2
2.4055141012847 0.195917257696061 -0.555599997021017 0
-0.180967206347698 -2.08946848283498 -0.825603943576113 1
2.74643719730873 -0.311124315751991 -2.96815174319091 0
-3.32644220055604 -2.38756440236903 0.462519250726261 2
0.292721027438275 -2.56332271234081 0.275974502239838 2
2.62252620312581 0.818089674596596 -2.9298448450196 0
2.86699984693253 0.0771930957235878 -2.85442105693977 0
-0.0612406173717006 -1.34459421750982 -0.776415425176825 2
-0.228879049969647 0.617419559672407 -0.402257620178911 1
0.908463333123496 -3.28480420565222 -0.751568725169485 1
-0.0432464003287043 -0.636607890550654 -0.581489446612358 1
-0.234540586259835 -3.12037348051803 -0.33192182936212 1
2.20883295417671 0.442696030421004 -1.12037363695687 0
-0.812867790369069 -1.15668835439375 -0.370678998318909 1
-0.36822309754282 -1.52566363131387 -0.375020848191823 2
-0.6595927890562 1.1962505108492 -0.351976291060316 1
-0.890160445651156 2.86164364896476 -0.0338124427467624 1
-1.15191869936552 -2.1653788629534 0.215280283373007 2
0.0026510065259342 -2.9320050969913 0.35237700618086 2
-0.355533039187063 2.50669443660039 -0.503218487402662 1
2.7874339759971 -0.227740188871106 -0.314098291891193 0
-3.72568031887872 -2.61648460828404 0.341935286987295 2
0.307334755663405 0.683128764730155 -0.36508661276616 1
2.54268575707705 0.586281025343989 0.0957451688377096 0
2.19907796143076 0.879244088091737 2.55524552860276 0
-0.375238228946766 -3.0674427071325 -0.291622024808779 1
1.52487635588811 -1.19809737227496 -0.605578961764594 2
2.98184266485391 -0.480250048856076 2.54397795979889 0
2.41969961560467 -2.53172698043956 -0.0118422366403003 2
2.4100773371216 0.418080008247617 -2.96259518630956 0
1.4837730385724 -2.1449868567093 0.138906608877315 2
-2.06531533959365 -2.10765373117327 0.371482249177106 2
-1.43153893125977 -3.07652162102066 0.685764442246057 2
-0.920502648909009 -1.47266649393085 -0.182390363327921 1
0.174864001965697 0.129141282568726 -0.25181557108017 1
2.85594277060049 -1.77964010689857 -0.501464794706015 2
1.08060152730998 -1.80234045266073 -0.216154606626536 2
2.77013891074632 0.271059419765168 3.20129841914504 0
2.30312853766388 0.105522678429983 2.58683202418912 0
-0.245195161690346 -0.770852947234165 -0.266728035661848 1
-0.587274853579911 -3.38306096315477 -0.483284267717482 1
1.34063849933121 -1.58526729930864 -0.539307053847172 2
2.67384468671912 -0.106691703752738 2.99060574012986 0
3.21585769490011 0.141615571625584 1.78015051957072 0
2.63982126837658 0.319290065960322 -0.359984142026355 0
-0.771988526848016 -3.23234289829587 1.37052403597633 2
0.145817780289042 -3.79468686120997 0.253265570972535 2
-0.356786567830461 0.107009766220795 -0.0668238279413658 1
2.62522846468042 0.606800008421587 -0.964353995632808 0
2.82089068218063 -0.0821045110246802 2.08287694286608 0
2.63284790803076 -0.190075830633623 2.8943279635849 0
2.88795856533563 -0.570798026331591 2.63384568705606 0
-0.10824178327309 -1.25762518292514 -0.179136997423223 2
2.71566519074745 -0.242681482898112 0.301786387706167 0
-0.812455548998002 2.91881479182408 -0.162331574878633 1
0.24078970075253 -1.90162907528823 0.115876748247966 2
0.707081283920861 0.299860519669406 -1.00842476177846 1
-0.932410752982917 -1.58005084809343 0.319198089833649 1
-3.26788031181707 -1.97081494590648 -0.181125694704913 2
-1.5573962720707 0.0388762201267299 0.267392584812765 1
0.511086195895091 -1.71018548347779 -1.26249195386214 1
-1.11624072375382 -1.83339094863264 -0.0842140138783732 1
-2.68647459020051 -2.41939121980498 0.303503937702629 2
2.2798973610096 0.747782713225134 -3.04995522074487 0
-3.03375133747166 -1.38766825018156 -0.204030986570155 2
2.61314271827106 0.0215206319602587 3.11993050971054 0
2.99829644283235 -0.334307574590776 -3.65064189040607 0
-2.59577040472145 -1.90474357821391 0.118818990982699 2
-0.942361707398841 0.758061593353542 -0.541822258150014 1
1.82948294814139 -1.29832982456782 -0.761013936521508 2
-1.00447346048735 -2.84096092528538 0.372742591049021 2
0.751467140648227 1.7979478117165 -1.00110751297439 1
-1.28479458784507 -0.16274637017152 0.68543918613292 1
0.191884492103146 2.60165725810923 -0.677490544374357 1
-1.09522370993848 -1.592158735678 0.283891210938481 1
-1.33104141885472 -0.475080189593724 0.24466952060229 1
-0.984044545169431 2.5343367551797 -0.124360420222278 1
1.45694744556194 -1.66193494701949 0.242038401037523 2
-2.54148896531362 -2.27585364930569 0.333386525756642 2
-0.927572942032699 2.85156054765555 0.468236205043117 1
2.3561710866839 -0.0312095890683376 -0.132463718664982 0
2.71539061563413 -0.169556847556025 -2.36371940966003 0
2.49327911242616 -2.42816725902085 0.376781971254153 2
2.85221108156639 -0.932865367469544 1.22843913592942 0
3.22520044627498 -0.503279909485425 1.90917814870662 0
0.0101900707278536 -2.63951144802482 -0.720574866701901 1
2.72859298183131 0.333924563568455 -0.955872555508365 0
-0.714008213642833 2.80191649909291 0.150379153148438 1
2.56239094683675 0.374684562750107 -0.554743250434835 0
-0.134994950451373 -1.7600332933803 -0.311709642703396 1
2.59715947707592 1.10002192800727 2.08980982655436 0
-1.81873985991118 -3.39687992067814 0.547168046230153 2
-2.84517964897939 -1.44310260437597 -0.143801289082726 2
-3.2411756808033 -1.90486292513713 0.0480475082318348 2
-1.29646885028553 -3.02846522564686 -0.327561519794944 1
-2.97923019201215 -1.41407222517376 -0.574925055912304 2
2.50791722683788 -0.139056339913173 1.11480289117234 0
-1.22042896624468 -1.10342563179084 0.408035337001018 1
-1.37873698277558 2.62585420447335 -0.421205138214628 1
2.68420712510395 0.326607314764389 2.43547476110358 0
2.58846205130339 -0.19739307943769 -2.87188868318766 0
-0.640436749523145 -3.04117077905632 -0.417323482970025 1
2.53757337101351 0.510367545476607 3.05658309221465 0
-0.899640863283776 -0.608389073842102 0.329610979581884 1
2.45432493975895 -2.12285398050831 -0.21085488454949 2
2.6476366733969 0.819982632559508 -3.60483331845929 0
-0.680502153254869 -2.15873837313313 -0.218325531562993 2
1.04944002008137 -3.49926548429896 0.456773466964075 2
2.64354321694115 1.18619489941345 -2.94697418040397 0
2.67384468671912 -0.106691703752738 -0.518705197117269 0
2.5065267893389 0.651935013672573 2.69354020196699 0
2.64832273247913 0.319136667750885 0.0786174123270902 0
-0.807205496676716 0.168079027430447 0.195053963771112 1
-0.270619694671125 -1.9492487818645 0.0407302594277681 2
0.070342888949272 1.48506875946116 -0.702537931730725 1
2.94153170585363 -2.91813423364425 0.780380629372032 2
2.48663903626928 -1.92245088483575 0.409271176178696 2
-0.641690278166543 -2.90054569620303 0.0190711764912711 1
-1.087134487207 2.89149058688625 0.0753903892887678 1
-0.893250365722488 -1.1688534694704 -0.16450249981509 2
2.31053170131313 0.397867821588893 -1.2016278903633 0
-0.463030988871424 0.203406193657383 -0.669526546536122 1
0.521973313498021 -1.94401704887774 0.187415222046014 2
1.77768956533464 -3.48876537965639 1.17154454426356 2
2.59032302558567 0.236059337288874 1.84006184032611 0
