0.52193042758519 4.45964236668709 1.19750405948823
0.426422755593904 4.16133701361301 1.50787747974388
0.70022361035204 4.72077112932509 1.07964195076494
2.6010467198239 4.99380937082204 0.0920155201847166
0.660805951923933 3.77184999424529 1.23190335245544
2.38820696377704 3.77414516214197 1.22015778883184
1.94809886652529 3.1258368433064 1.18951359078691
3.31513330732031 3.06401317573846 1.66729025026898
0.566256369173871 3.55422049585889 1.91389282159817
0.0680087977872574 3.85818922317376 0.931222783693244
0.29282494237053 4.1869828360817 0.92814421468325
0.715157243068802 3.76322854780076 1.50754050299851
0.186518167009879 4.96453187416247 0.890738900134174
0.0349175050476731 4.39921989873626 1.38915542222071
2.14956576558477 4.24623488464859 0.42769123358196
1.82466348881604 4.67726290580162 1.33605243959435
0.890178676448855 4.81005283107908 0.352743883899301
3.66053938409144 4.12995825253805 1.96822606331565
2.87877474087246 3.89280612631096 1.43978040543124
1.05619853248004 3.88029255377611 0.315128266465152
0.899151539144171 4.1714667903606 0.898837351208265
3.45435042516075 4.03826088878896 1.59269231507227
3.78316036316168 4.86234871901105 1.81171669553502
1.48047245815627 3.08758725811565 1.7397007683782
1.97473522493114 4.0770090484566 0.572832042182277
0.410022940769437 4.63356961040015 1.97094050936724
3.63592692437577 4.68413987289453 1.82425729972613
0.960719687941605 4.30889825418071 0.295678038821748
2.51475077729681 3.37007944003344 0.100250947268982
1.95124528260348 4.67313357459984 1.84166472189202
3.67142644504695 4.0958264863544 1.1298417695999
3.7494215959544 4.15752324366087 0.602982911800481
1.2840402427678 4.47573432292273 1.51576571649641
0.279314117110772 3.80490120472306 1.7694802454341
3.30061101381658 3.38848769060034 1.42486564651569
3.0544815630933 3.8228222588726 0.241469677919397
3.21308587790504 3.22264119167292 1.99907123000661
3.71153715498255 4.63028191234424 1.38296687392068
0.607574253999061 3.51464307603852 1.86071590804708
0.480884081116244 3.28046370231373 0.0468365196621079
0.543365868666204 0.195562472104655 3.77972289160603
0.365786737363955 0.745032329509446 3.27871139038271
0.0367619767236498 0.885819683211189 3.914999482221
0.653620119133819 0.177348022055082 3.97775885125783
0.731263062832642 0.376212438688967 3.84509754544859
0.989349911241867 0.256146083343001 2.41929639857926
0.460126444104656 0.769771473924244 2.09458071623428
0.124245239652979 0.994491600747093 2.20294952245716
0.379167493010133 0.700271999677653 3.27497149653382
0.00693065529186043 0.266108397627608 3.37394222054181
0.235638442218399 0.688476537111136 2.73234062237083
0.798288062850418 0.861338079072635 3.73965976789994
0.933716633282803 0.930592672525407 3.1847555634564
0.84214702191246 0.510373685031599 3.6739781257549
0.0347706838304127 0.91224194190324 2.29537058956559
0.901944574333911 0.289017766051497 2.58897297955939
0.649568359771852 0.170530894855233 3.30945303178472
0.138033022996844 0.238463092865562 2.7115767870844
0.95031538300611 0.34612284894569 3.28775666947138
0.598448667310237 0.484317597014137 2.0475649739849
