0 0 255
1 0 255
2 0 255
3 0 255
4 0 255
5 0 255
6 0 255
7 0 255
8 0 255
9 0 255
10 0 255
11 0 255
12 0 255
13 0 255
14 0 255
15 0 255
16 0 255
17 0 255
18 0 255
19 0 255
20 0 255
21 0 255
22 0 255
23 0 255
24 0 255
25 0 255
26 0 255
27 0 255

0 1 255
1 1 255
2 1 255
3 1 255
4 1 255
5 1 255
6 1 255
7 1 255
8 1 255
9 1 255
10 1 255
11 1 255
12 1 255
13 1 255
14 1 255
15 1 255
16 1 255
17 1 255
18 1 255
19 1 255
20 1 255
21 1 255
22 1 255
23 1 255
24 1 255
25 1 255
26 1 255
27 1 255

0 2 255
1 2 255
2 2 255
3 2 255
4 2 255
5 2 255
6 2 255
7 2 255
8 2 255
9 2 255
10 2 255
11 2 255
12 2 255
13 2 255
14 2 255
15 2 255
16 2 255
17 2 255
18 2 255
19 2 255
20 2 255
21 2 255
22 2 255
23 2 255
24 2 255
25 2 255
26 2 255
27 2 255

0 3 255
1 3 255
2 3 255
3 3 255
4 3 255
5 3 255
6 3 255
7 3 255
8 3 255
9 3 255
10 3 255
11 3 255
12 3 255
13 3 255
14 3 255
15 3 255
16 3 255
17 3 255
18 3 255
19 3 255
20 3 255
21 3 255
22 3 255
23 3 255
24 3 255
25 3 255
26 3 255
27 3 255

0 4 255
1 4 255
2 4 255
3 4 255
4 4 255
5 4 255
6 4 255
7 4 255
8 4 255
9 4 255
10 4 255
11 4 255
12 4 219
13 4 130
14 4 64
15 4 37
16 4 0
17 4 1
18 4 1
19 4 14
20 4 204
21 4 255
22 4 255
23 4 255
24 4 255
25 4 255
26 4 255
27 4 255

0 5 255
1 5 255
2 5 255
3 5 255
4 5 255
5 5 255
6 5 255
7 5 255
8 5 255
9 5 255
10 5 255
11 5 51
12 5 6
13 5 2
14 5 2
15 5 2
16 5 2
17 5 2
18 5 2
19 5 2
20 5 5
21 5 20
22 5 255
23 5 255
24 5 255
25 5 255
26 5 255
27 5 255

0 6 255
1 6 255
2 6 255
3 6 255
4 6 255
5 6 255
6 6 255
7 6 255
8 6 255
9 6 167
10 6 14
11 6 4
12 6 2
13 6 30
14 6 113
15 6 206
16 6 243
17 6 243
18 6 243
19 6 150
20 6 2
21 6 2
22 6 144
23 6 255
24 6 255
25 6 255
26 6 255
27 6 255

0 7 255
1 7 255
2 7 255
3 7 255
4 7 255
5 7 255
6 7 255
7 7 255
8 7 160
9 7 30
10 7 2
11 7 88
12 7 142
13 7 241
14 7 255
15 7 255
16 7 255
17 7 255
18 7 255
19 7 239
20 7 44
21 7 2
22 7 138
23 7 255
24 7 255
25 7 255
26 7 255
27 7 255

0 8 255
1 8 255
2 8 255
3 8 255
4 8 255
5 8 255
6 8 255
7 8 164
8 8 17
9 8 2
10 8 85
11 8 227
12 8 255
13 8 255
14 8 255
15 8 255
16 8 255
17 8 255
18 8 255
19 8 255
20 8 105
21 8 2
22 8 138
23 8 255
24 8 255
25 8 255
26 8 255
27 8 255

0 9 255
1 9 255
2 9 255
3 9 255
4 9 255
5 9 255
6 9 157
7 9 4
8 9 37
9 9 207
10 9 250
11 9 255
12 9 255
13 9 255
14 9 255
15 9 255
16 9 255
17 9 255
18 9 255
19 9 255
20 9 105
21 9 2
22 9 138
23 9 255
24 9 255
25 9 255
26 9 255
27 9 255

0 10 255
1 10 255
2 10 255
3 10 255
4 10 255
5 10 255
6 10 143
7 10 2
8 10 143
9 10 255
10 10 255
11 10 255
12 10 255
13 10 255
14 10 255
15 10 255
16 10 255
17 10 255
18 10 255
19 10 246
20 10 71
21 10 13
22 10 237
23 10 255
24 10 255
25 10 255
26 10 255
27 10 255

0 11 255
1 11 255
2 11 255
3 11 255
4 11 255
5 11 255
6 11 235
7 11 210
8 11 250
9 11 255
10 11 255
11 11 255
12 11 255
13 11 255
14 11 255
15 11 255
16 11 255
17 11 255
18 11 255
19 11 188
20 11 2
21 11 15
22 11 255
23 11 255
24 11 255
25 11 255
26 11 255
27 11 255

0 12 255
1 12 255
2 12 255
3 12 255
4 12 255
5 12 255
6 12 255
7 12 255
8 12 255
9 12 255
10 12 255
11 12 255
12 12 255
13 12 255
14 12 255
15 12 255
16 12 255
17 12 255
18 12 228
19 12 21
20 12 7
21 12 150
22 12 255
23 12 255
24 12 255
25 12 255
26 12 255
27 12 255

0 13 255
1 13 255
2 13 255
3 13 255
4 13 255
5 13 255
6 13 255
7 13 255
8 13 255
9 13 255
10 13 255
11 13 255
12 13 255
13 13 255
14 13 255
15 13 255
16 13 255
17 13 211
18 13 98
19 13 2
20 13 123
21 13 255
22 13 255
23 13 255
24 13 255
25 13 255
26 13 255
27 13 255

0 14 255
1 14 255
2 14 255
3 14 255
4 14 255
5 14 255
6 14 255
7 14 255
8 14 255
9 14 255
10 14 255
11 14 255
12 14 255
13 14 255
14 14 255
15 14 255
16 14 244
17 14 66
18 14 2
19 14 52
20 14 228
21 14 255
22 14 255
23 14 255
24 14 255
25 14 255
26 14 255
27 14 255

0 15 255
1 15 255
2 15 255
3 15 255
4 15 255
5 15 255
6 15 255
7 15 255
8 15 255
9 15 255
10 15 255
11 15 255
12 15 255
13 15 255
14 15 255
15 15 244
16 15 99
17 15 2
18 15 9
19 15 178
20 15 255
21 15 255
22 15 255
23 15 255
24 15 255
25 15 255
26 15 255
27 15 255

0 16 255
1 16 255
2 16 255
3 16 255
4 16 255
5 16 255
6 16 255
7 16 255
8 16 255
9 16 255
10 16 255
11 16 255
12 16 255
13 16 255
14 16 244
15 16 99
16 16 2
17 16 53
18 16 187
19 16 255
20 16 255
21 16 255
22 16 255
23 16 255
24 16 255
25 16 255
26 16 255
27 16 255

0 17 255
1 17 255
2 17 255
3 17 255
4 17 255
5 17 255
6 17 255
7 17 255
8 17 255
9 17 255
10 17 255
11 17 255
12 17 255
13 17 244
14 17 99
15 17 2
16 17 29
17 17 184
18 17 255
19 17 255
20 17 255
21 17 255
22 17 255
23 17 255
24 17 255
25 17 255
26 17 255
27 17 255

0 18 255
1 18 255
2 18 255
3 18 255
4 18 255
5 18 255
6 18 255
7 18 255
8 18 225
9 18 222
10 18 222
11 18 115
12 18 92
13 18 69
14 18 2
15 18 29
16 18 217
17 18 255
18 18 255
19 18 255
20 18 255
21 18 255
22 18 255
23 18 255
24 18 255
25 18 255
26 18 255
27 18 255

0 19 255
1 19 255
2 19 255
3 19 255
4 19 255
5 19 255
6 19 243
7 19 174
8 19 11
9 19 2
10 19 2
11 19 2
12 19 2
13 19 2
14 19 2
15 19 2
16 19 69
17 19 185
18 19 232
19 19 255
20 19 255
21 19 233
22 19 99
23 19 178
24 19 255
25 19 255
26 19 255
27 19 255

0 20 255
1 20 255
2 20 255
3 20 255
4 20 255
5 20 175
6 20 60
7 20 2
8 20 2
9 20 2
10 20 2
11 20 2
12 20 7
13 20 21
14 20 89
15 20 7
16 20 2
17 20 2
18 20 15
19 20 105
20 20 182
21 20 111
22 20 151
23 20 204
24 20 255
25 20 255
26 20 255
27 20 255

0 21 255
1 21 255
2 21 255
3 21 255
4 21 248
5 21 7
6 21 2
7 21 2
8 21 2
9 21 2
10 21 2
11 21 13
12 21 150
13 21 255
14 21 255
15 21 148
16 21 13
17 21 2
18 21 2
19 21 2
20 21 10
21 21 95
22 21 255
23 21 255
24 21 255
25 21 255
26 21 255
27 21 255

0 22 255
1 22 255
2 22 255
3 22 255
4 22 198
5 22 5
6 22 2
7 22 2
8 22 2
9 22 8
10 22 120
11 22 234
12 22 255
13 22 255
14 22 255
15 22 255
16 22 234
17 22 138
18 22 72
19 22 72
20 22 207
21 22 255
22 22 255
23 22 255
24 22 255
25 22 255
26 22 255
27 22 255

0 23 255
1 23 255
2 23 255
3 23 255
4 23 255
5 23 134
6 23 132
7 23 79
8 23 120
9 23 239
10 23 255
11 23 255
12 23 255
13 23 255
14 23 255
15 23 255
16 23 255
17 23 255
18 23 255
19 23 255
20 23 255
21 23 255
22 23 255
23 23 255
24 23 255
25 23 255
26 23 255
27 23 255

0 24 255
1 24 255
2 24 255
3 24 255
4 24 255
5 24 255
6 24 255
7 24 255
8 24 255
9 24 255
10 24 255
11 24 255
12 24 255
13 24 255
14 24 255
15 24 255
16 24 255
17 24 255
18 24 255
19 24 255
20 24 255
21 24 255
22 24 255
23 24 255
24 24 255
25 24 255
26 24 255
27 24 255

0 25 255
1 25 255
2 25 255
3 25 255
4 25 255
5 25 255
6 25 255
7 25 255
8 25 255
9 25 255
10 25 255
11 25 255
12 25 255
13 25 255
14 25 255
15 25 255
16 25 255
17 25 255
18 25 255
19 25 255
20 25 255
21 25 255
22 25 255
23 25 255
24 25 255
25 25 255
26 25 255
27 25 255

0 26 255
1 26 255
2 26 255
3 26 255
4 26 255
5 26 255
6 26 255
7 26 255
8 26 255
9 26 255
10 26 255
11 26 255
12 26 255
13 26 255
14 26 255
15 26 255
16 26 255
17 26 255
18 26 255
19 26 255
20 26 255
21 26 255
22 26 255
23 26 255
24 26 255
25 26 255
26 26 255
27 26 255

0 27 255
1 27 255
2 27 255
3 27 255
4 27 255
5 27 255
6 27 255
7 27 255
8 27 255
9 27 255
10 27 255
11 27 255
12 27 255
13 27 255
14 27 255
15 27 255
16 27 255
17 27 255
18 27 255
19 27 255
20 27 255
21 27 255
22 27 255
23 27 255
24 27 255
25 27 255
26 27 255
27 27 255

