0 0 255
1 0 255
2 0 255
3 0 255
4 0 255
5 0 255
6 0 255
7 0 255
8 0 255
9 0 255
10 0 255
11 0 255
12 0 255
13 0 255
14 0 255
15 0 255
16 0 255
17 0 255
18 0 255
19 0 255
20 0 255
21 0 255
22 0 255
23 0 255
24 0 255
25 0 255
26 0 255
27 0 255

0 1 255
1 1 255
2 1 255
3 1 255
4 1 255
5 1 255
6 1 255
7 1 255
8 1 255
9 1 255
10 1 255
11 1 255
12 1 255
13 1 255
14 1 255
15 1 255
16 1 255
17 1 255
18 1 255
19 1 255
20 1 255
21 1 255
22 1 255
23 1 255
24 1 255
25 1 255
26 1 255
27 1 255

0 2 255
1 2 255
2 2 255
3 2 255
4 2 255
5 2 255
6 2 255
7 2 255
8 2 255
9 2 255
10 2 255
11 2 255
12 2 255
13 2 255
14 2 255
15 2 255
16 2 255
17 2 255
18 2 255
19 2 255
20 2 255
21 2 255
22 2 255
23 2 255
24 2 255
25 2 255
26 2 255
27 2 255

0 3 255
1 3 255
2 3 255
3 3 255
4 3 255
5 3 255
6 3 255
7 3 255
8 3 255
9 3 255
10 3 248
11 3 51
12 3 2
13 3 79
14 3 255
15 3 255
16 3 255
17 3 255
18 3 255
19 3 255
20 3 255
21 3 255
22 3 255
23 3 255
24 3 255
25 3 255
26 3 255
27 3 255

0 4 255
1 4 255
2 4 255
3 4 255
4 4 255
5 4 255
6 4 255
7 4 255
8 4 255
9 4 248
10 4 105
11 4 3
12 4 3
13 4 130
14 4 255
15 4 255
16 4 255
17 4 255
18 4 255
19 4 255
20 4 255
21 4 255
22 4 255
23 4 255
24 4 255
25 4 255
26 4 255
27 4 255

0 5 255
1 5 255
2 5 255
3 5 255
4 5 255
5 5 255
6 5 255
7 5 255
8 5 255
9 5 138
10 5 3
11 5 69
12 5 199
13 5 255
14 5 255
15 5 255
16 5 255
17 5 255
18 5 255
19 5 255
20 5 255
21 5 255
22 5 255
23 5 255
24 5 255
25 5 255
26 5 255
27 5 255

0 6 255
1 6 255
2 6 255
3 6 255
4 6 255
5 6 255
6 6 255
7 6 255
8 6 255
9 6 114
10 6 3
11 6 137
12 6 255
13 6 255
14 6 255
15 6 255
16 6 255
17 6 255
18 6 255
19 6 255
20 6 255
21 6 255
22 6 255
23 6 255
24 6 255
25 6 255
26 6 255
27 6 255

0 7 255
1 7 255
2 7 255
3 7 255
4 7 255
5 7 255
6 7 255
7 7 255
8 7 255
9 7 101
10 7 8
11 7 205
12 7 255
13 7 255
14 7 255
15 7 255
16 7 255
17 7 255
18 7 255
19 7 255
20 7 255
21 7 255
22 7 255
23 7 255
24 7 255
25 7 255
26 7 255
27 7 255

0 8 255
1 8 255
2 8 255
3 8 255
4 8 255
5 8 255
6 8 255
7 8 255
8 8 229
9 8 2
10 8 59
11 8 255
12 8 255
13 8 255
14 8 255
15 8 255
16 8 255
17 8 255
18 8 255
19 8 255
20 8 255
21 8 255
22 8 255
23 8 255
24 8 255
25 8 255
26 8 255
27 8 255

0 9 255
1 9 255
2 9 255
3 9 255
4 9 255
5 9 255
6 9 255
7 9 255
8 9 105
9 9 2
10 9 59
11 9 255
12 9 255
13 9 255
14 9 255
15 9 255
16 9 255
17 9 255
18 9 198
19 9 170
20 9 170
21 9 217
22 9 255
23 9 255
24 9 255
25 9 255
26 9 255
27 9 255

0 10 255
1 10 255
2 10 255
3 10 255
4 10 255
5 10 255
6 10 255
7 10 255
8 10 30
9 10 2
10 10 159
11 10 255
12 10 255
13 10 255
14 10 255
15 10 255
16 10 104
17 10 29
18 10 12
19 10 3
20 10 3
21 10 17
22 10 130
23 10 255
24 10 255
25 10 255
26 10 255
27 10 255

0 11 255
1 11 255
2 11 255
3 11 255
4 11 255
5 11 255
6 11 255
7 11 245
8 11 26
9 11 29
10 11 255
11 11 255
12 11 255
13 11 251
14 11 201
15 11 26
16 11 2
17 11 0
18 11 21
19 11 80
20 11 30
21 11 0
22 11 27
23 11 224
24 11 255
25 11 255
26 11 255
27 11 255

0 12 255
1 12 255
2 12 255
3 12 255
4 12 255
5 12 255
6 12 255
7 12 145
8 12 3
9 12 105
10 12 255
11 12 255
12 12 229
13 12 127
14 12 3
15 12 3
16 12 28
17 12 121
18 12 227
19 12 255
20 12 255
21 12 77
22 12 3
23 12 199
24 12 255
25 12 255
26 12 255
27 12 255

0 13 255
1 13 255
2 13 255
3 13 255
4 13 255
5 13 255
6 13 255
7 13 96
8 13 3
9 13 142
10 13 255
11 13 255
12 13 105
13 13 2
14 13 3
15 13 69
16 13 212
17 13 255
18 13 255
19 13 255
20 13 255
21 13 114
22 13 3
23 13 199
24 13 255
25 13 255
26 13 255
27 13 255

0 14 255
1 14 255
2 14 255
3 14 255
4 14 255
5 14 255
6 14 255
7 14 70
8 14 3
9 14 142
10 14 255
11 14 217
12 14 18
13 14 2
14 14 104
15 14 249
16 14 255
17 14 255
18 14 255
19 14 255
20 14 255
21 14 114
22 14 53
23 14 249
24 14 255
25 14 255
26 14 255
27 14 255

0 15 255
1 15 255
2 15 255
3 15 255
4 15 255
5 15 255
6 15 255
7 15 57
8 15 2
9 15 141
10 15 255
11 15 108
12 15 2
13 15 92
14 15 255
15 15 255
16 15 255
17 15 255
18 15 255
19 15 255
20 15 255
21 15 101
22 15 58
23 15 255
24 15 255
25 15 255
26 15 255
27 15 255

0 16 255
1 16 255
2 16 255
3 16 255
4 16 255
5 16 255
6 16 255
7 16 58
8 16 3
9 16 142
10 16 255
11 16 83
12 16 3
13 16 67
14 16 255
15 16 255
16 16 255
17 16 255
18 16 255
19 16 255
20 16 229
21 16 2
22 16 84
23 16 255
24 16 255
25 16 255
26 16 255
27 16 255

0 17 255
1 17 255
2 17 255
3 17 255
4 17 255
5 17 255
6 17 255
7 17 58
8 17 3
9 17 142
10 17 255
11 17 236
12 17 24
13 17 8
14 17 133
15 17 236
16 17 255
17 17 255
18 17 255
19 17 255
20 17 55
21 17 11
22 17 199
23 17 255
24 17 255
25 17 255
26 17 255
27 17 255

0 18 255
1 18 255
2 18 255
3 18 255
4 18 255
5 18 255
6 18 229
7 18 33
8 18 3
9 18 142
10 18 255
11 18 255
12 18 230
13 18 52
14 18 3
15 18 62
16 18 242
17 18 255
18 18 179
19 18 55
20 18 6
21 18 130
22 18 255
23 18 255
24 18 255
25 18 255
26 18 255
27 18 255

0 19 255
1 19 255
2 19 255
3 19 255
4 19 255
5 19 255
6 19 255
7 19 70
8 19 2
9 19 76
10 19 245
11 19 255
12 19 255
13 19 255
14 19 179
15 19 220
16 19 226
17 19 101
18 19 2
19 19 11
20 19 130
21 19 255
22 19 255
23 19 255
24 19 255
25 19 255
26 19 255
27 19 255

0 20 255
1 20 255
2 20 255
3 20 255
4 20 255
5 20 255
6 20 255
7 20 227
8 20 46
9 20 2
10 20 59
11 20 173
12 20 198
13 20 198
14 20 124
15 20 58
16 20 3
17 20 2
18 20 41
19 20 174
20 20 255
21 20 255
22 20 255
23 20 255
24 20 255
25 20 255
26 20 255
27 20 255

0 21 255
1 21 255
2 21 255
3 21 255
4 21 255
5 21 255
6 21 255
7 21 255
8 21 230
9 21 39
10 21 3
11 21 3
12 21 3
13 21 2
14 21 3
15 21 3
16 21 3
17 21 99
18 21 236
19 21 255
20 21 255
21 21 255
22 21 255
23 21 255
24 21 255
25 21 255
26 21 255
27 21 255

0 22 255
1 22 255
2 22 255
3 22 255
4 22 255
5 22 255
6 22 255
7 22 255
8 22 255
9 22 239
10 22 152
11 22 116
12 22 15
13 22 115
14 22 116
15 22 116
16 22 215
17 22 255
18 22 255
19 22 255
20 22 255
21 22 255
22 22 255
23 22 255
24 22 255
25 22 255
26 22 255
27 22 255

0 23 255
1 23 255
2 23 255
3 23 255
4 23 255
5 23 255
6 23 255
7 23 255
8 23 255
9 23 255
10 23 255
11 23 255
12 23 255
13 23 255
14 23 255
15 23 255
16 23 255
17 23 255
18 23 255
19 23 255
20 23 255
21 23 255
22 23 255
23 23 255
24 23 255
25 23 255
26 23 255
27 23 255

0 24 255
1 24 255
2 24 255
3 24 255
4 24 255
5 24 255
6 24 255
7 24 255
8 24 255
9 24 255
10 24 255
11 24 255
12 24 255
13 24 255
14 24 255
15 24 255
16 24 255
17 24 255
18 24 255
19 24 255
20 24 255
21 24 255
22 24 255
23 24 255
24 24 255
25 24 255
26 24 255
27 24 255

0 25 255
1 25 255
2 25 255
3 25 255
4 25 255
5 25 255
6 25 255
7 25 255
8 25 255
9 25 255
10 25 255
11 25 255
12 25 255
13 25 255
14 25 255
15 25 255
16 25 255
17 25 255
18 25 255
19 25 255
20 25 255
21 25 255
22 25 255
23 25 255
24 25 255
25 25 255
26 25 255
27 25 255

0 26 255
1 26 255
2 26 255
3 26 255
4 26 255
5 26 255
6 26 255
7 26 255
8 26 255
9 26 255
10 26 255
11 26 255
12 26 255
13 26 255
14 26 255
15 26 255
16 26 255
17 26 255
18 26 255
19 26 255
20 26 255
21 26 255
22 26 255
23 26 255
24 26 255
25 26 255
26 26 255
27 26 255

0 27 255
1 27 255
2 27 255
3 27 255
4 27 255
5 27 255
6 27 255
7 27 255
8 27 255
9 27 255
10 27 255
11 27 255
12 27 255
13 27 255
14 27 255
15 27 255
16 27 255
17 27 255
18 27 255
19 27 255
20 27 255
21 27 255
22 27 255
23 27 255
24 27 255
25 27 255
26 27 255
27 27 255

