573.663025,462.704987,0
272.958008,358.739014,0
488.710999,218.802002,0
26.469999,353.756012,0
391.274994,410.433014,0
636.726013,228.561996,0
137.104004,271.696991,0
526.953979,423.660004,0
440.992004,62.826,0
330.696991,351.165985,0
314.221008,411.265015,0
182.901001,351.725006,0
628.531006,150.091995,0
665.23999,409.595001,0
160.335999,275.21701,0
509.415985,134.110001,0
268.270996,144.970993,0
432.399994,388.273987,0
310.828003,404.414001,0
622.866028,328.757996,0
560.466003,353.040985,0
535.098022,457.578003,0
162.748001,367.48999,0
228.701996,104.393997,0
533.844971,123.348999,0
625.15802,242.820007,0
194.606003,260.516998,0
313.138,304.009003,0
134.018997,282.917999,0
563.752991,231.231995,0
610.765015,215.919006,0
420.488007,278.139008,0
271.140015,345.803009,0
638.583008,365.649994,0
327.55899,111.013,0
147.268997,183.251007,0
629.317993,452.661011,0
200.888,168.630005,0
276.389008,163.718994,0
221.850006,440.864014,0
106.712997,158.567993,0
314.936005,324.915009,0
377.075012,425.769989,0
674.817993,324.548004,0
498.069,245.934998,0
508.035004,215.328003,0
129.550003,345.552002,0
319.687988,360.279999,0
163.309998,352.216003,0
79.592003,76.397003,0
401.346008,278.38501,0
272.274994,445.757996,0
345.812012,272.641998,0
465.385986,211.468002,0
150.459,237.565994,0
55.134998,382.346008,0
271.278015,332.119995,0
365.264008,261.569,0
552.828003,304.859009,0
609.945007,158.653,0
142.781006,316.362,0
253.522995,432.817993,0
221.220993,344.022003,0
195.445999,259.274994,0
662.880005,114.582001,0
322.502991,137.376007,0
263.352997,404.726013,0
179.179993,279.618011,0
226.701004,243.069,0
201.895004,421.717987,0
249.634995,147.358002,0
33.276001,112.225998,0
490.376007,60.238998,0
643.405029,236.404007,0
179.363007,343.574005,0
237.356995,179.362,0
574.48999,153.964996,0
421.075989,321.447998,0
364.513,330.463013,0
243.779999,99.689003,0
407.02301,415.673004,0
148.179993,71.510002,0
660.578003,118.682999,0
212.710007,180.664993,0
283.488007,100.249001,0
169.332993,98.483002,0
596.784973,395.19101,0
292.14801,302.64801,0
243.962006,440.813995,0
26.872999,170.354996,0
22.938999,88.755997,0
342.256989,305.088989,0
78.93,278.739014,0
641.911987,69.421997,0
335.147003,314.890991,0
193.054993,436.953003,0
365.040985,272.917999,0
40.033001,74.324997,0
54.094002,68.93,0
198.516998,97.117996,0
330.539001,164.632004,0
423.694,134.559998,0
191.472,347.015015,0
220.093002,415.471985,0
623.064026,357.850006,0
170.007004,265.446014,0
124.455002,415.932007,0
643.697021,233.820007,0
66.523003,283.799011,0
92.503998,266.29599,0
607.416016,188.376999,0
282.744995,246.628006,0
557.546021,183.662994,0
276.516998,405.352997,0
301.348999,155.679993,0
245.932999,247.694,0
628.10498,347.213013,0
634.98999,449.028015,0
473.044006,169.300003,0
191.319,409.424988,0
630.689026,145.695999,0
545.515015,205.061996,0
87.171997,284.134003,0
526.58197,75.995003,0
345.196991,351.029999,0
549.35498,410.475006,0
412.013,273.039001,0
75.356003,104.830002,0
162.154007,112.124001,0
223.541,258.016998,0
555.218018,155.697998,0
68.766998,212.580002,0
505.604004,80.586998,0
255.987,415.031006,0
354.938995,131.378006,0
493.985992,452.359009,0
295.338989,161.434006,0
423.311005,201.298004,0
319.884003,313.587006,0
474.38501,166.210999,0
639.36499,163.731003,0
516.499023,119.601997,0
548.89502,353.427002,0
631.18103,90.578003,0
531.025024,409.593994,0
192.684006,413.770996,0
126.147003,426.477997,0
63.907001,371.658997,0
433.522003,387.910004,0
24.879999,178.809006,0
280.907013,75.983002,0
234.123993,269.299988,0
118.042999,268.763,0
133.565994,324.191986,0
124.917,416.612,0
135.319,182.998993,0
185.582001,159.981003,0
472.289001,170.257996,0
438.462006,328.803986,0
313.859985,374.769012,0
157.031006,138.417007,0
357.675995,314.311005,0
156.264999,40.147999,0
139.509995,363.320007,0
113.792,389.306,0
65.200996,400.415009,0
44.925999,305.390015,0
558.750977,416.915985,0
605.976013,211.039993,0
602.284973,373.450012,0
132.272003,317.660004,0
171.561005,280.029999,0
601.888,437.302002,0
451.057007,147.524002,0
463.561005,83.950996,0
157.916,192.259003,0
82.632004,90.992996,0
40.362999,172.292999,0
606.236023,220.901993,0
368.391998,411.803986,0
533.908997,447.316986,0
582.307983,431.826996,0
184.201004,271.984009,0
626.317993,321.779999,0
65.152,87.445,0
567.278015,400.157013,0
161.360001,158.388,0
316.972992,429.696014,0
209.104996,433.395996,0
472.407013,362.644012,0
623.942017,242.761993,0
588.914001,313.694,0
644.573975,109.598999,0
683.215027,328.167999,0
601.327026,417.243011,0
507.720001,354.306,0
254.235992,84.097,0
625.616028,196.518997,0
43.105,353.880005,0
652.830994,202.270004,0
493.471985,172.016998,0
75.767998,386.665985,0
671.684998,364.480011,0
626.16803,325.358002,0
216.677994,52.877998,0
516.723022,139.649002,0
31.261999,227.115005,0
522.583984,107.244003,0
201.416,163.787994,0
377.341003,259.234009,0
474.274994,227.440994,0
159.964005,138.389999,0
69.485001,110.584999,0
456.540009,302.205994,0
345.122009,281.928009,0
509.960999,88.615997,0
337.223999,434.135986,0
412.507996,397.621002,0
74.010002,73.670998,0
536.620972,448.562988,0
143.466995,425.734009,0
426.936005,383.645996,0
98.282997,102.789001,0
550.674988,327.447998,0
187.395004,152.098999,0
338.582001,397.027008,0
199.447006,91.464996,0
55.244999,77.925003,0
564.601013,366.442993,0
530.757996,338.81601,0
661.429993,372.276001,0
633.869019,188.259003,0
80.111,156.643997,0
374.515991,301.580994,0
567.844971,414.546997,0
554.263977,299.127014,0
168.283005,257.950012,0
158.358994,111.598,0
128.238007,429.040985,0
456.451996,70.103996,0
196.729996,263.447998,0
100.410004,97.904999,0
575.176025,153.382004,0
552.192017,423.151001,0
217.973007,170.294998,0
25.923,70.788002,0
605.507996,225.925995,0
441.550995,345.230011,0
547.195007,424.432007,0
167.199005,255.119995,0
230.876999,436.569,0
58.390999,314.438995,0
324.897003,262.238007,0
626.590027,225.893005,0
660,447.613007,0
43.667999,291.398987,0
673.833984,435.253998,0
104.347,175.610992,0
317.203003,106.982002,0
63.116001,369.837006,0
156.759003,400.334015,0
630.54303,266.906006,0
50.431999,299.390991,0
517.638977,420.626007,0
650.768005,347.282013,0
165.121002,345.513,0
534.697998,363.307007,0
640.127991,195.589005,0
607.945007,287.714996,0
249.584,140.167007,0
490.302002,50.078999,0
515.19397,222.449997,0
206.044998,436.02301,0
632.502991,333.635986,0
358.221985,339.085999,0
351.076996,315.341003,0
269.04599,415.209015,0
535.198975,380.906006,0
636.14801,422.864014,0
36.111,299.346985,0
71.834999,468.425995,0
272.670013,49.078999,0
171.029999,403.242004,0
97.421997,224.052994,0
21.128,311.597992,0
168.940994,165.505997,0
645.005005,167.335999,0
281.877991,407.031006,0
639.466003,312.161987,0
647.406006,165.395004,0
379.222992,272.997009,0
659.622009,303.381012,0
463.955994,354.920013,0
472.748993,148.429993,0
272.765015,340.341003,0
577.437988,269.242004,0
69.474998,172.229996,0
609.16803,245.070007,0
337.385986,421.003998,0
220.005997,432.739014,0
448.145996,393.502014,0
330.506012,132.798996,0
237.464005,426.733002,0
536.55603,417.416992,0
320.40799,71.723,0
288.829987,141.494003,0
55.153,381.592987,0
493.319,135.259995,0
207.054993,427.265015,0
549.89801,182.936005,0
677.23999,171.324005,0
527.401978,394.847992,0
482.286987,72.296997,0
512.531982,248.171997,0
655.927979,331.411011,0
638.075989,395.519012,0
642.192017,118.147003,0
293.233002,273.55899,0
116.625999,298.558014,0
545.987976,437.963989,0
61.126999,99.230003,0
67.918999,183.031998,0
446.962006,324.436005,0
54.469002,321.346008,0
444.528992,376.501007,0
544.440979,446.593994,0
378.166992,264.315002,0
435.459991,348.162994,0
688.903992,400.265015,0
532.91803,129.125,0
568.815979,443.492004,0
557.338013,299.815002,0
647.140015,108.757004,0
338.683014,345.398987,0
187.419006,79.654999,0
97.907997,233.809006,0
331.139008,270.07901,0
593.908997,252.438004,0
447.242004,145.225998,0
18.958,371.421997,0
388.145996,386.002014,0
102.495003,76.781998,0
679.437012,321.915985,0
107.185997,109.662003,0
666.254028,366.738007,0
626.247009,192.001007,0
543.796997,153.216995,0
614.085999,282.567993,0
57.620998,204.113998,0
31.709999,452.782013,0
559.703979,133.75,0
176.826996,271.572998,0
176.386993,100.872002,0
633.390015,271.5,0
76.498001,163.029999,0
537.47998,372.144012,0
196.602997,99.322998,0
230.875,247.044998,0
632.893005,442.26001,0
119.810997,163.209,0
620.744995,209.016006,0
52.893002,316.242004,0
631.171021,163.610001,0
566.963989,293.506989,0
506.381012,55.862999,0
344.48999,338.303009,0
675.317993,135.110992,0
251.272003,169.212006,0
256.227997,267.487,0
429.007996,147.643005,0
479.217987,153.335999,0
83.149002,413.325012,0
298.536011,440.790985,0
303.881012,284.747009,0
516.817993,343.441986,0
515.267029,429.652008,0
639.283997,155.419998,0
19.915001,163.184006,0
118.477997,389.855988,0
150.809998,427.674988,0
283.175995,81.482002,0
510.104004,117.977997,0
107.398003,92.721001,0
560.184021,192.289993,0
160.660995,77.249001,0
505.898987,430.419006,0
617.640015,441.847992,0
580.607971,297.47699,0
194.470993,157.386993,0
52.852001,51.333,0
437,112.594002,0
96.667999,326.075989,0
642.616028,391.002991,0
523.711975,75.024002,0
168.783997,250.097,0
153.695999,183.013,0
183.649002,69.685997,0
315.705994,371.246002,0
551.177002,134.990005,0
342.96701,314.769012,0
564.463989,292.351013,0
634.971985,268.94101,0
412.05899,390.992004,0
666.424988,403.01001,0
212.779999,419.444,0
524.046997,73.32,0
340.544006,259.696014,0
266.910004,247.371994,0
152.039001,347.884003,0
319.237,235.703995,0
552.760986,369.179993,0
190.533997,171.927994,0
616.671021,157.800003,0
584.98999,401.860992,0
182.345993,93.089996,0
192.089996,160.039993,0
235.531006,172.255005,0
287.187012,194.975006,0
435.549988,145.395004,0
153.755997,266.591003,0
237.820007,168.024994,0
319.440002,287.985992,0
336.544006,378.734009,0
164.317001,335.970001,0
582.838989,248.324005,0
579.46698,400.79599,0
431.69101,161.682999,0
310.859985,76.639999,0
211.731003,171.761993,0
128.738998,347.509003,0
665.525024,311.744995,0
651.60498,433.026001,0
615.034973,280.036011,0
120.956001,406.173004,0
29.25,110.994003,0
646.799011,197.472,0
196.022003,250.524002,0
259.747009,102.946999,0
535.119019,328.843994,0
254.791,168.610992,0
557.369995,382.78299,0
552.674988,160.487,0
369.658997,364.718994,0
240.716995,178.755005,0
49.992001,151.781006,0
161.942001,107.855003,0
661.580017,465.583008,0
96.318001,322.427002,0
545.841003,357.713013,0
40.875999,139.332993,0
329.792999,257.678986,0
91.365997,381.386993,0
304.01001,327.502014,0
361.669006,110.421997,0
129.035004,75.443001,0
282.769989,248.761002,0
598.192017,262.924988,0
314.091003,333.808014,0
115.486,177.085007,0
421.075012,123.892998,0
61.395,77.724998,0
279.119995,412.833008,0
556.708984,316.790985,0
116.730003,266.860992,0
30.820999,311.726013,0
545.450012,137.990997,0
551.200012,294.298004,0
175.567993,353.932007,0
218.037994,424.520996,0
611.72699,264.127014,0
133.514008,145.516006,0
492.416992,369.675995,0
373.136993,121.93,0
240.800995,181.177994,0
642.546021,407.834991,0
128.582993,81.598999,0
571.177979,434.044006,0
96.867996,88.463997,0
383.730988,281.222992,0
169.408997,413.670013,0
65.527,161.731003,0
381.522003,386.890991,0
539.512024,411.975006,0
420.737,134.843994,0
331.64801,100.469002,0
318.721008,425.091003,0
422.266998,101.899002,0
446.697998,373.311005,0
134.177002,332.105988,0
61.426998,138.457001,0
482.255005,82.785004,0
655.83197,315.993988,0
316.302002,405.178009,0
260.291992,244.798996,0
319.200012,399.345001,0
217.335999,315.332001,0
480.609985,212.460999,0
157.373001,451.589996,0
573.763977,161.151993,0
149.662994,83.439003,0
90.711998,340.38501,0
492.165985,86.233002,0
544.39801,202.037003,0
638.116028,364.04599,0
526.802002,96.915001,0
479.29599,231.044006,0
550.771973,303.123993,0
6.321,385.88501,0
637.968994,211.983002,0
661.635986,320.209015,0
528.343994,223.132996,0
528.56897,121.501999,0
33.044998,182.992004,0
540.38501,373.821991,0
308.950012,157.438004,0
535.455994,87.447998,0
29.556999,457.348999,0
94.842003,135.203995,0
106.488998,109.052002,0
576.499023,196.431,0
555.070984,427.039001,0
248.820007,144.889999,0
216.684006,347.716003,0
173.949997,432.247986,0
382.863007,386.951996,0
566.947021,179.117996,0
392.109985,270.972992,0
550.335999,288.852997,0
621.648987,220.380997,0
469.035004,155.807999,0
240.199997,101.600998,0
41.348,84.674004,0
154.658005,278.778015,0
374.334015,275.757996,0
545.742981,122.257004,0
676.58197,437.993011,0
108.059998,52.494999,0
650.880005,79.185997,0
605.15802,394.075012,0
500.019989,138.520004,0
179.201996,346.053986,0
560.799011,136.882996,0
607.244019,164.625,0
642.695007,385.321991,0
51.148998,85.004997,0
559.645996,432.453003,0
557.013977,386.488007,0
71.417999,382.11499,0
131.744003,178.141998,0
539.051025,374.54599,0
581.416016,407.667999,0
449.833008,381.644989,0
457.278015,349.225006,0
76.857002,420.645996,0
442.001007,133.891006,0
432.295013,187.367996,0
435.737,293.309998,0
523.780029,353.627014,0
445.329987,163.444,0
69.421997,311.278992,0
504.325989,403.652008,0
119.403,287.875,0
367.699005,142.716003,0
367.515015,258.700989,0
143.296997,145.345001,0
565.666992,293.316986,0
627.924011,203.328003,0
170.740005,466.536011,0
201.688995,92.804001,0
40.666,82.996002,0
150.738998,91.306999,0
532.814026,296.114014,0
430.753998,387.63501,0
653.362,445.377014,0
423.812988,341.303009,0
531.421021,430.824005,0
383.829987,398.269012,0
175.906998,100.194,0
184.289993,333.656006,0
241.580994,106.008003,0
426.709015,125.924004,0
559.567993,308.893005,0
97.632004,246.050003,0
687.921997,340.661011,0
116.218002,100.384003,0
400.747009,390.30899,0
353.843994,313.880005,0
46.813,352.38501,0
427.566986,403.036011,0
444.592987,102.185997,0
550.383972,139.181,0
66.539001,170.910004,0
635.718994,161.542007,0
175.102997,110.700996,0
155.746994,93.084999,0
257.065002,103.917999,0
484.859985,228.520996,0
434.419006,301.307007,0
525.257019,321.554993,0
450.006989,204.031998,0
28.521,301.506012,0
289.826996,92.748001,0
657.124023,450.480988,0
500.674011,70.160004,0
657.495972,113.950996,0
302.102997,421.332001,0
271.065002,287.122009,0
584.549988,398.313995,0
551.726013,358.381989,0
346.670013,413.496002,0
151.764008,346.700989,0
205.574997,410.89801,0
229.634003,413.161011,0
574.776001,149.666,0
116.117996,270.098999,0
267.886993,403.794006,0
131.309006,264.388,0
652.603027,449.102997,0
32.332001,96.075996,0
496.424988,376.622986,0
537.072998,343.324005,0
496.519012,231.653,0
135.242004,264.537994,0
59.542999,89.464996,0
659.021973,147.444,0
532.47998,316.11499,0
43.203999,355.894989,0
144.906998,113.889,0
361.789001,349.989014,0
147.505997,260.898987,0
552.414978,440.575989,0
319.243988,160.796997,0
614.35498,447.963013,0
528.132019,357.187012,0
365.355988,141.425003,0
31.622999,326.346008,0
533.044983,34.978001,0
636.304016,444.109985,0
30.392,180.352997,0
639.310974,314.082001,0
601.815979,446.304993,0
82.641998,171.220001,0
629.966003,118.033997,0
79.632004,394.408997,0
454.519989,145.119003,0
286.177002,342.243988,0
444.570007,101.573997,0
476.421997,342.458008,0
48.979,323.148987,0
405.398987,407.596985,0
558.439026,412.091003,0
276.824005,253.897995,0
144.522995,276.057007,0
636.046021,181.612,0
643.814026,70.362,0
655.63501,427.006012,0
640.049011,109.363998,0
329.533997,176.617004,0
649.367981,429.450012,0
605.054993,65.334999,0
569.495972,403.553986,0
124.792999,348.795013,0
319.79599,274.15799,0
647.758972,120.481003,0
224.667007,144.895996,0
423.173004,123.603996,0
659.653992,400.334991,0
527.297974,137.360001,0
559.947021,344.312988,0
159.167007,361.296997,0
117.998001,400.035004,0
588.882019,301.082001,0
549.794983,166.147003,0
377.427002,277.386993,0
183.097,321.516998,0
426.127991,286.682007,0
525.328979,408.777008,0
301.912994,76.552002,0
423.152008,120.814003,0
666.064026,263.010986,0
57.476002,175.723007,0
500.821991,75.995003,0
70.221001,380.265991,0
649.166992,74.495003,0
518.364014,251.863998,0
133.326004,361.270996,0
198.014999,430.942993,0
450.641998,70.155998,0
668.442993,358.912994,0
286.744995,473.703003,0
313.351013,68.931,0
525.344971,249.365005,0
156.341003,458.144989,0
100.616997,159.143997,0
614.357971,154.889999,0
570.64801,462.231995,0
549.127991,194.162003,0
285.811005,250.393997,0
619.945007,283.01001,0
432.953003,289.514008,0
105.209999,286.343994,0
505.912994,138.923004,0
506.912994,401.26001,0
75.863998,370.152008,0
612.122986,163.035004,0
624.851013,318.255005,0
234.878006,181.878006,0
622.039001,212.251007,0
594.091003,459.855988,0
220.416,256.351013,0
618.088013,185.987,0
284.822998,433.441986,0
293.697998,174.442993,0
206.035995,275.737,0
467.237,163.014999,0
328.446991,319.295013,0
598.466003,375.536987,0
644.646973,325.904999,0
191.964996,408.838989,0
311.420013,144.998993,0
294.911987,421.480011,0
656.827026,170.574005,0
46.91,93.008003,0
530.934021,91.579002,0
329.298004,307.03299,0
296.876007,426.281006,0
592.572998,273.23999,0
527.396973,75.471001,0
353.395996,329.170013,0
144.613998,320.949005,0
183.617004,352.57901,0
603.031982,444.463013,0
92.330002,395.157013,0
318.265015,159.479996,0
38.134998,81.592003,0
487.203003,155.054001,0
452.694,58.148998,0
153.738998,404.411011,0
441.855988,166.511993,0
216.845993,411.747009,0
496.164001,448.76001,0
148.744003,138.274002,0
65.714996,293.321991,0
557.208984,309.862,0
411.151001,314.535004,0
66.619003,167.591995,0
286.908997,154.985992,0
637.791016,350.903015,0
152.194,153.153,0
337.822998,323.938995,0
504.597992,124.780998,0
164.078995,91.507004,0
237.854996,245.505005,0
258.924988,265.519989,0
21.409,181.389008,0
326.708008,76.464996,0
188.621994,417.372986,0
345.674011,340.30899,0
428.716003,279.231995,0
588.627991,181.076004,0
74.502998,78.406998,0
530.117004,253.397995,0
433.571014,401.859009,0
77.670998,387.261993,0
369.010986,293.705994,0
158.873001,304.665985,0
543.882019,319.738007,0
490.389008,46.648998,0
532.054993,122.723999,0
656.109985,136.136002,0
276.786011,116.775002,0
615.19397,219.839996,0
512.455994,416.987,0
551.221985,101.063004,0
514.143982,129.276001,0
257.264008,142.807007,0
447.145996,356.751007,0
216.791,146.862,0
91.281998,381.058014,0
611.898987,212.694,0
167.942001,409.218994,0
664.393982,332.122986,0
652.268005,326.389008,0
482.756989,180.824005,0
325.984985,432.681,0
627.604004,129.175995,0
163.388,176.343002,0
563.159973,352.825012,0
146.537994,273.415009,0
481.872986,338.631012,0
532.112976,131.972,0
608.122986,154.255005,0
563.395996,154.951996,0
175.985992,105.127998,0
642.440979,65.102997,0
656.533997,127.134003,0
261.787994,253.574997,0
237.209,72.018997,0
447.425995,58.319,0
556.315979,395.302002,0
198.406998,172.212997,0
153.593002,409.774994,0
63.834,407.371002,0
431.532013,306.55899,0
556.325989,436.638,0
162.707001,346.89801,0
315.369995,418.723999,0
570.370972,302.122009,0
283.933014,258.990997,0
184.005005,342.394989,0
600.901978,213.195999,0
614.940002,155.576996,0
107.594002,109.228996,0
211.703995,417.877991,0
167.425995,280.524994,0
127.008003,104.614998,0
315.48999,169.065994,0
559.382996,457.334015,0
317.621002,108.413002,0
188.619003,275.36499,0
321.47699,333.908997,0
152.451004,267.613007,0
216.692993,90.176003,0
276.96701,78.988998,0
246.712997,80.096001,0
528.138,346.492004,0
632.700012,368.713989,0
683.671021,422.505005,0
484.635986,243.158997,0
30.176001,163.656006,0
271.911987,321.330994,0
557.054016,410.816986,0
435.46701,73.684998,0
228.440994,344.549988,0
217.425995,387.317993,0
126.953003,153.559006,0
566.252014,376.006012,0
617.815002,225.705002,0
668.906982,412.209015,0
307.32901,340.701996,0
457.910004,379.863007,0
67.588997,369.546997,0
37.978001,377.388,0
21.172001,311.829987,0
637.833008,188.871002,0
235.505997,405.515015,0
525.361023,419.164001,0
144.733994,104.077003,0
642.661987,245.097,0
540.005005,377.290985,0
305.40799,95.636002,0
675.424011,327.359985,0
558.038025,324.983002,0
637.531982,313.834015,0
447.205994,306.403992,0
190.423996,69.633003,0
258.957001,169.695999,0
554.716003,460.90799,0
629.853027,94.010002,0
527.799011,138.093994,0
487.053986,243.987,0
39.921001,98.830002,0
487.975006,76.360001,0
322.678009,77.383003,0
425.781006,29.153,0
392.596008,316.425995,0
207.764008,408.546997,0
123.494003,404.996002,0
195.332993,146.656998,0
327.187012,305.098999,0
287.368988,434.235992,0
47.486,210.742004,0
96.503998,55.868,0
6.615,355.303009,0
161.046997,167.031998,0
515.737,354.632996,0
421.536011,364.617004,0
46.922001,398.243011,0
588.979004,403.192993,0
557.708008,143.807999,0
130.682007,281.234985,0
184.802994,275.141998,0
524.403015,131.164001,0
295.781006,263.855988,0
607.867004,257.979004,0
261.427002,467.022003,0
487.709991,214.871002,0
654.52002,373.347992,0
127.508003,350.464996,0
203.608994,139.328995,0
37.202,142.505005,0
339.920013,320.062012,0
142.128998,419.989014,0
651.528015,138.403,0
632.028015,194.416,0
221.757996,423.954987,0
400.397003,397.984009,0
503.446014,73.821999,0
193.906006,407.432007,0
71.043999,302.360992,0
374.59201,163.363007,0
628.267029,279.040985,0
507.252014,354.371002,0
94.281998,141.460007,0
657.466003,247.026001,0
256.789001,151.175995,0
277.792999,431.338989,0
336.07901,268.170013,0
262.51001,419.786987,0
628.710999,28.784,0
151.897003,324.571991,0
200.716003,213.210999,0
45.493999,303.983002,0
487.795013,238.763,0
585.416992,154.119995,0
106.010002,263.130005,0
335.777008,326.621002,0
304.773987,408.915009,0
111.538002,109.217003,0
376.350006,67.432999,0
572.426025,462.510986,0
532.994019,409.717987,0
518.369019,85.695,0
592.434021,271.299011,0
64.744003,158.330994,0
341.816986,62.240002,0
493.283997,129.613007,0
255.052994,436.029999,0
35.547001,71.588997,0
122.636002,105.828003,0
634.382019,133.031998,0
656.562988,179.591003,0
521.39801,336.101013,0
477.010986,43.278999,0
458.212006,325.358002,0
254.686996,256.322998,0
178.395996,81.042,0
228.014999,438.665009,0
35.911999,370.350006,0
293.56601,436.722992,0
31.363001,162.283997,0
121.240997,416.651001,0
111.322998,271.554993,0
207.339005,174.492004,0
156.309998,430.868011,0
95.789001,414.042999,0
32.958,147.888,0
314.755005,374.811005,0
111.487999,393.994995,0
456.417999,126.358002,0
526.97699,329.825012,0
141.819,107.015999,0
649.210999,312.963013,0
431.753998,378.545013,0
186.733994,340.229004,0
116.357002,29.341,0
460.102997,375.256012,0
289.329987,269.122009,0
425.931,99.653999,0
629.203003,150.423004,0
49.889999,139.350998,0
615.049011,424.364014,0
345.290985,376.265991,0
612.453979,267.634003,0
171.481003,94.630997,0
187.647003,283.066986,0
443.039001,377.057007,0
285.838013,415.463013,0
124.343002,390.039001,0
247.656998,259.677002,0
313.937988,370.786011,0
422.694,217.356995,0
149.485001,417.46701,0
293.524994,248.841995,0
353.332001,336.463989,0
441.670013,365.174988,0
661.479004,401.665009,0
182.160004,148.261993,0
611.283997,432.894012,0
562.351013,214.130005,0
159.945007,102.417,0
77.934998,297.183014,0
601.107971,259.903992,0
443.367004,355.570007,0
559.278015,147.009995,0
70.071999,219.559006,0
8.375,344.164001,0
680.627014,337.92099,0
179.438004,261.533997,0
199.886993,171.886993,0
407.29599,381.23999,0
639.049988,120.490997,0
223.647995,97.890999,0
49.705002,382.511993,0
143.313004,91.352997,0
173.304993,166.005005,0
323.888,89.833,0
366.871002,281.782013,0
351.972992,369.45401,0
394.226013,197.311005,0
89.501999,302.506012,0
536.528015,443.096985,0
190.272995,413.898987,0
375.778992,261.522003,0
602.163025,393.781006,0
191.190994,414.019989,0
557.893982,445.196991,0
253.723999,263.118011,0
626.43103,125.703003,0
429.002991,84.120003,0
499.141998,75.432999,0
659.093018,306.937012,0
307.253998,172.283997,0
395.890015,379.558014,0
195.156998,182.953003,0
98.257004,270.518005,0
160.227997,284.248993,0
606.442017,451.877991,0
216.781998,256.393005,0
108.494003,141.738998,0
658.150024,429.131012,0
152.399994,87.200996,0
280.071991,191.677994,0
130.994995,408.988007,0
159.764008,288.052002,0
479.144012,166.945999,0
319.294006,329.545013,0
108.614998,389.233002,0
28.187,113.407997,0
171.546005,430.868988,0
170.891006,73.995003,0
238.824005,217.365997,0
346.265991,268.385986,0
335.27301,256.859985,0
161.203003,415.108002,0
578.749023,155.158005,0
188.610992,358.993011,0
116.260002,423.118988,0
534.575012,359.697998,0
128.330002,425.881012,0
648.929993,79.586998,0
146.358994,371.457001,0
595.234985,241.921005,0
292.010986,406.990997,0
508.217987,438.065002,0
249.167999,93.962997,0
345.226013,306.391998,0
581.913025,393.395996,0
234.507004,418.467987,0
76.441002,82.600998,0
660.54303,319.350006,0
612.437012,185.931,0
513.606995,120.024002,0
483.174988,52.421001,0
632.078979,229.300995,0
262.924988,147.195007,0
144.324005,274.261993,0
315.928009,256.769012,0
65.650002,105.292,0
538.825012,248.076996,0
216.281006,403.738007,0
557.840027,219.158005,0
598.427979,433.658997,0
450.941986,66.348,0
496.901001,269.003998,0
175.917999,38.721001,0
237.046997,89.483002,0
614.820007,253.600006,0
64.778,84.073997,0
311.259003,373.554993,0
114.504997,395.536011,0
592.265015,294.161987,0
394.190002,157.397003,0
228.559006,89.153,0
12.22,360.093994,0
475.062988,162.050995,0
38.231998,89.275002,0
474.022003,362.415985,0
45.594002,173.074997,0
267.980011,277.911011,0
175.442993,423.556,0
236.570007,110.803001,0
197.979004,337.756989,0
438.268005,378.901001,0
100.722,93.274002,0
217.438004,441.872986,0
679.984985,341.546997,0
174.292007,360.506012,0
568.588013,190.194,0
292.567993,147.238007,0
419.949005,375.401001,0
197.720001,259.916992,0
43.673,322.582001,0
626.994995,117.563004,0
639.950989,92.348999,0
385.101013,288.636993,0
422.403992,371.071014,0
101.101997,292.906006,0
639.690979,190.126999,0
358.332001,426.279999,0
481.496002,156.709,0
53.716999,290.891998,0
246.835999,176.044006,0
632.526978,334.934998,0
556.28302,393.041992,0
457.868011,212.835007,0
602.809021,449.429993,0
649.84198,150.822998,0
226.690002,152.757996,0
636.924988,262.385986,0
632.745972,230.399002,0
676.317017,172.003998,0
74.066002,183.425003,0
554.075989,304.110992,0
618.039001,269.868988,0
246.768005,374.540009,0
42.301998,303.226013,0
95.397003,89.828003,0
415.550995,381.618011,0
356.734985,317.227997,0
463.02301,367.790985,0
643.841003,329.339996,0
555.237,440.893005,0
451.540985,206.615997,0
535.719971,134.304001,0
258.338989,140.261993,0
644.297974,112.688004,0
420.662994,121.724998,0
637.080994,323.618988,0
552.546997,66.375999,0
623.372009,112.561996,0
161.382996,346.95401,0
454.523987,356.135986,0
498.973999,62.521999,0
314.833008,365.39801,0
517.570007,307.311005,0
439.040985,385.264008,0
612.046997,442.940002,0
376.39801,251.574005,0
216.906998,114.343002,0
602.530029,160.501007,0
69.579002,99.589996,0
662.674011,351.27301,0
18.042999,97.253998,0
439.059998,107.824997,0
43.595001,74.542,0
435.105011,331.373993,0
62.334999,308.819,0
28.931,316.145996,0
584.405029,294.011993,0
548.286987,384.546997,0
324.644012,79.393997,0
659.755981,427.82901,0
158.725998,183.457001,0
354.069,278.927002,0
286.990997,411.47699,0
274.649994,305.195007,0
102.758003,161.416,0
260.273987,146.505997,0
618.302002,285.919006,0
598.585999,284.882996,0
292.412994,432.011993,0
36.299999,139.570999,0
376.023987,330.618988,0
331.061005,146.707001,0
151.128998,329.513,0
628.156006,354.216003,0
543.562988,329.149994,0
178.136993,374.106995,0
30.316999,148.990005,0
234.399002,173.399994,0
619.89502,107.314003,0
304.768005,350.265015,0
216.731003,284.403015,0
504.421997,340.161987,0
61.523998,180.063004,0
310.28299,285.938995,0
172.964996,86.811996,0
283.028015,144.052994,0
581.364014,307.078003,0
329.54599,254.238007,0
109.014,297.536011,0
62.347,387.097992,0
538.156982,452.417999,0
166.207993,356.760986,0
250.354996,175.979004,0
57.181,288.085999,0
242.854996,87.898003,0
608.848999,248.307007,0
284.859009,87.424004,0
89.799004,98.260002,0
319.141998,92.306999,0
389.964996,273.830994,0
314.531006,70.153,0
649.028992,198.981003,0
137.681,427.606995,0
639.607971,123.426003,0
297.468994,262.296997,0
270.917999,88.855003,0
36.661999,104.369003,0
549.515991,160.600998,0
392.914001,282.049988,0
231.639999,272.950012,0
79.473999,176.403,0
373.618988,59.660999,0
331.428986,287.778015,0
435.14801,323.14801,0
180.891998,103.211998,0
647.348999,197.029007,0
629.223022,417.369995,0
543.703003,423.707001,0
432.608002,373.871002,0
436.881012,365.071014,0
619.723022,420.325012,0
377.117004,60.236,0
388.291992,399.643005,0
528.455994,131.645996,0
633.299988,419.558014,0
658.601013,400.339996,0
208.695999,62.987,0
489.07901,96.985001,0
328.660004,409.480011,0
644.002991,320.565002,0
507.938995,356.424011,0
412.675995,304.78299,0
404.151001,290.877014,0
647.346008,441.747009,0
231.839005,100.122002,0
93.939003,101.302002,0
202.123993,154.645996,0
558.379028,173.087006,0
156.063995,334.575989,0
666.262024,355.717987,0
112.025002,271.941986,0
652.265015,447.102997,0
496.778992,472.080994,0
496.618011,318.632996,0
111.600998,417.356995,0
188.326004,266.029999,0
627.911011,223.011993,0
322.481995,29.021,0
537.086975,387.766998,0
106.233002,171.580002,0
433.727997,140.542999,0
641.5,409.786011,0
138.570999,371.407013,0
32.112999,40.091,0
687.786987,339.694,0
634.875977,203.972,0
345.192993,326.957001,0
474.666992,365.796997,0
474.028015,337.02301,0
376.888,70.525002,0
411.839996,293.003998,0
450.647003,390.029999,0
298.973999,351.29599,0
250.442993,147.494003,0
503.531006,297.326996,0
547.374023,204.987,0
217.397995,42.423,0
49.207001,382.213989,0
514.380005,372.153992,0
612.513,143.199005,0
219.134995,139.880997,0
514.564026,214.179993,0
495.579987,231.429993,0
612.671997,454.149994,0
638.052002,249.268997,0
113.246002,69.092003,0
55.188999,175.981995,0
336.492004,331.450012,0
649.83197,355.790009,0
75.992996,144.485001,0
646.005981,101.859001,0
629.794983,178.645996,0
181.585007,179.190994,0
323.429993,81.212997,0
264.302002,69.183998,0
414.071014,316.446991,0
117.429001,112.038002,0
41.098999,339.34201,0
272.306,162.854996,0
184.175003,78.767998,0
532.405029,255.865005,0
649.158997,304.681,0
318.694,369.30899,0
27.836,144.621994,0
25.610001,319.578003,0
452.782013,353.003998,0
213.039993,167.188995,0
551.010986,149.554993,0
40.938,393.513,0
465.596985,320.252014,0
127.968002,286.834015,0
277.242004,182.848999,0
338.729004,363.25,0
54.681999,180.358002,0
57.030998,170.727005,0
564.45697,410.191986,0
59.780998,76.366997,0
357.130005,289.445007,0
158.042007,430.11499,0
63.794998,363.479004,0
551.169006,201.645004,0
496.131989,109.075996,0
187.651993,247.923004,0
186.615997,97.939003,0
229.238007,179.164993,0
77.167,169.544998,0
385.320007,272.600006,0
83.32,89.424004,0
333.334015,399.598999,0
499.779999,161.895996,0
216.417007,186.447998,0
109.970001,248.891006,0
604.859985,406.095001,0
519.354004,138.606003,0
634.796021,212.666,0
662.327026,350.609009,0
177.699005,430.005005,0
113.161003,464.919006,0
296.970001,246.026001,0
34.886002,341.81601,0
281.684998,152.054993,0
83.275002,97.813004,0
610.400024,447.808014,0
33.255001,224.507996,0
531.190002,85.055,0
640.896973,203.959,0
251.427994,68.342003,0
313.618988,103.540001,0
309.290009,68.686996,0
611.828979,204.873001,0
565.390991,162.419998,0
551.372009,106.818001,0
263.792999,109.467003,0
35.971001,410.048004,0
519.091003,374.614014,0
513.21698,422.625,0
97.875999,348.442993,0
64.904999,157.923996,0
92.035004,106.078003,0
293.242004,426.632996,0
604.294006,397.670013,0
321.54599,169.716995,0
550.427002,140.703003,0
399.688995,412.15799,0
267.292999,264.963989,0
423.364014,388.653992,0
534.138,337.075989,0
523.346985,307.334015,0
584.434998,455.479004,0
373.798004,54.314999,0
17.025999,226.955994,0
681.163025,433.358002,0
573.338989,379.514008,0
255.063004,98,0
102.990997,423.593994,0
273.514008,102.992996,0
217.507996,135.593994,0
188.462997,249.244995,0
281.39801,72.732002,0
590.786011,259.901001,0
548.078003,221.695999,0
501.575012,240.343002,0
512.500977,118.821999,0
163.587006,138.399994,0
467.812988,64.478996,0
324.688995,98.125999,0
564.403015,201.737,0
633.65802,372.449005,0
237.654999,54.868,0
582.809998,297.856995,0
58.841,107.244003,0
565.606018,323.526001,0
295.996002,415.990997,0
302.67099,332.415009,0
648.189026,211.444,0
296.566986,402.621002,0
100.364998,318.505005,0
627.393005,96.188004,0
32.655998,127.236,0
605.453003,296.535004,0
44.445999,142.882004,0
328.436005,316.800995,0
223.218002,98.852997,0
333.539001,311.890015,0
169.238007,253.369995,0
395.718994,386.118011,0
67.959999,141.335007,0
458.399994,214.957993,0
60.198002,309.04599,0
133.973007,165.098007,0
219.664993,434.106995,0
448.257996,384.158997,0
140.421997,269.436005,0
56.550999,148.807999,0
661.827026,333.678009,0
562.200012,303.450012,0
18.120001,339.686005,0
620.976013,408.973999,0
124.996002,264.846985,0
573.861023,313.341003,0
82.781998,160.994003,0
189.408997,161.132996,0
569.486023,398.253998,0
134.535995,286.140015,0
622.687988,125.457001,0
263.578003,110.153999,0
574.184998,161.593002,0
648.799011,335.628998,0
106.319,76.723999,0
479.65799,212.089005,0
131.505005,318.993011,0
544.224976,414.717987,0
211.126007,414.872986,0
623.794983,121.699997,0
51.900002,286.217987,0
99.609001,151.893997,0
171.352005,177.783997,0
642.843994,172.613998,0
376.906006,107.985001,0
127.306,99.195,0
170.526001,437.850006,0
517.538025,56.609001,0
451.464996,372.082001,0
243.130005,110.615997,0
612.250977,219.246994,0
335.855011,258.796997,0
527.094971,356.700989,0
497.610992,211.970001,0
601.304016,87.805,0
38.675999,173.281998,0
162.121994,382.798004,0
267.489014,129.692001,0
33.796001,254.742004,0
442.536011,303.815002,0
288.109009,334.132996,0
175.237,148.358002,0
200.511002,427.954987,0
345.890015,281.589996,0
210.488998,142.259995,0
131.792999,286.696014,0
202.097,421.78299,0
526.791992,183.585999,0
600.586975,212.481003,0
652.052979,90.481003,0
297.998993,274.527008,0
553.64801,395.395996,0
444.282013,163.070999,0
631.900024,92.063004,0
657.487,282.946991,0
566.208984,304.914001,0
228.347,344.643005,0
553.231018,157.643997,0
303.178986,269.21701,0
310.661011,94.184998,0
612.315979,209.244003,0
21.834999,396.470001,0
447.502991,338.730011,0
227.822006,180.501007,0
457.738007,147.949005,0
524.815002,326.561005,0
282.054993,71.641998,0
169.052002,436.335999,0
198.462997,430.006012,0
214.031998,89.258003,0
93.933998,103.760002,0
630.903015,435.946014,0
79.310997,284.882996,0
418.157013,283.020996,0
558.093018,375.101013,0
176.865997,371.907013,0
548.781006,305.562012,0
557.804993,167.451004,0
238.451004,406.90799,0
516.29303,396.472992,0
434.557007,363.809998,0
90.306999,73.486,0
265.235992,151.287994,0
290.190002,169.593994,0
140.639999,83.611,0
597.122986,251.996994,0
149.487,350.862,0
576.856995,319.355988,0
512.328979,399.970001,0
321.507996,241.511993,0
517.255005,407.980011,0
605.22998,374.899994,0
468.746002,262.144989,0
452.299988,330.333008,0
54.040001,309.819,0
541.955994,125.613998,0
526.28302,415.778992,0
81.283997,383.015991,0
545.802979,295.734985,0
321.800995,253.264008,0
377.639008,219.169998,0
559.901001,46.688,0
177.535004,415.957001,0
355.113007,102.169998,0
297.011993,176.748993,0
343.371002,365.18399,0
68.998001,44.105999,0
194.550003,429.533997,0
313.046997,72.041,0
336.718994,335.237,0
258.053986,250.479996,0
640.833008,413.799011,0
32.860001,227.919006,0
537.590027,410.962006,0
484.13501,234.598007,0
255.876999,411.838989,0
276.024994,83.637001,0
289.777008,85.092003,0
190.654007,407.865997,0
90.032997,159.981003,0
322.372009,34.720001,0
386.627991,411.618011,0
199.233002,259.894012,0
632.617004,389.450012,0
246.255005,144.218002,0
243.220993,411.342987,0
613.903015,238.636002,0
649.637024,82.584,0
464.484985,335.524994,0
388.678986,199.921005,0
428.665009,126.794998,0
221.867996,175.617996,0
638.393982,86.559998,0
130.283997,73.427002,0
221.514999,249.912994,0
496.552002,429.748993,0
267.895996,126.818001,0
528.335999,315.145996,0
65.886002,177.319,0
278.117004,143.587997,0
296.542999,264.519012,0
357.739014,321.053009,0
377.19101,109.823997,0
375.644012,248.785004,0
345.263,342.453003,0
409.463013,278.497986,0
419.095001,316.960999,0
535.268005,248.268997,0
78.622002,92.777,0
252.723999,409.695007,0
639.578979,83.864998,0
251.889008,69.384003,0
208.662994,423.880005,0
62.083,319.832001,0
568.307983,189.231003,0
53.063,326.514008,0
49.668999,87.056,0
603.174011,304.140015,0
297.682007,277.07901,0
133.636993,68.781998,0
390.311005,266.627991,0
158.442001,256.958008,0
191.891006,343.897003,0
340.122009,351.187988,0
343.209015,401.875,0
354.015015,292.903015,0
97.708,224.436005,0
516.846985,434.610992,0
95.382004,283.042999,0
453.174988,270.096008,0
566.065002,308.455994,0
639.416016,342.035004,0
156.779999,345.440002,0
616.338989,165.106995,0
456.951996,309.30899,0
658.723022,138.197006,0
260.57901,232.063995,0
178.255997,413.234009,0
476.158997,213.082001,0
60.819,175.932007,0
195.223007,259.303009,0
58.445,146.639999,0
295.316986,424.466003,0
131.505005,357.653992,0
529.328979,33.140999,0
185.746002,425.981995,0
271.53299,53.355999,0
24.368999,347.033997,0
412.507996,393.212006,0
35.471001,311.365997,0
258.52301,268.792999,0
408.299011,380.708008,0
481.459015,346.158997,0
511.197998,229.151001,0
422.70401,158.604004,0
620.776978,341.339996,0
637.309021,88.873001,0
585.01001,391.247986,0
75.042,77.917999,0
493.260986,58.643002,0
517.963013,234.854004,0
44.277,87.349998,0
426.415009,138.608994,0
525.75,97.572998,0
549.619995,278.283997,0
28.910999,99.315002,0
451.783997,372.544006,0
534.81897,219.895004,0
557.270996,316.027008,0
602.189026,174.190002,0
282.550995,168.496994,0
452.652008,155.968994,0
428.045013,396.207001,0
624.721985,107.380997,0
649.059998,442.005005,0
318.234985,375.199005,0
627.213989,424.186005,0
486.403015,152.427002,0
534.307007,209.113998,0
386.209991,386.942993,0
602.859009,107.010002,0
300.924988,97.690002,0
170.632004,314.182007,0
289.898987,435.177002,0
622.862976,439.414001,0
401.966003,290.358002,0
446.259003,336.796997,0
302.192993,163.223007,0
171.020996,69.981003,0
427.044006,360.681,0
633.546021,194.837997,0
132.362,364.559998,0
179.149994,366.720001,0
415.569,382.471008,0
358.136993,250.268005,0
539.27002,343.615997,0
271.987,243.660995,0
290.17099,437.598999,0
246.274994,329.907013,0
530.895996,320.019012,0
258.735992,439.333008,0
447.102997,142.335999,0
367.471985,342.513,0
217.225998,116.286003,0
89.968002,79.221001,0
450.316986,340.841003,0
364.997009,270.279999,0
623.252014,278.526001,0
186.514008,352.920013,0
609.77002,227.156998,0
176.938004,140.516006,0
630.739014,75.793999,0
156.317993,198.759003,0
604.55603,220.789993,0
537.98999,217.917007,0
602.25,53.376999,0
181.996994,312.281006,0
120.634003,398.345001,0
321.572998,103.625999,0
343.088013,431.962006,0
51.569,321.082001,0
607.942017,210.839996,0
119.815002,296.545013,0
79.601997,392.322998,0
617.06897,273.229004,0
332.390991,289.971985,0
648.763,364.824005,0
70.771004,305.158997,0
220.307007,81.277,0
374.923004,450.61499,0
30.277,74.372002,0
208.658005,406.69101,0
80.282997,398.898987,0
508.82901,433.17099,0
627.515991,392.204987,0
107.021004,144.255997,0
644.705017,317.091003,0
365.545013,26.503,0
519.348022,385.246002,0
357.536011,395.640991,0
248.535995,105.376999,0
296.868988,125.834,0
44.477001,102.126999,0
298.360992,403.140015,0
194.832001,246.731995,0
398.652008,301.402008,0
346.036987,366.652008,0
328.471985,320.503998,0
368.187988,341.876007,0
182.479996,470.860992,0
403.768005,412.855988,0
76.829002,394.408997,0
542.01001,393.028992,0
440.808014,333.631989,0
625.452026,147.929001,0
447.401001,52.68,0
354.041992,271.23999,0
28.163,104.377998,0
496.246002,290.593994,0
117.758003,152.483994,0
162.033997,345.997009,0
591.184021,255.042999,0
628.755981,281.993988,0
345.661011,333.121002,0
126.082001,394.15799,0
575.69397,402.286011,0
485.690002,226.432999,0
388.812012,237.848007,0
9.412,181.615005,0
157.509995,122.773003,0
347.027008,269.484009,0
78.412003,402.464996,0
442.671997,77.617996,0
545.020996,432.701996,0
547.476013,162.095993,0
264.897003,415.571991,0
308.085999,183.291,0
178.561996,321.285004,0
601.65802,355.928009,0
217.072998,166.987,0
181.949005,168.673996,0
385.221985,193.365997,0
81.167999,70.877998,0
117.547997,402.826996,0
191.181,349.959015,0
323.084015,347.411011,0
176.376007,424.838989,0
216.882996,317.929993,0
528.705017,144.860992,0
655.815979,412.832001,0
333.921997,334.683014,0
150.242996,177.473007,0
306.259003,269.453003,0
569.937988,171.432007,0
638.974976,191.449005,0
178.072006,357.200989,0
251.972,170.085999,0
21.799,226.279999,0
601.695984,28.535,0
544.520996,296.687012,0
331.044006,347.595001,0
63.973,147.393005,0
593.989014,294.398987,0
449.420013,133.343002,0
566.333008,446.368988,0
33.205002,325.149994,0
570.594971,208.906006,0
336.078003,350.881989,0
463.335999,171.761993,0
189.811996,255.128006,0
157.906006,138.688995,0
173.988007,82.142998,0
277.781006,72.112999,0
431.481995,209.800003,0
643.682983,218.598007,0
552.939026,398.212006,0
627.27002,154.610992,0
58.375,401.90799,0
539.78302,308.583008,0
351.915985,358.787994,0
308.024994,164.735001,0
589.27301,287.346008,0
275.420013,425.390991,0
81.142998,92.218002,0
327.691986,412.192993,0
143.516006,427.735992,0
403.485992,279.727997,0
355.998993,284.105988,0
526.495972,343.756012,0
362.238007,267.716003,0
274.154999,151.121002,0
99.781998,395.363007,0
460.028015,316.214996,0
629.750977,106.066002,0
166.136993,324.252014,0
642.372009,336.21701,0
129.106995,332.022003,0
453.350006,295.52301,0
170.395004,427.140015,0
551.45697,239.132004,0
522.716003,372.395996,0
302.855011,405.923004,0
219.119995,70.973999,0
326.165009,420.513,0
592.762024,290.513,0
530.752991,218.317001,0
364.118011,275.187012,0
77.681,162.675995,0
29.184,365.394012,0
600.859009,235.421997,0
177.449997,439.960999,0
200.035995,56.749001,0
522.968018,80.293999,0
322.102997,345.899994,0
416.678986,464.031006,0
194.253998,354.981995,0
253.867004,240.022995,0
553.997009,171.033005,0
493.109009,222.595001,0
31.254999,335.268005,0
551.320007,326.403015,0
93.709,146.522003,0
117.094002,154.335999,0
582.921021,272.690002,0
532.203003,96.017998,0
195.679993,407.109009,0
635.552002,458.037994,0
545.038025,440.497009,0
66.556,173.718994,0
123.594002,102.192001,0
493.326996,124.913002,0
572.552002,155.735992,0
609.127014,204.110992,0
551.669006,119.940002,0
142.389999,178.899002,0
465.468994,369.921997,0
527.716003,307.20401,0
110.198997,181.751007,0
344.984009,275.084015,0
358.721008,259.911987,0
71.968002,312.744995,0
311.678009,340.688995,0
401.519989,309.01001,0
55.063,365.092987,0
562.164001,422.121002,0
383.414001,415.200012,0
494.628998,93.075996,0
300.080994,279.312012,0
611.004028,188.731003,0
226.421005,85.371002,0
657.968018,328.97699,0
637.757996,346.757996,0
24.323,72.668999,0
335.63501,405.027008,0
210.203003,154.483002,0
423.625,278.605988,0
463.113007,360.710999,0
174.942993,91.396004,0
564.614014,440.312012,0
642.872009,267.022003,0
505.463013,119.071999,0
316.450989,338.299011,0
93.188004,227.921997,0
481.597992,273.566986,0
506.60199,239.498001,0
93.419998,153.067993,0
85.765999,297.920013,0
132.632996,397.507996,0
131.330994,362.040985,0
617.968018,439.549988,0
452.007996,336.57901,0
438.792999,76.570999,0
667.921997,425.279999,0
492.450989,131.384995,0
351.48999,372.812012,0
40.584,245.417007,0
445.036987,217.813995,0
405.354004,381.015015,0
157.386002,52.582001,0
332.697998,260.872986,0
171.018005,104.248001,0
623.981995,225.692993,0
321.488007,429.445007,0
331.157013,177.628998,0
238.964996,98.246002,0
607.469971,190.761993,0
193.748001,147.429993,0
183.643005,414.725006,0
109.420998,260.674988,0
94.499001,138.341003,0
188.283997,322.876007,0
253.363007,93.762001,0
37.546001,155.917999,0
469.890015,157.289993,0
98.080002,284.247009,0
140.602005,102.426003,0
325.640991,436.468994,0
123.644997,264.834991,0
314.563995,165.723007,0
643.599976,328.541992,0
491.053009,68.219002,0
108.384003,85.649002,0
528.375977,135.248993,0
113.268997,397.28299,0
460.86499,360.605011,0
377.234985,156.330994,0
20.867001,167.455002,0
65.745003,365.020996,0
542.822021,330.971985,0
468.671997,290.562988,0
487.013,214.470993,0
446.94101,352.848999,0
585.280029,294.417999,0
343.32901,369.993988,0
424.94101,448.850006,0
406.110992,287.296997,0
194.391006,363.334991,0
286.265015,104.523003,0
591.171997,407.207001,0
501.71701,341.031006,0
133.606003,95.373001,0
560.380005,429.223999,0
321.967987,166.307007,0
58.404999,332.371002,0
92.804001,89.609001,0
17.948,171.507996,0
422.181,143.794006,0
618.323975,447.57901,0
393.15799,414.061005,0
434.373993,345.867004,0
531.869019,402.513,0
653.789978,113.990997,0
482.906006,167.341003,0
662.455017,353.756989,0
497.929993,446.291992,0
622.981995,416.398987,0
516.314026,56.174,0
222.216003,262.773987,0
342.993988,310.670013,0
644.817017,455.401001,0
233.190994,71.160004,0
658.903992,32.547001,0
34.247002,386.589996,0
496.604004,294.040985,0
343.360992,365.92099,0
295.942993,426.562012,0
103.556,281.57901,0
622.679016,320.842987,0
91.566002,72.211998,0
175.164993,272.963013,0
658.106995,398.941986,0
104.301003,73.233002,0
606.388977,374.335999,0
345.587006,406.005005,0
355.627014,290.566986,0
31.469,394.822998,0
579.523987,440.634003,0
448.514008,361.480011,0
62.382,291.553986,0
462.278015,148.279007,0
509.686005,373.804993,0
457.114014,79.674004,0
274.540985,437.67099,0
601.30603,143.785995,0
604.711975,387.941986,0
9.794,123.472,0
306.040009,344.25,0
119.174004,154.373993,0
512.156982,179.108002,0
566.814026,286.144989,0
65.473999,397.864014,0
585.973022,429.705994,0
613.72998,180.727005,0
541.888,145.181,0
672.075012,461.928009,0
39.332001,166.041,0
251.714996,182.789001,0
665.755005,327.566986,0
559.536011,338.843994,0
653.869995,194.169998,0
647.723999,70.802002,0
576.439026,273.065002,0
468.825012,57.849998,0
610.78302,420.506989,0
325.653015,427.165009,0
197.052994,106.128998,0
40.082001,308.48999,0
241.117004,265.01001,0
455.07901,373.091003,0
96.163002,332.506012,0
180.535995,283.627991,0
55.768002,424.278992,0
193.664001,431.596985,0
528.11499,389.88501,0
180.744995,302.606995,0
232.841003,426.64801,0
140.837006,139.145996,0
631.213013,327.950012,0
580.346985,314.179993,0
427.845001,139.380997,0
335.011993,334.578003,0
117.997002,286.311005,0
671.291016,350.524994,0
524.781006,353.743011,0
402.787994,399.480988,0
269.677002,163.544006,0
161.654007,182.382004,0
565.257019,225.203995,0
430.585999,307.040985,0
268.028992,99.763,0
490.429993,170.147003,0
318.34201,340.531006,0
187.050003,79.109001,0
377.394012,445.02301,0
660.04303,342.651001,0
16.472,39.292999,0
49.717999,345.27301,0
574.955017,297.113007,0
208.207993,341.932007,0
423.536011,397.091003,0
230.274002,79.725998,0
182.806,177.438995,0
45.152,96.415001,0
178.891998,159.417007,0
558.70697,369.391998,0
605.757019,416.329987,0
174.807999,376.095001,0
9.059,349.989014,0
176.248001,256.855988,0
58.091,298.55899,0
32.117001,109.217003,0
461.60199,54.766998,0
197.375,414.109009,0
231.177002,274.618988,0
532.234009,210.612,0
464.184998,218.973999,0
522.247009,253.701004,0
537.510986,291.812012,0
494.98999,128.921005,0
369.471008,260.098999,0
115.058998,70.587997,0
456.352997,64.246002,0
572.583984,310.578003,0
586.974976,395.988007,0
646.875,444.993011,0
645.809998,196.052002,0
437.489014,308.860992,0
102.151001,82.233002,0
321.181,331.062988,0
296.661987,141.432007,0
123.000999,192.942001,0
142.356003,284.781006,0
586.070984,447.929993,0
22.886999,315.179993,0
645.33197,310.040985,0
22.648001,301.845001,0
109.320999,138.093994,0
380.328003,386.044006,0
426.153015,292.544006,0
145.315002,411.105988,0
647.804016,358.575012,0
660.648987,146.057007,0
364.822998,323.243011,0
190.436996,419.769012,0
615.275024,252.589996,0
271.466003,429.928009,0
522.346008,360.984009,0
569.252014,150.449997,0
489.386993,170.339996,0
611.062012,236.787003,0
449.059998,96.286003,0
441.286987,75.081001,0
40.826,159.796997,0
111.268997,397.428009,0
546.112,387.390015,0
217.376007,213.645004,0
165.375,400.069,0
183.244003,437.52301,0
201.264999,101.891998,0
150.449005,322.890015,0
584.533997,420.817993,0
559.987,295.459991,0
217.798004,42.937,0
163.494995,98.358002,0
429.675995,399.496002,0
371.565002,331.404999,0
30.358999,381.213989,0
148.764008,333.996002,0
450.654999,334.171997,0
430.118011,366.070007,0
406.764008,283.246002,0
112.528,143.300003,0
156.768997,291.709015,0
664.838013,183.320007,0
559.031006,413.571014,0
261.005005,251.365005,0
540.018982,134.873001,0
440.213013,119.334,0
437.078003,423.459015,0
364.721985,417.610992,0
269.226013,94.857002,0
630.327026,190.054001,0
449.566986,157.785004,0
602.546021,301.322998,0
426.242004,192.526993,0
188.770996,264.399994,0
513.526978,412.269989,0
34.327,141.917999,0
456.302002,53.181,0
273.817993,166.602997,0
562.669006,430.023987,0
457.141998,346.656006,0
672.278015,438.864014,0
605.659973,412.492004,0
150.636993,170.257996,0
326.003998,337.28299,0
104.567001,288.074005,0
604.439026,440.221985,0
88.879997,146.820007,0
549.927979,346.869995,0
630.723999,346.742004,0
305.496002,325.816986,0
48.585999,304.01001,0
321.38501,451.438995,0
473.674011,69.556,0
432.759003,73.504997,0
156.936996,397.286987,0
163.160995,324.580994,0
79.446999,81.779999,0
284.233002,167.729004,0
430.923004,124.592003,0
482.309998,243.417999,0
562.218018,380.151001,0
151.414993,254.811005,0
317.76001,93.047997,0
518.815002,349.800995,0
433.127014,295.72699,0
118.109001,213.615005,0
175.093994,321.902008,0
650.752991,106.275002,0
352.105011,401.843994,0
233.244003,267.003998,0
629.085022,114.788002,0
184.485001,339.210999,0
485.294006,161.151993,0
629.125977,173.789993,0
97.792999,396.416992,0
38.247002,359.372986,0
281.535004,427.356995,0
496.040985,112.870003,0
58.493999,156.076996,0
404.009003,423.263,0
623.059998,211.031998,0
548.98999,445.056,0
245.164993,98.376999,0
520.330994,360.964996,0
376.97699,180.598999,0
67.786003,297.253998,0
556.690002,413.251007,0
507.528992,358.882996,0
159.005997,80.808998,0
149.332001,322.096008,0
39.911999,150.513,0
512.411011,71.274002,0
569.036987,189.636993,0
601.030029,44.916,0
531.473999,410.911011,0
517.953003,434.911011,0
320.544006,334.019012,0
18.683001,107.384003,0
277.082001,202.886993,0
512.512024,354.648987,0
643.638977,94.189003,0
572.341003,183.794998,0
37.484001,366.457001,0
528.479004,126.851997,0
210.569,95.992996,0
53.074001,172.938004,0
475.22699,339.597992,0
505.26001,115.024002,0
512.065979,429.222992,0
433.380005,135.975006,0
190.811005,415.399994,0
171.985992,250.235992,0
567.338989,287.231995,0
554.335022,206.419998,0
63.311001,320.622009,0
652.023987,349.985992,0
623.473999,391.352997,0
156.591995,370.709015,0
639.085999,153.964996,0
533.736023,319.194,0
203.444,244.223007,0
629.258972,347.765991,0
552.862,41.332001,0
447.783997,292.70401,0
390.549988,362.040985,0
153.654999,158.319,0
662.197021,357.123993,0
522.203979,215.141998,0
112.038002,266.480988,0
252.929993,154.283997,0
173.358002,281.235992,0
300.820007,274.928009,0
21.393999,326.608002,0
221.328995,275.558014,0
390.266998,288.207001,0
475.536987,151.384003,0
549.375,185.619995,0
264.328003,225.128998,0
191.102997,281.63501,0
179.044006,263.445007,0
341.917999,339.516998,0
204.171997,109.783997,0
538.119995,280.575012,0
298.785004,175.796005,0
255.164001,263.433014,0
357.929993,262.003998,0
657.125977,217.658997,0
487.414001,291.605988,0
534.309021,424.205994,0
120.181999,259.235992,0
23.888,352.251007,0
144.578003,173.684006,0
168.822998,350.884003,0
32.403,304.968994,0
536.422974,418.38501,0
687.859985,471.365997,0
476.28299,362.572998,0
145.682999,153.143997,0
309.10199,256.776001,0
272.609985,83.694,0
464.786011,145.141998,0
168.410995,101.163002,0
642.992981,354.436005,0
494.981995,70.178001,0
504.833008,85.313004,0
154.906998,59.019001,0
60.610001,399.962006,0
36.987999,388.859009,0
420.487,314.393005,0
631.36499,277.220001,0
301.753998,350.545013,0
517.343994,255.757004,0
44.811001,100.005997,0
485.351013,154.240005,0
393.886993,386.862,0
411.322998,303.126007,0
234.863998,244.591995,0
520.395996,447.218994,0
125.206001,346.962006,0
297.020996,261.791992,0
626.822998,247.104996,0
331.010986,432.34201,0
19.034,154.731995,0
614.296021,146.382004,0
368.223999,83.125,0
114.088997,87.272003,0
624.448975,273.911011,0
104.011002,163.535995,0
305.558014,149.139999,0
489.755005,449.651001,0
543.249023,347.808014,0
386.683014,277.683014,0
100.396004,166.044006,0
314.320007,93.690002,0
633.768005,438.717987,0
472.938995,333.81601,0
183.121994,433.703003,0
39.049999,146.723007,0
131.626999,166.382004,0
216.867004,85.750999,0
504.68399,118.564003,0
211.388,267.143005,0
536.731018,342.661987,0
421.292999,368.027008,0
629.414978,114.547997,0
471.278992,156.899994,0
520.825989,94.706001,0
399.773987,381.618988,0
650.825012,192.048996,0
231.348007,149.408005,0
409.255005,406.520996,0
433.529999,348.609985,0
327.859985,174.334,0
504.411011,162.692993,0
164.703995,92.566002,0
507.079987,406.498993,0
322.462006,433.216003,0
179.837997,429.545013,0
386.608002,289.194,0
505.502991,162.449997,0
287.768005,423.087006,0
440.540985,147.442993,0
637.039978,137.548996,0
503.278015,44.348,0
516.125977,127.973,0
267.976013,101.915001,0
651.239014,171.770996,0
658.322021,427.105988,0
563.450012,433.303009,0
188.507996,329.967987,0
304.710999,426.110992,0
221.214996,88.864998,0
376.339996,169.033005,0
269.71701,160.257996,0
377.140991,33.029999,0
685.940002,340.389008,0
665.77301,451.333008,0
362.445007,417.117004,0
234.459,431.799988,0
107.712997,279.450012,0
660.52301,309.613007,0
295.835999,161.686005,0
444.588989,370.734009,0
533.30603,218.951004,0
618.195007,132.638,0
226.113998,110.825996,0
157.011002,50.212002,0
27.506001,88.503998,0
159.895004,87.542,0
576.315979,129.875,0
453.44101,317.450012,0
557.695984,361.471008,0
339.704987,367.928009,0
613.054993,198.557007,0
609.309998,401,0
472.390015,336.52301,0
282.821991,441.895996,0
134.442993,361.954987,0
571.997009,185.255005,0
496.016998,410.996002,0
566.778992,270.140991,0
340.875,426.126007,0
273.308014,247.171997,0
31.101999,253.695007,0
84.650002,91.606003,0
646.356018,76.271004,0
199.722,149.606995,0
21.540001,96.425003,0
573.75,458.924011,0
396.144989,287.850006,0
636.190002,236.904007,0
342.207001,403.88501,0
564.062012,150.091003,0
516.182983,85.162003,0
459.989014,48.062,0
31.437,209.362,0
241.768997,106.866997,0
545.049988,343.299011,0
630.731018,266.084015,0
276.247986,253.026001,0
247.634995,109.885002,0
403.13501,307.951996,0
432.501007,87.167999,0
565.89502,174.815994,0
121.157997,111.319,0
553.388977,304.069,0
142.503006,286.623993,0
433.946014,391.346008,0
386.359985,240.244003,0
236.938995,96.546997,0
226.852005,68.191002,0
641.354004,233.884003,0
291.911987,109.755997,0
161.514008,98.379997,0
541.398987,254.554993,0
271.826996,292.515015,0
291.156006,104.052002,0
431.992004,50.605,0
133.720001,126.134003,0
339.596008,372.075012,0
450.014008,352.985992,0
631.966003,89.501999,0
331.479004,158.473007,0
227.167007,277.304993,0
437.040985,89.337997,0
466.682007,311.796997,0
33.728001,368.544006,0
214.959,106.998001,0
18.528999,159.964005,0
634.411011,407.26001,0
512.971008,346.678009,0
578.346985,317.576996,0
625.301025,232.052994,0
510.187012,332.044006,0
305.5,254.552994,0
318.411011,345.201996,0
338.378998,424.652008,0
59.900002,150.539993,0
90.791,408.529999,0
591.708008,435.075012,0
216.608994,102.18,0
622.302979,96.938004,0
438.454987,354.697998,0
191.882996,408.81601,0
349.131989,351.454987,0
676.333984,324.884003,0
479.447998,156.546997,0
194.718002,283.682007,0
600.010986,401.367004,0
301.209015,88.086998,0
645.539978,114.697998,0
434.548004,292.794006,0
50.868,78.939003,0
470.670013,329.649994,0
316.479004,180.695999,0
543.354004,127.123001,0
453.442993,320.855011,0
552.320984,65.855003,0
643.346985,220.852005,0
48.702999,81.089996,0
484.920013,235.709,0
377.807007,412.424011,0
369.354004,71.858002,0
311.791992,425.29599,0
219.796997,440.966003,0
395.597992,268.553986,0
226.240997,410.567993,0
567.927002,307.251007,0
642.937012,436.123993,0
337.036011,356.350006,0
509.144989,359.674988,0
58.441002,389.737,0
248.548004,75.943001,0
459.612,353.61499,0
557.588989,299.657013,0
508.425995,61.924,0
29.653999,94.833,0
513.424988,247.720001,0
431.471008,307.97699,0
376.708008,180.173004,0
447.36499,103.667999,0
73.414001,87.179001,0
128.557999,236.744995,0
188.057007,323.825012,0
552.546021,431.662994,0
184.524994,265.263,0
283.015991,430.104004,0
525.190979,87.662003,0
427.040009,364.247986,0
170.369995,88.633003,0
400.473999,294.408997,0
200.522995,164.737,0
159.688995,411.751007,0
617.489014,229.723999,0
72.014999,384.27301,0
305.204987,432.710999,0
361.147003,315.11499,0
610.064026,435.246002,0
276.652008,405.229004,0
305.458008,38.550999,0
229.375,263.294006,0
244.632996,164.615005,0
126.931,97.013,0
552.367004,233.903,0
121.310997,181.130997,0
354.954987,191.406998,0
185.274002,91.510002,0
497.891998,274.666992,0
497.529999,297.817993,0
582.620972,456.449005,0
67.630997,281.964996,0
335.207001,418.160004,0
173.020996,400.529999,0
389.088013,418.683014,0
118.620003,264.178009,0
391.532013,276.917999,0
210.703995,249.574997,0
474.868988,217.076004,0
145.722,71.481003,0
618.992981,184.889999,0
443.709991,367.837006,0
546.888,377.032013,0
366.015015,397.97699,0
308.677002,364.605988,0
603.078979,404.593994,0
68.110001,377.471985,0
516.453003,256.845001,0
557.747986,322.126007,0
560.984985,223.134003,0
166.421997,144.839005,0
225.679001,435.410004,0
47.429001,318.592987,0
519.484985,66.083,0
312.056,70.652,0
167.992004,269.390991,0
417.595001,391.778992,0
628.973999,274.222992,0
448.850006,141.901001,0
322.898987,245.671005,0
606.807007,295.503998,0
630.593994,100.997002,0
162.910004,380.566986,0
542.039001,343.442993,0
31.215,411.897003,0
664.078979,403.701996,0
530.304993,320.662994,0
260.699005,100.944,0
609.564026,277.598999,0
571.523987,413.035004,0
354.276001,266.098999,0
262.765015,146.220993,0
424.367004,323.118988,0
528.184998,247.660995,0
488.838989,167.117004,0
561.343018,380.277008,0
471.170013,82.280998,0
652.028015,432.653992,0
315.559998,313.355011,0
361.600006,270.55899,0
507.298004,343.140991,0
223.067993,433.618988,0
370.154999,389.335999,0
650.557983,92.823997,0
291.201996,404.565002,0
423.113007,133.675003,0
224.737,76.184998,0
156.643997,188.830002,0
382.96701,93.806,0
607.289001,224.485992,0
401.451996,274.738007,0
436.565002,69.223999,0
535.356995,333.618011,0
52.561001,400.225006,0
17.871,145.610001,0
164.513,437.69101,0
259.006012,108.685997,0
291.996002,73.060997,0
672.455017,333.962006,0
576.455017,382.311005,0
293.917999,168.106995,0
601.466003,191.121994,0
276.328003,274.01001,0
37.535999,332.915009,0
657.650024,160.602005,0
55.528999,164.776001,0
641.458008,402.427002,0
72.884003,88.849998,0
587.185974,142.753998,0
34.859001,102.932999,0
106.058998,289.123993,0
430.292999,152.242004,0
294.131989,173.787003,0
519.911011,148.304993,0
535.715027,214.516998,0
650.276978,334.432007,0
420.355011,464.291992,0
20.507999,104.330002,0
117.334,85.002998,0
81.43,103.566002,0
240.787003,429.006989,0
322.390015,435.132996,0
561.473999,221.501999,0
130.117004,397.178986,0
249.904007,107.153999,0
517.562988,342.687988,0
51.235001,166.697006,0
624.719971,96.987999,0
569.093994,291.010986,0
274.811005,270.851013,0
345.278015,278.078003,0
431.476013,293.868011,0
553.138,367.962006,0
345.011993,338.888,0
363.769012,424.606995,0
556.202026,421.153015,0
56.866001,290.480988,0
336.209991,399.881012,0
345.987,285.59201,0
333.612,291.222992,0
148.466995,251.949997,0
643.788025,79.888,0
640.187012,201.302994,0
624.655029,182.227997,0
505.865997,129.024002,0
564.947998,388.251007,0
657.525024,120.735001,0
183.559006,175.462006,0
607.742004,180.203995,0
112.639999,174.794998,0
653.301025,401.141998,0
431.256989,413.770996,0
129.098007,94.200996,0
309.388,254.324997,0
427.286987,299.770996,0
637.02301,204.921005,0
43.395,300.135986,0
199.862,417.181,0
604.757996,405.312988,0
279.992004,423.596008,0
77.466003,107.932999,0
297.47699,439.600006,0
274.302002,245.444,0
487.319,54.286999,0
380.042999,419.460999,0
522.372009,376.575989,0
212.914001,91.778999,0
569.252991,162.940002,0
32.493999,428.151001,0
166.089005,69.121002,0
681.531982,430.285004,0
38.356998,69.882004,0
632.116028,95.245003,0
158.621994,434.990997,0
342.260986,333.748993,0
289.587006,412.296997,0
445.59201,359.608002,0
557.237,373.269989,0
511.401001,339.177002,0
513.427002,54.353001,0
133.337006,286.018005,0
201.408997,376.819,0
399.186005,79.236,0
140.481003,418.828003,0
188.031006,106.501999,0
548.546997,431.904999,0
555.510986,236.319,0
32.862,229.522995,0
171.972,349.878998,0
496.670013,283.618988,0
267.790009,258.54599,0
128.414993,95.790001,0
302.174011,54.224998,0
635.104004,432.828003,0
633.077026,198.802002,0
576.734009,441.625,0
645.929016,317.108002,0
84.786003,158.792007,0
108.851997,390.489014,0
552.630005,275.45401,0
302.003998,173.470001,0
69.893997,182.897003,0
164.085999,312.210999,0
166.563004,258.105988,0
207.832001,148.335007,0
323.81601,329.506989,0
442.897003,104.763,0
304.048004,262.135986,0
152.671005,445.713013,0
98.302002,383.25,0
615.375,444.847992,0
626.760986,363.811005,0
123.530998,74.486,0
151.171997,417.074005,0
649.799011,419.572998,0
33.18,174.755005,0
657.129028,352.893005,0
520.06897,442.877014,0
340.227997,342.928986,0
535.374023,124.987,0
189.235001,144.589005,0
575.307983,318.031006,0
307.71701,180.578003,0
132.332001,178.462006,0
55.712002,147.110992,0
560.739014,137.675003,0
250.365005,81.036003,0
486.738007,79.278999,0
154.330994,123.141998,0
659.866028,145.636002,0
672.361023,281.61499,0
605.952026,373.470001,0
623.723022,86.805,0
477.731995,71.571999,0
481.735992,158.257004,0
132.526993,342.140015,0
124.82,261.864014,0
44.019001,183.253998,0
607.69397,402.075989,0
610.960999,213.425003,0
80.470001,99.037003,0
169.203995,62.771,0
474.830994,206.714996,0
32.613998,451.02301,0
638.132996,264.431,0
271.466003,280.044006,0
617.961975,457.550995,0
542.619995,307.576996,0
312.55899,144.434006,0
427.455994,134.679993,0
207.175995,210.695007,0
276.932007,419.937012,0
78.691002,382.346985,0
305.942993,168.059998,0
164.899994,255.039001,0
643.250977,178.960999,0
517.525024,135.085007,0
575.710999,380.390991,0
458.151001,385.601013,0
509.992004,76.792,0
645.133972,160.731003,0
642.716003,431.826996,0
524.026978,299.351013,0
132.612,258.951996,0
588.210022,247.837006,0
450.256989,157.572006,0
114.906998,420.79599,0
350.440002,272.807007,0
62.376999,401.372986,0
62.999001,141.875,0
439.375,334.015015,0
157.184006,211.024002,0
608.452026,292.131012,0
566.937988,321.627014,0
490.804993,207.901993,0
510.183014,142.281998,0
10.583,345.600006,0
216.070007,40.847,0
116.289001,298.776001,0
133.778,96.550003,0
41.619999,165.417007,0
534.607971,455.959015,0
541.98999,121.060997,0
183.897995,345.109009,0
442.157013,311.945007,0
437.278015,378.592987,0
237.694,108.414001,0
177.522003,109.440002,0
171.281006,335.997986,0
31.163,358.878998,0
445.167999,121.036003,0
157.268005,432.454987,0
51.570999,386.960999,0
620.414001,92.150002,0
195.906006,144.188995,0
165.878006,162.238007,0
656.021973,377.492004,0
325.927002,100.549004,0
319.171997,431.364014,0
666.893005,328.825012,0
563.966003,441.789001,0
476.391998,49.034,0
322.959015,266.582001,0
204.710999,300.237,0
208.276993,272.566986,0
239.593994,173.988007,0
56.592999,259.653992,0
444.412994,72.762001,0
479.701996,241.156006,0
558.107971,272.721985,0
656.796021,416.110992,0
74.613998,386.658997,0
684.414001,242.654999,0
600.080017,449.062988,0
313.992004,416.096985,0
186.235992,248.554001,0
640.122986,327.992004,0
337.131012,362.05899,0
642.715027,24.195,0
499.128998,175.188004,0
166.837997,308.484985,0
187.175003,315.60199,0
88.966003,176.800003,0
103.733002,147.994003,0
112.928001,170.779007,0
62.473999,281.972992,0
517.664978,70.057999,0
255.317993,58.331001,0
565.715027,139.565002,0
376.867004,373.895996,0
615.942017,420.747986,0
237.957001,69.966003,0
647.083008,207.039001,0
537.606018,91.828003,0
533.031006,342.257996,0
97.912003,155.75,0
163.729004,88.739998,0
133.035995,147.169998,0
126.801003,68.227997,0
94.303001,182.798004,0
187.151993,331.229004,0
621.877991,67.821999,0
280.480988,94.904999,0
351.670013,410.950989,0
564.156982,207.981003,0
382.71701,318.751007,0
216.889008,194.199997,0
90.343002,70.324997,0
321.053009,266.501007,0
79.75,156.731995,0
432.740997,260.380005,0
555.963989,229.729996,0
216.647003,239.395996,0
635.309021,152.811005,0
105.157997,181.440002,0
303.380005,84.667999,0
195.546997,418.281006,0
266.596985,434.864014,0
574.690979,436.981995,0
338.188995,348.671997,0
555.59198,336.678009,0
506.492004,411.407013,0
441.253998,169.819,0
28.429001,162.774002,0
626.987976,222.953003,0
152.654999,345.182007,0
176.488998,144.634995,0
392.807007,381.57901,0
367.709991,29.169001,0
550.072998,397.272003,0
576.474976,408.07901,0
333.834015,319.083008,0
176.589005,30.392,0
483.291992,266.612,0
478.614014,426.496002,0
497.059998,29.724001,0
167.272003,252.347,0
584.927979,432.761993,0
47.826,327.78299,0
73.022003,264.59201,0
568.921997,217.768997,0
101.692001,280.096985,0
565.776978,204.761002,0
45.832001,84.489998,0
628.44397,118.014999,0
276.54599,403.014008,0
602.679016,187.337006,0
153.212997,372.875,0
551.791016,448.585999,0
490.549988,175.205994,0
141.190994,110.218002,0
470.53299,354.820007,0
550.377014,408.794006,0
654.364014,164.570007,0
571.715027,318.84201,0
216.496994,244.796997,0
184.108994,355.875,0
78.887001,264.888,0
71.489998,109.096001,0
660.133972,348.67099,0
580.79303,400.915009,0
152.479004,377.285004,0
182.587006,172.145004,0
436.960999,122.861,0
543.364014,420.649994,0
122.856003,289.843994,0
304.713989,407.514008,0
343.934998,405.110992,0
322.520996,300.108002,0
262.704987,262.756012,0
680.978027,324.669006,0
315.932007,181.966995,0
312.700012,256.975006,0
441.958008,196.807007,0
178.291,410.674988,0
172.776001,173.341003,0
330.96701,338.438995,0
341.804993,361.755005,0
610.174988,164.259003,0
314.567993,105.205002,0
587.747986,286.656006,0
209.759003,90.274002,0
560.612976,200.313004,0
86.839996,307.89801,0
505.015991,57.698002,0
623.922974,456.959991,0
65.089996,167.947998,0
63.765999,140.285004,0
387.062012,278.208008,0
534.200012,267.294006,0
146.960999,293.394012,0
496.434998,124.014999,0
628.90802,426.337006,0
20.492001,117.848,0
193.875,342.381989,0
484.38501,243.903,0
315.852997,272.647003,0
527.510986,93.642998,0
72.602997,49.363998,0
518.041016,418.235992,0
570.47699,313.669006,0
664.939026,427.302002,0
70.650002,161.738007,0
39.166,140.554993,0
443.234985,143.867996,0
517.507996,222.677002,0
535.835022,375.765991,0
270.371002,434.949005,0
247.565994,113.370003,0
249.860992,370.286987,0
660.624023,346.196991,0
218.746994,87.179001,0
151.598007,431.098999,0
563.812012,373.658997,0
523.307007,433.528992,0
571.73999,296.147003,0
174.166,156.988007,0
422.929993,330.216003,0
28.518,323.885986,0
394.307007,300.813995,0
394.864014,286.81601,0
143.044998,76.193001,0
331.231995,77.468002,0
87.907997,381.977997,0
46.147999,96.088997,0
226.285995,432.519989,0
14.179,130.658997,0
663.049988,422.636993,0
481.596008,150.746994,0
644.546997,281.113007,0
291.902008,78.056,0
516.205017,77.532997,0
125.822998,328.68399,0
159.181,354.446991,0
566.382996,104.563004,0
331.753998,178.867996,0
217.067993,171.639999,0
197.376999,255.942993,0
329.838013,407.196014,0
148.070007,264.644989,0
194.804001,325.130005,0
439.894012,385.014008,0
205.246994,429.562988,0
427.529999,369.268005,0
646.315979,113.775002,0
31.476999,439.335999,0
578.349976,455.690002,0
347.766998,404.296997,0
518.780029,385.751007,0
660.544006,97.509003,0
674.89502,358.519989,0
181.059998,163.826996,0
530.857971,355.688995,0
312.286987,111.995003,0
554.992004,278.709015,0
576.900024,143.794998,0
167.863007,406.165009,0
109.938004,146.878998,0
185.735001,367.088013,0
13.156,344.062012,0
171.919006,436.718994,0
2.41,377.574005,0
7.001,134.085007,0
279.984009,266.455994,0
141.281006,371.238007,0
587.963013,289.109985,0
205.884003,183.192993,0
431.338989,149.404999,0
566.374023,282.239014,0
367.195007,410.765991,0
571.421021,153.628006,0
168.091995,331.829987,0
98.905998,383.29599,0
597.882019,443.503998,0
174.910995,70.387001,0
308.729004,363.804993,0
69.353996,276.035004,0
114.202003,227.639008,0
289.453003,84.591003,0
392.273987,213.949005,0
602.184021,64.963997,0
464.915009,352.591003,0
70.554001,138.330994,0
248.813004,279.035004,0
87.008003,270.343994,0
377.420013,416.233002,0
284.328003,290.868988,0
368.001007,240.242004,0
307.888,145.591003,0
216.832993,382.61499,0
91.612999,87.869003,0
261.678986,149.472,0
475.622986,40.736,0
556.302979,198.563995,0
613.106018,385.815002,0
195.751007,258.364014,0
535.830994,439.656006,0
309.149994,419.242004,0
496.828003,386.506012,0
387.665009,401.221008,0
116.917,270.292999,0
520.909973,313.191986,0
76.445,76.889,0
174.800003,83.643997,0
309.285004,172.272003,0
16.055,364.138,0
327.197998,84.181999,0
156.889999,150.130997,0
202.485001,183.322006,0
287.368988,264.501007,0
160.173996,71.049004,0
659.395996,89.018997,0
376.82901,135.136002,0
251.716003,274.013,0
446.382996,384.338013,0
389.864014,468.006989,0
170.356995,371.300995,0
618.814026,436.923004,0
231.783997,414.507996,0
436.882996,310.057007,0
368.539001,358.45401,0
74.420998,165.548996,0
150.177002,396.20401,0
656.952026,150.522995,0
230.798004,78.57,0
594.867981,398.511993,0
617.002991,239.865005,0
162.988007,421.220001,0
397.022003,266.483002,0
158.960007,284.756989,0
465.002991,325.019012,0
268.679993,260.722992,0
210.147995,428.432007,0
443.843994,87.042,0
637.52002,346.696014,0
199.826996,262.019012,0
278.588989,63.146,0
506.747986,366.77301,0
214.794998,82.535004,0
185.574997,274.045013,0
166.919998,377,0
124.427002,110.471001,0
391.848999,69.875,0
368.075012,282.704987,0
208.884003,407.713989,0
156.520004,379.932007,0
580.044983,306.605011,0
31.511999,130.261002,0
315.947998,355.893005,0
636.064026,192.817001,0
18.618999,96.614998,0
592.919006,310.885986,0
223.710007,276.231995,0
337.52301,345.089996,0
136.505005,358.880005,0
316.571991,423.484009,0
320.515991,87.992996,0
259.265991,250.453003,0
132.585007,175.630997,0
657.817017,408.070007,0
561.414001,428.466003,0
420.457001,309.084991,0
504.128998,126.134003,0
431.200012,91.078003,0
455.09201,60.095001,0
118.478996,417.095001,0
652.973999,198.602005,0
449.427002,321.385986,0
477.153015,157.701004,0
657.676025,110.794998,0
482.561005,41.643002,0
235.675995,262.609985,0
510.865997,349.673004,0
163.414001,112.197998,0
55.243,327.588013,0
609.640991,262.756989,0
99.203003,96.121002,0
287.144012,96.098999,0
563.638,289.114014,0
654.176025,168.852005,0
545.758972,341.872009,0
604.408997,193.248993,0
382.580994,419.315002,0
646.484009,342.151001,0
308.653992,346.355011,0
577.08197,461.730988,0
601.208008,281.781006,0
530.146973,145.494003,0
631.857971,316.90799,0
73.407997,75.875999,0
455.645996,75.527,0
571.288025,186.591003,0
563.982971,190.306,0
143.626007,152.654999,0
570.13501,181.315994,0
555.273987,280.162994,0
512.958008,254.414993,0
653.344971,439.667999,0
657.771973,205.354996,0
293.778992,86.940002,0
134.054993,108.899002,0
476.080994,75.411003,0
560,40.344002,0
192.332993,344.489014,0
652.585022,401.112,0
102.455002,162.998001,0
168.477005,83.318001,0
612.380005,216.447006,0
271.695007,246.419998,0
322.884003,278.95401,0
437.675995,294.256012,0
324.541992,75.254997,0
461.867004,40.888,0
162.009003,365.578003,0
563.888977,206.667007,0
134.658997,399.880005,0
529.239014,395.059998,0
637.362976,310.112,0
545.117981,305.188995,0
156.628006,383.220001,0
305.283997,92.072998,0
512.997986,347.134003,0
556.017029,129.035995,0
615.432007,139.733994,0
596.122009,280.356995,0
260.459991,243.822006,0
639.190002,227.263,0
612.218018,134.757996,0
662.921021,443.565002,0
157.373001,197.492004,0
157.151993,221.417007,0
69.792,337.30899,0
497.048004,88.247002,0
161.709,435.475006,0
394.170013,407.627991,0
508.734985,364.084991,0
484.479004,201.807999,0
556.635986,464.757996,0
479.123993,353.346985,0
602.372986,453.471985,0
591.427979,285.131012,0
19.35,335.467987,0
531.388977,439.308014,0
53.734001,371.545013,0
120.683998,264.842987,0
329.821014,83.693001,0
83.251999,379.713989,0
620.010986,348.537994,0
553.929016,344.57901,0
309.972992,346.363007,0
638.731018,183.472,0
103.226997,43.122002,0
118.634003,179.388,0
199.903,282.838989,0
131.893005,395.601013,0
537.45697,231.800995,0
250.162003,265.480988,0
65.510002,68.935997,0
370.337006,190.397995,0
297.786011,84.865997,0
177.628998,375.40799,0
544.616028,368.464996,0
564.484985,302.60199,0
656.969971,444.30899,0
435.647003,119.950996,0
407.306,380.221008,0
219.130997,144.699997,0
623.263,184.972,0
94.959,283.584991,0
642.5,87.838997,0
541.937012,234.882996,0
598.718018,226.987,0
230.815994,174.498993,0
179.125,144.858994,0
242.815002,443.104004,0
188.835999,417.102997,0
441.895996,97.949997,0
534.986023,251.824005,0
27.033001,164.820007,0
206.369995,180.453003,0
227.535004,429.308014,0
563.755981,313.53299,0
163.283005,357.158997,0
331.93399,363.894012,0
189.591995,183.037003,0
205.087997,151.434998,0
155.613007,377.032013,0
153.223999,430.683014,0
267.868011,149.033005,0
316.020996,354.829987,0
341.529999,321.295013,0
233.675003,274.727997,0
297.381989,85.728996,0
328.156006,103.931,0
444.596985,345.322998,0
141.203003,265.821991,0
216.906998,378.682007,0
337.240997,355.937012,0
176.628998,350.002014,0
427.972992,313.82901,0
624.526978,393.526001,0
657.491028,189.694,0
54.256001,301.992004,0
118.361,423.502991,0
19.302,336.920013,0
367.369995,322.192993,0
548.73999,457.195007,0
449.195007,73.234001,0
657.862976,65.836998,0
262.565002,428.451996,0
525.315979,432.002991,0
623.013,280.915985,0
176.218994,149.932007,0
601.927979,205.498001,0
222.050003,422.855988,0
396.601013,384.321991,0
626.182983,385.463013,0
59.918999,168.727997,0
506.290009,141.356995,0
205.904007,141.600998,0
161.210007,268.239014,0
162.837006,269.796997,0
48.043999,400.104004,0
294.673004,212.072006,0
620.721985,169.306,0
193.641006,326.221985,0
143.360001,174.804001,0
577.096008,153.561005,0
352.803986,291.481995,0
564.01001,432.730011,0
691.171997,66.835999,0
479.440002,221.889008,0
508.815002,54.483002,0
143.621994,357.248993,0
446.130005,92.921997,0
190.410004,144.839005,0
73.542999,292.056,0
125.621002,323.664001,0
666.450012,430.233002,0
478.584015,54.568001,0
564.268982,446.346008,0
239.332001,366.838989,0
31.865,101.904999,0
621.903015,455.992004,0
319.983002,349.136993,0
506.799988,351.681,0
584.460022,265.471008,0
205.884003,409.194,0
453.058014,150.147995,0
401.391998,268.270996,0
319.26001,426.640015,0
349.174988,363.209015,0
324.945007,263.533997,0
96.920998,118.603996,0
372.231995,274.944,0
97.954002,221.595993,0
228.218002,148.266998,0
138.557999,252.199005,0
549.065979,385.596985,0
56.216,139.917999,0
438.942993,311.81601,0
149.880005,182.701996,0
27.049,378.358002,0
185.608994,423.916992,0
427.266998,315.885986,0
98.183998,97.224998,0
613.659973,196.166,0
215.330002,158.716003,0
487.871002,61.675999,0
219.087997,91.709,0
257.14801,421.337006,0
381.458008,276.989014,0
315.753998,85.203003,0
74.362999,316.339996,0
631.995972,136.755997,0
409.308014,295.130005,0
502.875,340.617004,0
40.202,324.015015,0
288.006012,413.296997,0
518.950989,409.438995,0
434.127014,313.481995,0
82.473999,356.868988,0
384.406006,225.410995,0
203.584,249.192993,0
564.088013,373.161011,0
376.317993,177.912994,0
26.441999,375.30899,0
122.509003,112.303001,0
517.870972,217.438995,0
114.231003,267.59201,0
102.177002,292.040009,0
541.911011,320.734009,0
191.520004,334.97699,0
113.813004,144.992004,0
165.307999,346.644989,0
533.984009,122.546997,0
260.079987,84.649002,0
319.169006,378.123993,0
496.355011,360.734009,0
457.559998,309.871002,0
561.513,407.343994,0
658.809998,318.148987,0
238.231995,155.710999,0
444.980011,315.303009,0
66.915001,385.652008,0
444.904999,370.56601,0
140.490005,356.606995,0
462.584991,46.923,0
225.768005,279.524994,0
339.209991,414.351013,0
84.127998,143.367004,0
164.522003,280.679993,0
528.101013,140.671997,0
506.282013,347.256012,0
645.575012,423.791992,0
531.450012,350.792999,0
490.593994,237.162994,0
158.901001,59.012001,0
467.677002,326.963989,0
545.633972,336.807007,0
441.635986,66.402,0
52.415001,322.428986,0
639.888,394.244995,0
77.044998,164.914993,0
527.937988,36.361,0
253.910004,77.438004,0
76.828003,153.210007,0
495.195007,73.121002,0
658.758972,312.593994,0
70.378998,104.073997,0
446.239014,65.364998,0
258.791992,409.270996,0
376.498993,156.442001,0
271.243988,245.059006,0
187.298996,103.68,0
365.789001,392.415009,0
247.653,344.884003,0
161.772995,350.403992,0
400.563995,396.718994,0
218.132004,415.959991,0
567.028992,155.563995,0
161.800003,342.645996,0
25.605,325.390991,0
424.294006,97.509003,0
120.665001,425.105988,0
309.709991,276.102997,0
650.526978,322.450989,0
641.250977,195.324005,0
624.85498,360.424011,0
565.61499,376.803009,0
363.574005,206.253998,0
353.394989,417.424011,0
317.256012,309.464996,0
652.184021,369.588989,0
513.937012,70.570999,0
241.729996,282.281006,0
554.271973,235.085007,0
163.710007,366.165009,0
621.507996,195.897995,0
480.859009,264.17099,0
195.841003,259.089996,0
279.119995,163.332001,0
271.809998,121.849998,0
102.608002,166.438995,0
559.643005,426.213013,0
273.533997,153.242004,0
323.635986,343.928009,0
582.677002,215.259003,0
269.770996,112.678001,0
272.390015,165.692993,0
608.705994,203.037994,0
657.380981,206.686005,0
309.294006,175.643997,0
35.007,90.121002,0
479.846008,56.837002,0
264.144012,105.375,0
100.859001,81.947998,0
195.296005,68.958,0
517.439026,86.577003,0
216.037994,64.569,0
518.534973,439.873993,0
444.884003,301.890015,0
250.384003,441.213013,0
228.171997,259.497009,0
449.315002,316.324005,0
318.679993,408.540009,0
572.038025,195.970001,0
173.811996,435.535004,0
109.367996,174.509003,0
70.635002,409.332001,0
448.923004,60.992001,0
31.768999,453.825012,0
24.172001,343.841003,0
55.027,177.406006,0
272.368988,30.91,0
214.916,246.544006,0
602.632019,213.401993,0
228.529007,280.138,0
156.466003,354.278015,0
447.701996,421.298004,0
152.572998,340.153015,0
660.984985,94.011002,0
550.406982,429.627991,0
32.333,274.730988,0
230.283005,344.247009,0
132.259003,175.664993,0
322.812988,179.022003,0
153.729004,168.953003,0
683.539978,423.260986,0
303.837006,435.479004,0
662.752991,307.565002,0
360.470001,261.147003,0
454.309998,59.577999,0
321.703003,372.977997,0
350.695007,269.385986,0
309.677002,143.990005,0
572.302002,205.828995,0
644.604004,440.371002,0
115.787003,145.837006,0
445.898987,387.604004,0
188.888,154.947006,0
28.049999,80.915001,0
307.321014,428.483002,0
661.619995,150.406998,0
432.997009,368.126007,0
554.197998,309.187012,0
272.536987,129.537003,0
272.937012,434.785004,0
629.338013,339.617004,0
490.091003,436.5,0
609.484009,198.414001,0
554.517029,323.084991,0
259.855011,106.153,0
485.140991,76.456001,0
97.140999,304.058014,0
641.343018,90.272003,0
166.087006,142.975006,0
141.028,110.828003,0
526.414978,221.975998,0
183.048004,165.25,0
52.622002,181.916,0
547.260986,423.722992,0
83.794998,163.024994,0
463.544006,169.772995,0
124.976997,82.060997,0
635.919006,329.769012,0
58.049,283.024994,0
231.309998,172.026001,0
171.098999,273.872986,0
484.425995,159.591995,0
159.016006,80.707001,0
602.887024,238.313004,0
618.742981,415.815002,0
622.554993,155.503006,0
259.119995,88.228996,0
163.164993,360.652008,0
584.460999,288.812012,0
266.970001,159.699005,0
455.10199,382.811005,0
646.359985,157.294006,0
243.511002,71.385002,0
80.431999,415.289001,0
21.951,179.998001,0
347.200989,260.609009,0
489.088989,246.339996,0
623.97699,204.332001,0
438.428986,344.76001,0
77.5,130.033005,0
561.010986,278.402008,0
658.909973,101.957001,0
521.940002,319.312012,0
144.953995,312.145996,0
462.738007,300.196014,0
609.637024,187.257004,0
659.807983,437.686005,0
377.81601,331.488007,0
395.59201,299.363007,0
615.241028,291.808014,0
163.641998,429.528015,0
683.947021,74.620003,0
577.463013,170.630997,0
621.702026,164.641006,0
256.009003,331.912994,0
138.735001,255.858002,0
414.816986,373.950012,0
587.403015,314.782013,0
632.171997,348.64801,0
534.354004,398.824005,0
177.794006,362.899994,0
187.751999,453.764008,0
273.756989,270.903015,0
638.572998,261.471008,0
98.446999,412.873993,0
555.840027,182.671997,0
523.778992,391.453003,0
108.745003,145.992996,0
27.764,181.220001,0
355.604004,270.209015,0
627.458984,271.954987,0
176.858994,316.822998,0
355.338989,345.832001,0
208.936005,263.774994,0
200.468002,335.644012,0
637.637024,262.346008,0
431.209015,147.042999,0
106.041,417.726013,0
390.916992,405.779999,0
435.936005,336.962006,0
493.700012,81.477997,0
172.167007,311.873993,0
598.838013,224.764008,0
229.184006,104.714996,0
574.03302,282.041992,0
561.731018,299.259003,0
330.765015,363.645996,0
589.546997,288.450989,0
207.005997,106.730003,0
580.291016,302.287994,0
425.757996,144.367004,0
204.162994,424.799988,0
329.187988,151.977005,0
488.187012,67.922997,0
163.201996,261.57901,0
52.015999,308.647003,0
508.447998,384.90799,0
133.654007,149.412003,0
354.667999,341.399994,0
442.085999,309.554993,0
268.402008,326.884003,0
308.510986,346.748993,0
175.25,81.763,0
524.507019,452.489014,0
184.223007,268.869995,0
317.023987,264.075012,0
620.39801,221.266998,0
372.235992,354.285004,0
125.156998,150.807999,0
652.583008,350.178986,0
315.492004,414.358002,0
107.822998,413.303009,0
685.143005,283.205994,0
72.275002,289.628998,0
117.400002,225.276001,0
451.223999,145.774994,0
620.210022,403.867004,0
522.575012,314.083008,0
557.455994,257.519989,0
676.484009,342.75,0
80.578003,79.455002,0
292.22699,97.319,0
323.514008,442.768005,0
224.985001,91.730003,0
96.516998,364.527008,0
687.344971,414.544006,0
575.799988,145.080994,0
102.501999,412.378998,0
445.338989,57.293999,0
650.434998,169.442993,0
642.879028,248.145996,0
239.298996,74.720001,0
104.574997,163.649994,0
497.612,346.026001,0
149.406006,161.423004,0
291.239014,267.566986,0
311.294006,143.184998,0
554.689026,237.095993,0
666.442017,331.636993,0
532.624023,379.960999,0
586.940979,140.307007,0
222.302994,161.848007,0
205.343994,89.500999,0
551.348999,159.414993,0
556.427979,205.593002,0
327.830994,130.466995,0
618.481018,344.968994,0
543.072998,207.690002,0
172.727997,401.743011,0
457.622009,78.070999,0
582.385986,384.609985,0
403.571991,402.153015,0
432.485992,198.876999,0
620.304993,136.759003,0
654.723999,309.14801,0
509.126007,233.748993,0
503.098999,423.039001,0
532.656982,132.973999,0
321.790985,36.115002,0
47.073002,304.21701,0
516.171997,320.609985,0
640.390991,71.836998,0
44.249001,151.582001,0
559.263,143.604004,0
192.718994,68.344002,0
265.653015,397.242004,0
440.321991,359.596985,0
628.554016,179.042007,0
473.846008,195.783997,0
518.630981,433.598999,0
484.696991,47.808998,0
272.822998,110.295998,0
518.55603,444.05899,0
541.085022,244.472,0
253.069,71.224998,0
155.727005,262.001007,0
535.627014,140.856003,0
523.039978,447.243011,0
22.216,108.348999,0
392.675995,356.59201,0
574.364014,179.509995,0
153.923004,113.544998,0
552.025024,183.050995,0
446.885986,330.255005,0
354.631989,418.369995,0
632.637024,392.834991,0
493.311005,132.279999,0
101.557999,388.536011,0
628.763,424.105988,0
129.600006,333.609985,0
221.841995,414.472992,0
51.334999,366.847992,0
68.316002,152.404007,0
534.228027,358.035004,0
324.865997,350.670013,0
151.524994,100.473,0
129.466003,424.130005,0
324.276001,405.121002,0
53.195999,83.793999,0
466.398987,317.743011,0
600.762024,262.48999,0
338.527008,362.937012,0
67.553001,175.725006,0
231.867996,84.874001,0
221.889008,249.483994,0
496.18399,308.752014,0
184.608002,349.040985,0
632.565979,261.731995,0
138.854004,263.312012,0
91.571999,364.098999,0
632.968994,261.95401,0
239.977005,274.036011,0
475.464996,168.309998,0
113.841003,267.872009,0
252.613998,157.283997,0
97.065002,442.230011,0
505.109985,432.984009,0
117.363998,261.468994,0
114.928001,171.688995,0
535.768005,87.931999,0
12.64,340.424011,0
559.049011,168.660995,0
48.236,347.035004,0
88.149002,161.701004,0
666.392029,341.243988,0
305.290985,406.214996,0
114.081001,176.557999,0
452.90799,150.895004,0
363.013,359.636993,0
542.241028,147.626007,0
47.348,173.026993,0
469.700989,359.294006,0
527.367004,119.724998,0
570.276001,374.890015,0
297.32901,425.653992,0
621.208008,451.384003,0
216.106995,214.748001,0
240.369995,87.621002,0
644.893982,80.608002,0
156.264999,124.499001,0
549.046021,347.325012,0
67.385002,105.926003,0
149.255997,82.263,0
375.214996,407.834015,0
192.186996,439.127991,0
35.154999,77.012001,0
287.028015,464.25,0
489.031006,69.125,0
317.945007,82.762001,0
184.615997,155.067993,0
100.232002,163.528,0
98.716003,101.833,0
407.057007,406.286987,0
448.597992,166.009995,0
313.04599,157.845001,0
632.650024,178.970993,0
261.790009,422.598999,0
441.540985,84.125999,0
282.466003,72.181999,0
540.557007,442.730011,0
101.137001,146.328003,0
245.315002,70.517998,0
125.738998,418.415985,0
27.104,179.199005,0
216.757004,194.188995,0
140.507004,167.783997,0
613.867981,158.554001,0
587.77002,273.713013,0
320.842987,138.227997,0
318.313995,91.872002,0
247.128006,263.612,0
658.244995,451.95401,0
376.256989,170.332993,0
188.815002,158.886002,0
496.817993,32.692001,0
262.785004,149.373001,0
135.699997,272.295013,0
643.570007,190.464005,0
439.269012,76.474998,0
43.223,225.792999,0
539.406982,427.306,0
452.837006,67.247002,0
127.582001,87.001999,0
130.533997,288.950989,0
639.867004,306.737,0
347.829987,261.914001,0
658.268005,100.375999,0
591.836975,287.518005,0
649.304016,117.694,0
511.287994,325.661011,0
633.244995,322.492004,0
530.330994,213.716003,0
559.695007,441.709015,0
392.169006,391.401001,0
669.122986,252.410995,0
227.628006,96.172997,0
75.241997,182.811005,0
540.549988,353.709991,0
71.081001,83.901001,0
445.671997,158.507004,0
52.150002,153.889999,0
157.382996,205.356995,0
143.966003,25.908001,0
633.658997,79.555,0
489.078003,161.763,0
205.572998,282.15799,0
450.292999,457.630005,0
648.966003,356.048004,0
612.737976,137.832993,0
423.65799,124.759003,0
153.001999,380.26001,0
478.554993,176.154999,0
29.121,146.722,0
350.677002,357.665009,0
99.605003,288.78299,0
467.660004,374.984985,0
610.536011,132.740997,0
546.877991,163.681,0
171.093002,438.648987,0
506.014008,336.845001,0
301.065002,72.014,0
21.778999,68.495003,0
151.692993,379.097992,0
497.494995,104.283997,0
228.156006,279.748993,0
197.707001,269.556,0
432.791992,143.798996,0
132.061996,338.832001,0
88.601997,101.541,0
528.08197,237.987,0
146.186005,269.023987,0
497.582001,157.123001,0
444.098999,78.235001,0
352.781006,260.822998,0
293.635986,254.391998,0
126.716003,110.5,0
330.035004,422.855988,0
437.983002,392.455994,0
321.496002,227.556,0
268.17099,423.519989,0
568.323975,311.984009,0
598.25,438.070007,0
44.414001,181.393005,0
286.976013,259.334991,0
619.119019,262.878998,0
144.710999,359.536987,0
237.690994,202.912994,0
312.980011,349.57901,0
32.731998,392.835999,0
674.575012,410.329987,0
474.742004,161.518005,0
443.648987,356.950989,0
409.411987,296.240997,0
645.271973,89.614998,0
646.700012,346.681,0
650.822021,343.014008,0
465.438995,325.735992,0
277.513,440.584015,0
331.488007,378.160004,0
631.229004,234.764008,0
111.583,289.604004,0
473.494995,40.794998,0
656.627991,348.501007,0
214.809006,178.468002,0
604.874023,427.847992,0
88.005997,90.714996,0
80.211998,173.904007,0
435.265991,158.348999,0
319.507996,166.975998,0
651.336975,82.528,0
140.854996,327.583008,0
148.658005,310.89801,0
545.828979,238.451004,0
678.708008,185.962997,0
299.372986,410.052002,0
34.687,298.644989,0
641.539001,122.517998,0
557.323975,209.421005,0
119.988998,91.217003,0
637.156006,71.194,0
633.22998,423.832001,0
185.617996,105.649002,0
277.894012,160.225998,0
328.027008,258.38501,0
625.69397,459.377991,0
624.702026,413.612,0
603.932983,219.029999,0
515.577026,126.163002,0
540.585022,156.139999,0
684.469971,351.195007,0
280.244995,171.561996,0
619.495972,154.315002,0
531.517029,393.152008,0
278.481995,147.078003,0
521.286011,384.84201,0
553.028992,282.259003,0
185.401993,278.535004,0
677.263,432.234985,0
658.875977,363.458008,0
402.479004,299.222992,0
285.061005,374.411987,0
182.397995,68.097,0
94.830002,286.166992,0
563.984985,272.660004,0
155.304993,75.504997,0
604.734985,150.860992,0
221.783005,106.579002,0
411.959015,388.993988,0
611.179016,234.766998,0
422.225006,376.346985,0
156.903,318.773987,0
648.567993,204.735001,0
367.864014,404.339996,0
37.363998,85.425003,0
36.508999,138.977005,0
484.996002,236.309006,0
155.220993,351.90799,0
547.132019,136.606003,0
332.037994,329.566986,0
510.468994,139.210007,0
641.117981,453.237,0
307.505005,343.664001,0
579.018005,433.463013,0
647.937012,189.059998,0
664.822021,331.365997,0
612.630981,408.003998,0
506.592987,380.705994,0
680.669983,387.036011,0
461.130005,164.276001,0
354.815002,258.403992,0
110.556999,417.752014,0
182.641998,110.550003,0
70.235001,161.806,0
176.529999,343.546997,0
29.863001,158.281006,0
560.052979,447.272003,0
485.406006,193.973007,0
632.763,332.968994,0
92.286003,295.358002,0
20.355,75.446999,0
131.936996,149.259003,0
119.559998,138.212006,0
423.759003,283.36499,0
604.254028,223.408005,0
111.038002,193.479996,0
44.091999,143.231003,0
406.53299,400.324005,0
472.174011,238.427994,0
31.240999,134.188995,0
443.015991,349.342987,0
223.729004,159.376007,0
312.518005,319.893005,0
18.547001,355.748993,0
135.977997,112.664001,0
67.529999,167.307999,0
72.301003,310.144012,0
520.077026,215.481995,0
202.841995,148.460007,0
376.471985,433.039001,0
223.854996,282.011993,0
271.257996,439.437012,0
571.971008,451.751007,0
566.471985,395.589996,0
15.11,364.417999,0
251.229996,159.384003,0
634.716003,401.243988,0
342.622986,325.799011,0
432.721008,123.741997,0
57.860001,293.15799,0
551.870972,163.962997,0
529.017029,407.446991,0
559.856995,377.621002,0
92.347,78.25,0
32.414001,371.342987,0
321.851013,252.632004,0
432.82901,164.287994,0
540.43103,446.821014,0
427.515015,400.527008,0
615.414001,170.371002,0
24.809999,161.423004,0
179.888,428.421997,0
531.073975,370.192993,0
347.377014,421.890991,0
485.369995,274.82901,0
174.845001,146.046997,0
530.552979,359.404999,0
625.117981,221.085999,0
604.637024,437.700012,0
398.246002,268.554993,0
201.485992,264.084991,0
25.722,315.903015,0
457.218994,61.057999,0
536.437012,306.856995,0
555.914978,300.281006,0
205.209,283.121002,0
243.869995,271.019989,0
294.890991,270.667999,0
549.330017,437.570007,0
398.968994,379.959015,0
434.013,344.834991,0
66.109001,157.598007,0
204.802994,301.196014,0
149.632004,433.106995,0
565.244019,304.848999,0
94.443001,290.696991,0
268.415009,440.296997,0
107.208,272.740997,0
233.292007,69.528999,0
64.150002,138.916,0
435.048004,385.942993,0
650.184021,87.128998,0
112.18,112.098,0
374.722992,264.427002,0
162.565002,108.361,0
522.679016,220.746994,0
246.554993,109.607002,0
648.744019,239.675995,0
138.916,419.429993,0
263.088013,77.570999,0
67.906998,90.611,0
489.632996,277.29599,0
78.947998,282.401001,0
444.100006,349.277008,0
511.703003,415.179993,0
499.385986,126.143997,0
19.620001,102.929001,0
608.630981,291.27301,0
199.753006,78.471001,0
400.790009,275.553009,0
317.931,431.571991,0
308.959991,417.742004,0
544.190002,351.438995,0
541.411987,361.352997,0
197.434006,415.201996,0
310.510986,345.281006,0
662.650024,136.899002,0
65.908997,104.268997,0
496.092987,208.483002,0
564.218018,154.309998,0
647.440002,440.968994,0
501.143005,118.434998,0
356.246002,320.109009,0
649.169983,316.174011,0
531.132019,327.080994,0
446.871002,147.759003,0
69.869003,286.674988,0
36.352001,377.645996,0
421.537994,297.403015,0
418.878998,306.950989,0
526.393005,362.779999,0
221.113007,272.720001,0
257.597992,159.278,0
285.446014,411.997986,0
361.181,413.359985,0
504.404999,73.147003,0
476.02301,341.609009,0
420.049988,394.812012,0
32.867001,179.417999,0
138.748001,78.297997,0
271.932007,414.035004,0
162.764008,425.303009,0
625.557983,283.421997,0
29.788,356.191986,0
323.166992,328.544006,0
496.216003,415.569,0
251.432007,154.587006,0
128.274994,428.488007,0
634.489014,84.074997,0
22.046,180.826004,0
234.621002,420.167999,0
52.622002,289.036987,0
217.098999,265.993988,0
294.45401,182.173004,0
610.703979,186.449997,0
377.70401,366.003998,0
207.701996,164.740997,0
307.755005,254.365997,0
508.947998,215.783005,0
184.951996,149.089996,0
483.962006,235.955994,0
633.421997,218.453003,0
627.254028,340.165985,0
555.47699,422.029999,0
91.064003,266.022003,0
21.191,90.175003,0
107.758003,410.612,0
331.30899,430.457001,0
627.726013,450.149994,0
354.132996,269.653015,0
641.492981,439.113007,0
496.501007,44.894001,0
56.519001,370.269012,0
497.880005,344.515991,0
587.828003,448.48999,0
77.644997,381.208008,0
269.481995,97.087997,0
593.27301,91.797997,0
60.876999,77.748001,0
228.990005,273.638,0
153.804993,420.488007,0
557.072998,409.470001,0
214.039993,110.087997,0
565.997009,441.990997,0
546.742004,412.304993,0
386.850006,268.208008,0
175.091003,183.279007,0
517.81897,439.963989,0
102.727997,102.350998,0
644.593994,436.609985,0
447.604004,51.804001,0
331.536987,277.278992,0
426.097992,131.962997,0
293.588013,112.961998,0
580.73999,393.837006,0
535.059021,245.007996,0
480.842987,46.226002,0
52.751999,326.516998,0
496.910004,54.550999,0
239.255005,228.132004,0
450.308014,137.647995,0
351.467987,267.28299,0
390.64801,282.641998,0
268.550995,269.596985,0
130.638,71.360001,0
