% t7-4k.txt minpts 10 eps 15.0
% 0 233 20
488.71, 218.80
576.50, 196.43
535.27, 248.27
569.25, 162.94
576.90, 143.79
484.48, 201.81
559.05, 168.66
509.42, 134.11
572.00, 185.26
542.24, 147.63
545.74, 122.26
527.37, 119.72
540.02, 134.87
500.02, 138.52
513.61, 120.02
560.80, 136.88
537.46, 231.80
565.72, 139.57
555.51, 236.32
538.83, 248.08
557.84, 219.16
512.50, 118.82
476.16, 213.08
498.07, 245.93
508.04, 215.33
541.94, 234.88
515.58, 126.16
511.20, 229.15
575.80, 145.08
482.31, 243.42
517.96, 234.85
568.59, 190.19
517.34, 255.76
535.37, 124.99
534.82, 219.90
560.74, 137.68
574.49, 153.96
496.04, 112.87
534.31, 209.11
530.33, 213.72
484.86, 228.52
571.42, 153.63
493.33, 124.91
569.04, 189.64
506.29, 141.36
535.72, 134.30
574.78, 149.67
572.34, 183.79
564.06, 150.09
517.53, 135.09
479.44, 221.89
505.26, 115.02
496.52, 231.65
528.71, 144.86
557.55, 183.66
528.48, 126.85
554.34, 206.42
537.99, 217.92
545.52, 205.06
490.80, 207.90
510.18, 142.28
570.59, 208.91
522.20, 215.14
528.46, 131.65
541.99, 121.06
545.83, 238.45
532.41, 255.87
551.17, 201.65
516.50, 119.60
546.88, 163.68
533.84, 123.35
527.30, 137.36
479.70, 241.16
534.99, 251.82
549.79, 166.15
517.87, 217.44
563.98, 190.31
485.69, 226.43
557.32, 209.42
533.98, 122.55
518.36, 251.86
547.48, 162.10
549.52, 160.60
557.80, 167.45
540.59, 156.14
549.13, 194.16
528.10, 140.67
505.91, 138.92
490.59, 237.16
569.94, 171.43
565.26, 225.20
555.96, 229.73
504.68, 118.56
516.72, 139.65
558.38, 173.09
485.00, 236.31
547.13, 136.61
474.27, 227.44
510.47, 139.21
528.08, 237.99
567.03, 155.56
572.30, 205.83
564.16, 207.98
516.13, 127.97
565.78, 204.76
554.27, 235.09
547.37, 204.99
504.60, 124.78
472.17, 238.43
514.56, 214.18
495.58, 231.43
575.18, 153.38
562.35, 214.13
533.31, 218.95
530.75, 218.32
520.08, 215.48
532.05, 122.72
554.00, 171.03
493.11, 222.60
551.87, 163.96
514.14, 129.28
556.30, 198.56
551.01, 149.55
555.22, 155.70
560.61, 200.31
515.19, 222.45
572.55, 155.74
559.28, 147.01
568.92, 217.77
532.11, 131.97
496.43, 124.01
484.39, 243.90
565.90, 174.82
572.04, 195.97
530.15, 145.49
519.35, 138.61
517.51, 222.68
541.40, 254.55
505.46, 119.07
522.25, 253.70
506.60, 239.50
522.68, 220.75
493.32, 135.26
577.10, 153.56
512.53, 248.17
526.41, 221.98
571.29, 186.59
484.64, 243.16
565.39, 162.42
550.43, 140.70
568.31, 189.23
563.40, 154.95
496.09, 208.48
564.22, 154.31
530.12, 253.40
501.14, 118.43
561.47, 221.50
543.35, 127.12
548.08, 221.70
501.58, 240.34
551.18, 134.99
528.38, 135.25
564.40, 201.74
543.80, 153.22
527.80, 138.09
487.05, 243.99
492.45, 131.38
559.70, 133.75
487.01, 214.47
577.46, 170.63
513.42, 247.72
499.39, 126.14
525.34, 249.37
563.75, 231.23
557.71, 143.81
578.75, 155.16
508.95, 215.78
524.40, 131.16
483.96, 235.96
487.71, 214.87
510.10, 117.98
560.18, 192.29
552.37, 233.90
574.18, 161.59
479.66, 212.09
474.87, 217.08
487.80, 238.76
585.42, 154.12
535.06, 245.01
516.45, 256.85
560.98, 223.13
566.95, 179.12
493.28, 129.61
551.46, 239.13
553.23, 157.64
555.84, 182.67
528.18, 247.66
541.89, 145.18
532.92, 129.12
552.67, 160.49
551.35, 159.41
556.43, 205.59
504.13, 126.13
543.07, 207.69
563.89, 206.67
509.13, 233.75
532.66, 132.97
545.45, 137.99
559.26, 143.60
541.96, 125.61
550.38, 139.18
479.30, 231.04
519.91, 148.30
535.72, 214.52
532.23, 210.61
541.09, 244.47
494.99, 128.92
535.63, 140.86
570.14, 181.32
574.36, 179.51
552.03, 183.05
484.14, 234.60
493.31, 132.28
480.61, 212.46
573.76, 161.15
556.02, 129.04
544.40, 202.04
505.87, 129.02
489.09, 246.34
528.57, 121.50
569.25, 150.45
528.34, 223.13
484.92, 235.71
465.39, 211.47
554.69, 237.10
474.83, 206.71
534.20, 267.29
549.38, 185.62
497.49, 104.28
522.58, 107.24
485.41, 193.97
588.63, 181.08
587.19, 142.75
576.32, 129.88
551.67, 119.94
496.13, 109.08
512.96, 254.41
549.90, 182.94
497.61, 211.97
582.68, 215.26
586.94, 140.31
473.85, 195.78
464.18, 218.97
% 1 1020 98
111.27, 397.43
26.47, 353.76
391.27, 410.43
165.38, 400.07
183.24, 437.52
314.22, 411.27
429.68, 399.50
160.34, 275.22
30.36, 381.21
450.65, 334.17
310.83, 404.41
406.76, 283.25
261.01, 251.37
194.61, 260.52
364.72, 417.61
188.77, 264.40
137.10, 271.70
221.85, 440.86
457.14, 346.66
377.08, 425.77
104.57, 288.07
401.35, 278.39
48.59, 304.01
345.81, 272.64
55.13, 382.35
365.26, 261.57
176.83, 271.57
253.52, 432.82
151.41, 254.81
195.45, 259.27
433.13, 295.73
263.35, 404.73
179.18, 279.62
226.70, 243.07
201.90, 421.72
233.24, 267.00
289.33, 269.12
52.42, 322.43
97.79, 396.42
38.25, 359.37
281.54, 427.36
456.95, 309.31
439.04, 385.26
67.79, 297.25
132.63, 397.51
394.31, 300.81
78.93, 278.74
193.05, 436.95
365.04, 272.92
37.48, 366.46
170.01, 265.45
124.46, 415.93
475.23, 339.60
66.52, 283.80
426.94, 383.65
190.81, 415.40
171.99, 250.24
276.52, 405.35
292.01, 406.99
191.32, 409.42
87.17, 284.13
351.67, 410.95
447.78, 292.70
412.01, 273.04
223.54, 258.02
458.15, 385.60
173.36, 281.24
300.82, 274.93
21.39, 326.61
221.33, 275.56
390.27, 288.21
191.10, 281.64
179.04, 263.45
192.68, 413.77
126.15, 426.48
63.91, 371.66
433.52, 387.91
120.18, 259.24
23.89, 352.25
118.04, 268.76
32.40, 304.97
476.28, 362.57
438.46, 328.80
309.10, 256.78
113.79, 389.31
65.20, 400.42
44.93, 305.39
60.61, 399.96
36.99, 388.86
134.02, 282.92
171.56, 280.03
393.89, 386.86
411.32, 303.13
368.39, 411.80
297.02, 261.79
331.01, 432.34
422.23, 376.35
316.97, 429.70
209.10, 433.40
472.41, 362.64
355.60, 270.21
386.68, 277.68
250.16, 265.48
472.94, 333.82
183.12, 433.70
43.10, 353.88
75.77, 386.67
211.39, 267.14
421.29, 368.03
399.77, 381.62
377.34, 259.23
409.26, 406.52
433.53, 348.61
456.54, 302.21
345.12, 281.93
208.94, 263.77
337.22, 434.14
322.46, 433.22
179.84, 429.55
386.61, 289.19
143.47, 425.73
287.77, 423.09
338.58, 397.03
150.81, 427.67
304.71, 426.11
168.28, 257.95
189.81, 255.13
128.24, 429.04
234.46, 431.80
107.71, 279.45
444.59, 370.73
167.99, 269.39
390.92, 405.78
441.55, 345.23
167.20, 255.12
230.88, 436.57
453.44, 317.45
324.90, 262.24
43.67, 291.40
472.39, 336.52
282.82, 441.90
63.12, 369.84
156.76, 400.33
50.43, 299.39
273.31, 247.17
396.14, 287.85
206.04, 436.02
269.05, 415.21
36.11, 299.35
276.25, 253.03
171.03, 403.24
21.13, 311.60
281.88, 407.03
433.95, 391.35
379.22, 273.00
463.96, 354.92
337.39, 421.00
220.01, 432.74
448.15, 393.50
450.01, 352.99
237.46, 426.73
227.17, 277.30
55.15, 381.59
33.73, 368.54
207.05, 427.27
305.50, 254.55
338.38, 424.65
90.79, 408.53
446.96, 324.44
438.45, 354.70
191.88, 408.82
378.17, 264.32
435.46, 348.16
194.72, 283.68
434.55, 292.79
233.68, 274.73
331.14, 270.08
227.54, 429.31
388.15, 386.00
377.81, 412.42
311.79, 425.30
219.80, 440.97
395.60, 268.55
226.24, 410.57
101.69, 280.10
58.44, 389.74
459.61, 353.61
230.88, 247.04
357.93, 262.00
431.47, 307.98
52.89, 316.24
412.06, 390.99
184.52, 265.26
283.02, 430.10
256.23, 267.49
427.04, 364.25
298.54, 440.79
159.69, 411.75
72.01, 384.27
305.20, 432.71
118.48, 389.86
276.65, 405.23
71.04, 302.36
229.38, 263.29
241.73, 282.28
400.56, 396.72
164.90, 255.04
340.54, 259.70
67.63, 281.96
335.21, 418.16
389.09, 418.68
118.62, 264.18
391.53, 276.92
210.70, 249.57
443.71, 367.84
394.17, 407.63
212.78, 419.44
406.53, 400.32
68.11, 377.47
266.91, 247.37
225.68, 435.41
47.43, 318.59
352.11, 401.84
417.60, 391.78
385.10, 288.64
354.28, 266.10
424.37, 323.12
120.96, 406.17
142.50, 286.62
196.02, 250.52
449.43, 321.39
361.60, 270.56
326.17, 420.51
107.82, 413.30
291.20, 404.57
401.45, 274.74
91.37, 381.39
52.56, 400.23
164.51, 437.69
72.30, 310.14
279.12, 412.83
276.33, 274.01
37.54, 332.92
30.82, 311.73
153.76, 266.59
218.04, 424.52
106.06, 289.12
433.57, 401.86
383.73, 281.22
169.41, 413.67
322.39, 435.13
130.12, 397.18
318.72, 425.09
446.70, 373.31
274.81, 270.85
345.28, 278.08
431.48, 293.87
316.30, 405.18
163.64, 429.53
56.87, 290.48
336.21, 399.88
345.99, 285.59
148.47, 251.95
400.79, 275.55
309.39, 254.32
427.29, 299.77
43.40, 300.14
199.86, 417.18
279.99, 423.60
297.48, 439.60
274.30, 245.44
173.95, 432.25
382.86, 386.95
392.11, 270.97
360.47, 261.15
154.66, 278.78
158.62, 434.99
289.59, 412.30
445.59, 359.61
386.63, 411.62
303.18, 269.22
133.34, 286.02
140.48, 418.83
71.42, 382.11
444.53, 376.50
267.79, 258.55
449.83, 381.64
457.28, 349.23
435.74, 293.31
108.85, 390.49
69.42, 311.28
119.40, 287.88
367.52, 258.70
304.05, 262.14
98.30, 383.25
430.75, 387.64
151.17, 417.07
383.83, 398.27
463.02, 367.79
400.75, 390.31
427.57, 403.04
309.71, 276.10
124.82, 261.86
434.42, 301.31
321.85, 252.63
223.07, 433.62
28.52, 301.51
302.10, 421.33
346.67, 413.50
430.12, 366.07
205.57, 410.90
229.63, 413.16
116.12, 270.10
267.89, 403.79
131.31, 264.39
432.40, 388.27
220.09, 415.47
336.08, 268.17
135.24, 264.54
132.61, 258.95
43.20, 355.89
350.44, 272.81
62.38, 401.37
147.51, 260.90
439.38, 334.02
146.54, 273.42
31.62, 326.35
10.58, 345.60
79.63, 394.41
442.16, 311.95
437.28, 378.59
476.42, 342.46
48.98, 323.15
31.16, 358.88
157.27, 432.45
51.57, 386.96
329.79, 257.68
398.25, 268.55
319.17, 431.36
319.80, 274.16
71.97, 312.74
208.28, 272.57
282.74, 246.63
118.00, 400.04
74.61, 386.66
377.43, 277.39
313.99, 416.10
426.13, 286.68
315.85, 272.65
70.22, 380.27
282.77, 248.76
62.47, 281.97
198.01, 430.94
148.07, 264.64
285.81, 250.39
432.95, 289.51
105.21, 286.34
75.86, 370.15
300.08, 279.31
321.05, 266.50
220.42, 256.35
284.82, 433.44
206.04, 275.74
195.55, 418.28
266.60, 434.86
191.96, 408.84
294.91, 421.48
296.88, 426.28
392.81, 381.58
116.73, 266.86
92.33, 395.16
167.27, 252.35
153.74, 404.41
47.83, 327.78
216.85, 411.75
335.64, 405.03
65.71, 293.32
411.15, 314.54
276.55, 403.01
423.62, 278.61
439.89, 385.01
470.53, 354.82
258.92, 265.52
216.50, 244.80
188.62, 417.37
428.72, 279.23
463.11, 360.71
400.47, 294.41
77.67, 387.26
122.86, 289.84
304.71, 407.51
343.93, 405.11
262.70, 262.76
312.70, 256.98
440.32, 359.60
178.29, 410.67
112.04, 266.48
447.15, 356.75
91.28, 381.06
167.94, 409.22
372.23, 274.94
325.98, 432.68
387.06, 278.21
481.87, 338.63
261.79, 253.57
255.99, 415.03
363.77, 424.61
153.59, 409.77
431.53, 306.56
315.37, 418.72
270.37, 434.95
283.93, 258.99
151.60, 431.10
211.70, 417.88
167.43, 280.52
28.52, 323.89
188.62, 275.36
394.86, 286.82
152.45, 267.61
87.91, 381.98
226.29, 432.52
70.77, 305.16
450.32, 340.84
240.79, 429.01
197.38, 255.94
329.84, 407.20
381.52, 386.89
457.91, 379.86
67.59, 369.55
37.98, 377.39
21.17, 311.83
347.77, 404.30
58.39, 314.44
447.21, 306.40
167.86, 406.17
13.16, 344.06
171.92, 436.72
279.98, 266.46
207.76, 408.55
123.49, 405.00
367.20, 410.77
287.37, 434.24
255.16, 263.43
98.91, 383.30
69.35, 276.04
130.68, 281.23
354.63, 418.37
377.42, 416.23
142.13, 419.99
195.75, 258.36
400.40, 397.98
309.15, 419.24
193.91, 407.43
190.65, 407.87
116.92, 270.29
277.79, 431.34
234.12, 269.30
262.51, 419.79
287.37, 264.50
260.29, 244.80
45.49, 303.98
251.72, 274.01
446.38, 384.34
106.01, 263.13
304.77, 408.92
231.78, 414.51
436.88, 310.06
199.23, 259.89
124.92, 416.61
255.05, 436.03
397.02, 266.48
158.96, 284.76
465.00, 325.02
268.68, 260.72
210.15, 428.43
458.21, 325.36
254.69, 256.32
434.13, 313.48
35.91, 370.35
293.57, 436.72
121.24, 416.65
111.32, 271.55
109.01, 297.54
208.88, 407.71
111.49, 393.99
109.42, 260.67
223.71, 276.23
431.75, 378.55
316.57, 423.48
460.10, 375.26
205.25, 429.56
464.48, 335.52
420.46, 309.08
427.53, 369.27
118.48, 417.10
443.04, 377.06
285.84, 415.46
124.34, 390.04
247.66, 259.68
235.68, 262.61
149.49, 417.47
26.44, 375.31
55.24, 327.59
441.67, 365.17
77.93, 297.18
382.58, 419.32
443.37, 355.57
123.64, 264.83
407.30, 381.24
49.71, 382.51
366.87, 281.78
69.87, 286.67
190.27, 413.90
375.78, 261.52
179.44, 261.53
191.19, 414.02
253.72, 263.12
271.70, 246.42
322.88, 278.95
437.68, 294.26
395.89, 379.56
98.26, 270.52
160.23, 284.25
216.78, 256.39
467.66, 374.98
130.99, 408.99
159.76, 288.05
260.46, 243.82
108.61, 389.23
171.55, 430.87
346.27, 268.39
161.71, 435.48
161.20, 415.11
116.26, 423.12
479.12, 353.35
128.33, 425.88
19.35, 335.47
53.73, 371.55
120.68, 264.84
195.84, 259.09
83.25, 379.71
460.86, 360.61
234.51, 418.47
420.49, 314.39
199.90, 282.84
131.89, 395.60
144.32, 274.26
315.93, 256.77
216.28, 403.74
409.46, 278.50
405.40, 407.60
407.31, 380.22
94.96, 283.58
196.73, 263.45
114.50, 395.54
188.84, 417.10
474.02, 362.42
175.44, 423.56
438.27, 378.90
217.44, 441.87
153.22, 430.68
446.94, 352.85
419.95, 375.40
197.72, 259.92
43.67, 322.58
184.20, 271.98
444.60, 345.32
141.20, 265.82
422.40, 371.07
101.10, 292.91
53.72, 290.89
54.26, 301.99
118.36, 423.50
19.30, 336.92
262.57, 428.45
222.05, 422.86
396.60, 384.32
42.30, 303.23
415.55, 381.62
161.21, 268.24
162.84, 269.80
432.61, 373.87
276.82, 253.90
454.52, 356.14
73.54, 292.06
376.40, 251.57
297.68, 277.08
435.11, 331.37
205.88, 409.19
28.93, 316.15
401.39, 268.27
319.26, 426.64
374.33, 275.76
324.95, 263.53
144.52, 276.06
286.99, 411.48
138.56, 252.20
438.94, 311.82
292.41, 432.01
27.05, 378.36
185.61, 423.92
427.27, 315.89
113.27, 397.28
257.15, 421.34
381.46, 276.99
216.73, 284.40
409.31, 295.13
40.20, 324.02
288.01, 413.30
329.55, 254.24
62.35, 387.10
203.58, 249.19
57.18, 288.09
114.23, 267.59
102.18, 292.04
184.80, 275.14
389.96, 273.83
137.68, 427.61
297.47, 262.30
457.56, 309.87
392.91, 282.05
231.64, 272.95
444.98, 315.30
66.92, 385.65
435.15, 323.15
225.77, 279.52
339.21, 414.35
164.52, 280.68
436.88, 365.07
388.29, 399.64
467.68, 326.96
328.66, 409.48
428.05, 396.21
412.68, 304.78
404.15, 290.88
444.90, 370.57
258.79, 409.27
239.98, 274.04
271.24, 245.06
63.31, 320.62
111.60, 417.36
188.33, 266.03
218.13, 415.96
25.61, 325.39
120.67, 425.11
222.22, 262.77
474.67, 365.80
353.39, 417.42
411.84, 293.00
450.65, 390.03
112.03, 271.94
49.21, 382.21
34.25, 386.59
414.07, 316.45
444.88, 301.89
295.32, 424.47
449.32, 316.32
318.68, 408.54
354.07, 278.93
173.81, 435.54
452.78, 353.00
70.64, 409.33
40.94, 393.51
24.17, 343.84
295.94, 426.56
214.92, 246.54
221.76, 423.95
228.53, 280.14
387.67, 401.22
357.13, 289.45
158.04, 430.11
63.79, 363.48
412.51, 397.62
187.65, 247.92
303.84, 435.48
333.33, 399.60
261.79, 422.60
228.99, 273.64
177.70, 430.01
433.00, 368.13
272.94, 434.79
166.56, 258.11
97.14, 304.06
293.24, 426.63
58.05, 283.02
267.29, 264.96
171.10, 273.87
421.08, 321.45
420.05, 394.81
386.85, 268.21
102.99, 423.59
455.10, 382.81
188.46, 249.24
347.20, 260.61
438.43, 344.76
296.00, 415.99
395.59, 299.36
296.57, 402.62
138.74, 255.86
414.82, 373.95
169.24, 253.37
395.72, 386.12
273.76, 270.90
60.20, 309.05
98.45, 412.87
219.66, 434.11
448.26, 384.16
140.42, 269.44
247.13, 263.61
18.12, 339.69
125.00, 264.85
106.04, 417.73
134.54, 286.14
435.94, 336.96
211.13, 414.87
51.90, 286.22
204.16, 424.80
163.20, 261.58
170.53, 437.85
451.46, 372.08
442.09, 309.55
335.86, 258.80
362.45, 417.12
184.22, 268.87
317.02, 264.08
442.54, 303.82
315.49, 414.36
200.51, 427.95
345.89, 281.59
72.28, 289.63
131.79, 286.70
202.10, 421.78
298.00, 274.53
323.51, 442.77
102.50, 412.38
447.50, 338.73
291.24, 267.57
169.05, 436.34
198.46, 430.01
162.99, 421.22
79.31, 284.88
418.16, 283.02
434.56, 363.81
403.57, 402.15
199.83, 262.02
47.07, 304.22
452.30, 330.33
54.04, 309.82
81.28, 383.02
321.80, 253.26
177.54, 415.96
155.73, 262.00
194.55, 429.53
258.05, 250.48
474.03, 337.02
446.89, 330.26
255.88, 411.84
54.47, 321.35
101.56, 388.54
221.84, 414.47
51.33, 366.85
228.01, 438.67
243.22, 411.34
129.47, 424.13
324.28, 405.12
466.40, 317.74
221.51, 249.91
221.89, 249.48
427.97, 313.83
138.85, 263.31
296.54, 264.52
185.57, 274.05
113.84, 267.87
335.27, 256.86
419.10, 316.96
295.78, 263.86
117.36, 261.47
252.72, 409.70
12.64, 340.42
208.66, 423.88
62.08, 319.83
53.06, 326.51
305.29, 406.21
228.17, 259.50
390.31, 266.63
158.44, 256.96
469.70, 359.29
343.21, 401.88
297.33, 425.65
368.08, 282.70
95.38, 283.04
272.27, 445.76
156.31, 430.87
375.21, 407.83
192.19, 439.13
340.88, 426.13
178.26, 413.23
195.22, 259.30
25.61, 319.58
407.06, 406.29
185.75, 425.98
24.37, 347.03
412.51, 393.21
35.47, 311.37
258.52, 268.79
408.30, 380.71
481.46, 346.16
125.74, 418.42
168.78, 250.10
451.78, 372.54
135.70, 272.30
271.99, 243.66
465.60, 320.25
130.53, 288.95
347.83, 261.91
127.97, 286.83
386.21, 386.94
276.93, 419.94
289.90, 435.18
392.17, 391.40
401.97, 290.36
446.26, 336.80
78.69, 382.35
427.04, 360.68
415.57, 382.47
342.21, 403.89
290.17, 437.60
258.74, 439.33
99.61, 288.78
365.00, 270.28
171.09, 438.65
259.27, 250.45
380.04, 419.46
197.71, 269.56
120.63, 398.35
51.57, 321.08
146.19, 269.02
119.82, 296.55
79.60, 392.32
352.78, 260.82
293.64, 254.39
330.04, 422.86
437.98, 392.46
268.17, 423.52
208.66, 406.69
80.28, 398.90
286.98, 259.33
443.65, 356.95
298.36, 403.14
194.83, 246.73
398.65, 301.40
62.33, 308.82
465.44, 325.74
277.51, 440.58
403.77, 412.86
76.83, 394.41
440.81, 333.63
354.04, 271.24
187.65, 283.07
126.08, 394.16
299.37, 410.05
34.69, 298.64
347.03, 269.48
78.41, 402.46
114.91, 420.80
328.03, 258.39
264.90, 415.57
117.55, 402.83
228.16, 279.75
176.38, 424.84
185.40, 278.54
402.48, 299.22
306.26, 269.45
94.83, 286.17
403.14, 307.95
411.96, 388.99
421.54, 364.62
367.86, 404.34
350.70, 269.39
33.21, 325.15
293.52, 248.84
57.86, 293.16
58.38, 401.91
354.82, 258.40
110.56, 417.75
275.42, 425.39
327.69, 412.19
143.52, 427.74
403.49, 279.73
356.00, 284.11
92.29, 295.36
99.78, 395.36
460.03, 316.21
423.76, 283.36
445.90, 387.60
170.40, 427.14
443.02, 349.34
302.86, 405.92
18.55, 355.75
364.12, 275.19
29.18, 365.39
177.45, 439.96
271.26, 439.44
307.32, 428.48
31.25, 335.27
32.41, 371.34
195.68, 407.11
427.52, 400.53
179.89, 428.42
347.38, 421.89
465.47, 369.92
344.98, 275.08
358.72, 259.91
201.49, 264.08
25.72, 315.90
401.52, 309.01
383.41, 415.20
243.87, 271.02
294.89, 270.67
398.97, 379.96
434.01, 344.83
149.63, 433.11
94.44, 290.70
268.42, 440.30
107.21, 272.74
466.68, 311.80
374.72, 264.43
362.24, 267.72
85.77, 297.92
52.02, 308.65
138.92, 419.43
452.01, 336.58
78.95, 282.40
444.10, 349.28
405.35, 381.02
332.70, 260.87
317.93, 431.57
308.96, 417.74
321.49, 429.45
197.43, 415.20
183.64, 414.73
98.08, 284.25
325.64, 436.47
36.35, 377.65
421.54, 297.40
418.88, 306.95
221.11, 272.72
285.45, 412.00
361.18, 413.36
476.02, 341.61
65.75, 365.02
271.93, 414.04
162.76, 425.30
409.41, 296.24
29.79, 356.19
406.11, 287.30
128.27, 428.49
234.62, 420.17
52.62, 289.04
217.10, 265.99
58.40, 332.37
293.23, 273.56
307.76, 254.37
393.16, 414.06
434.37, 345.87
470.67, 329.65
107.76, 410.61
331.31, 430.46
354.13, 269.65
56.52, 370.27
77.64, 381.21
103.56, 281.58
322.96, 266.58
175.16, 272.96
153.80, 420.49
345.59, 406.01
355.63, 290.57
399.69, 412.16
448.51, 361.48
62.38, 291.55
111.58, 289.60
331.54, 277.28
274.54, 437.67
52.75, 326.52
423.36, 388.65
65.47, 397.86
351.47, 267.28
390.65, 282.64
268.55, 269.60
464.92, 352.59
223.85, 282.01
325.65, 427.17
40.08, 308.49
241.12, 265.01
455.08, 373.09
180.54, 283.63
193.66, 431.60
426.15, 292.54
232.84, 426.65
118.00, 286.31
402.79, 399.48
430.59, 307.04
435.05, 385.94
423.54, 397.09
453.44, 320.86
186.24, 248.55
176.25, 256.86
58.09, 298.56
197.38, 414.11
231.18, 274.62
369.47, 260.10
385.32, 272.60
437.49, 308.86
142.36, 284.78
22.89, 315.18
22.65, 301.85
380.33, 386.04
145.32, 411.11
190.44, 419.77
271.47, 429.93
156.77, 291.71
420.49, 278.14
150.46, 237.57
407.02, 415.67
243.96, 440.81
92.50, 266.30
203.44, 244.22
234.86, 244.59
321.39, 451.44
116.63, 298.56
156.94, 397.29
73.02, 264.59
83.15, 413.33
173.02, 400.53
366.02, 397.98
322.90, 245.67
319.44, 287.99
404.01, 423.26
370.15, 389.34
74.36, 316.34
319.20, 399.35
333.61, 291.22
431.26, 413.77
76.86, 420.65
152.67, 445.71
423.81, 341.30
46.81, 352.39
271.07, 287.12
116.29, 298.78
376.87, 373.90
245.93, 247.69
205.21, 283.12
216.65, 239.40
303.88, 284.75
237.85, 245.51
78.89, 264.89
369.01, 293.71
86.84, 307.90
146.96, 293.39
63.83, 407.37
422.93, 330.22
235.51, 405.52
392.60, 316.43
6.62, 355.30
46.92, 398.24
248.81, 279.04
87.01, 270.34
368.00, 240.24
16.05, 364.14
150.18, 396.20
95.79, 414.04
8.38, 344.16
89.50, 302.51
69.79, 337.31
12.22, 360.09
267.98, 277.91
358.33, 426.28
354.02, 292.90
48.04, 400.10
352.80, 291.48
310.28, 285.94
82.47, 356.87
242.82, 443.10
331.43, 287.78
365.79, 392.42
260.58, 232.06
41.10, 339.34
250.38, 441.21
109.97, 248.89
296.97, 246.03
34.89, 341.82
80.43, 415.29
462.74, 300.20
100.36, 318.51
238.45, 406.91
172.73, 401.74
321.51, 241.51
265.65, 397.24
375.64, 248.79
271.47, 280.04
358.14, 250.27
343.09, 431.96
48.24, 347.04
32.73, 392.84
453.35, 295.52
332.39, 289.97
376.47, 433.04
15.11, 364.42
253.87, 240.02
55.06, 365.09
357.54, 395.64
91.06, 266.02
31.47, 394.82
49.72, 345.27
134.66, 399.88
9.06, 349.99
205.57, 282.16
18.96, 371.42
% 2 830 65
546.11, 387.39
636.73, 228.56
526.95, 423.66
559.99, 295.46
628.53, 150.09
665.24, 409.60
560.47, 353.04
535.10, 457.58
559.03, 413.57
625.16, 242.82
610.77, 215.92
602.55, 301.32
513.53, 412.27
629.32, 452.66
562.67, 430.02
672.28, 438.86
605.66, 412.49
604.44, 440.22
549.93, 346.87
565.61, 323.53
552.83, 304.86
609.95, 158.65
562.22, 380.15
662.88, 114.58
650.75, 106.28
533.03, 342.26
629.09, 114.79
643.41, 236.40
629.13, 173.79
623.06, 211.03
537.48, 372.14
520.33, 360.96
596.78, 395.19
556.69, 413.25
507.53, 358.88
641.91, 69.42
531.47, 410.91
517.95, 434.91
591.43, 285.13
512.51, 354.65
643.64, 94.19
643.70, 233.82
512.07, 429.22
607.42, 188.38
567.34, 287.23
639.09, 153.96
630.69, 145.70
549.35, 410.48
639.36, 163.73
548.90, 353.43
631.18, 90.58
531.03, 409.59
563.98, 272.66
534.31, 424.21
536.42, 418.39
636.15, 422.86
558.75, 416.92
605.98, 211.04
631.36, 277.22
601.89, 437.30
585.01, 391.25
611.18, 234.77
606.24, 220.90
533.91, 447.32
614.30, 146.38
567.28, 400.16
624.45, 273.91
623.94, 242.76
543.25, 347.81
644.57, 109.60
537.07, 343.32
601.33, 417.24
507.72, 354.31
625.62, 196.52
652.83, 202.27
536.73, 342.66
629.41, 114.55
650.83, 192.05
602.81, 449.43
507.08, 406.50
536.62, 448.56
651.24, 171.77
564.60, 366.44
530.76, 338.82
633.87, 188.26
567.84, 414.55
554.26, 299.13
665.77, 451.33
552.19, 423.15
618.20, 132.64
605.51, 225.93
547.20, 424.43
557.70, 361.47
626.59, 225.89
613.05, 198.56
609.31, 401.00
673.83, 435.25
614.82, 253.60
517.64, 420.63
646.36, 76.27
647.94, 189.06
607.95, 287.71
573.75, 458.92
636.19, 236.90
535.20, 380.91
545.05, 343.30
630.73, 266.08
592.27, 294.16
553.39, 304.07
647.41, 165.40
641.35, 233.88
563.97, 441.79
609.17, 245.07
631.97, 89.50
536.56, 417.42
634.41, 407.26
512.97, 346.68
578.35, 317.58
625.30, 232.05
510.19, 332.04
638.08, 395.52
642.19, 118.15
545.99, 437.96
591.71, 435.08
622.30, 96.94
544.44, 446.59
584.93, 432.76
600.01, 401.37
568.82, 443.49
645.54, 114.70
647.14, 108.76
593.91, 252.44
643.35, 220.85
626.25, 192.00
614.09, 282.57
567.93, 307.25
642.94, 436.12
509.14, 359.67
618.99, 184.89
557.59, 299.66
632.89, 442.26
620.74, 209.02
631.17, 163.61
566.96, 293.51
552.55, 431.66
633.39, 271.50
617.49, 229.72
515.27, 429.65
639.28, 155.42
610.06, 435.25
518.82, 349.80
617.64, 441.85
580.61, 297.48
582.62, 456.45
642.62, 391.00
648.19, 211.44
564.46, 292.35
634.97, 268.94
546.89, 377.03
666.42, 403.01
603.08, 404.59
557.75, 322.13
552.76, 369.18
616.67, 157.80
584.99, 401.86
628.97, 274.22
606.81, 295.50
630.59, 101.00
542.04, 343.44
579.47, 400.80
530.30, 320.66
609.56, 277.60
571.52, 413.04
651.60, 433.03
615.03, 280.04
646.80, 197.47
652.03, 432.65
535.12, 328.84
507.30, 343.14
650.56, 92.82
504.42, 340.16
545.84, 357.71
607.29, 224.49
535.36, 333.62
598.19, 262.92
576.46, 382.31
601.47, 191.12
556.71, 316.79
657.65, 160.60
551.20, 294.30
611.73, 264.13
642.55, 407.83
571.18, 434.04
522.58, 314.08
539.51, 411.98
517.56, 342.69
624.72, 96.99
569.09, 291.01
553.14, 367.96
548.99, 445.06
556.20, 421.15
505.90, 430.42
643.79, 79.89
640.19, 201.30
624.66, 182.23
564.95, 388.25
550.77, 303.12
637.97, 211.98
653.30, 401.14
540.39, 373.82
637.02, 204.92
525.32, 432.00
604.76, 405.31
555.07, 427.04
522.37, 376.58
550.34, 288.85
621.65, 220.38
632.12, 95.25
554.08, 304.11
650.88, 79.19
511.40, 339.18
607.24, 164.62
548.55, 431.90
557.01, 386.49
539.05, 374.55
581.42, 407.67
650.43, 169.44
635.10, 432.83
633.08, 198.80
576.73, 441.62
523.78, 353.63
504.33, 403.65
561.34, 380.28
565.67, 293.32
627.92, 203.33
615.38, 444.85
629.22, 417.37
653.36, 445.38
649.80, 419.57
531.42, 430.82
520.07, 442.88
559.57, 308.89
540.43, 446.82
659.87, 145.64
623.72, 86.81
557.37, 382.78
525.26, 321.55
610.96, 213.43
657.12, 450.48
657.50, 113.95
617.96, 457.55
542.62, 307.58
551.73, 358.38
643.25, 178.96
575.71, 380.39
645.13, 160.73
642.72, 431.83
659.02, 147.44
532.48, 316.11
552.41, 440.58
608.45, 292.13
528.13, 357.19
636.30, 444.11
530.55, 359.40
601.82, 446.30
534.61, 455.96
629.97, 118.03
566.94, 321.63
558.44, 412.09
620.41, 92.15
643.81, 70.36
655.64, 427.01
640.05, 109.36
649.37, 429.45
518.95, 409.44
647.76, 120.48
659.65, 400.33
559.95, 344.31
558.11, 272.72
656.80, 416.11
588.88, 301.08
600.08, 449.06
525.33, 408.78
664.08, 403.70
649.17, 74.50
562.16, 422.12
615.94, 420.75
647.08, 207.04
614.36, 154.89
570.65, 462.23
564.27, 446.35
619.95, 283.01
556.32, 395.30
506.91, 401.26
634.99, 449.03
612.12, 163.04
622.04, 212.25
618.09, 185.99
549.33, 437.57
635.31, 152.81
574.69, 436.98
555.59, 336.68
656.83, 170.57
627.46, 271.95
626.99, 222.95
592.57, 273.24
550.07, 397.27
576.47, 408.08
603.03, 444.46
557.21, 309.86
628.44, 118.01
602.68, 187.34
551.79, 448.59
641.46, 402.43
550.38, 408.79
654.36, 164.57
571.72, 318.84
580.79, 400.92
543.36, 420.65
543.88, 319.74
615.19, 219.84
512.46, 416.99
658.32, 427.11
610.17, 164.26
611.90, 212.69
587.75, 286.66
627.60, 129.18
563.16, 352.83
608.12, 154.26
628.91, 426.34
656.53, 127.13
518.04, 418.24
570.48, 313.67
664.94, 427.30
556.33, 436.64
535.84, 375.77
570.37, 302.12
600.90, 213.20
614.94, 155.58
563.81, 373.66
523.31, 433.53
571.74, 296.15
559.38, 457.33
528.14, 346.49
663.05, 422.64
557.05, 410.82
566.25, 376.01
617.82, 225.71
668.91, 412.21
523.04, 447.24
646.32, 113.78
647.44, 440.97
637.83, 188.87
525.36, 419.16
660.54, 97.51
558.04, 324.98
554.99, 278.71
629.85, 94.01
587.96, 289.11
566.37, 282.24
597.88, 443.50
515.74, 354.63
588.98, 403.19
607.87, 257.98
651.53, 138.40
632.03, 194.42
535.83, 439.66
578.35, 455.69
628.27, 279.04
507.25, 354.37
659.40, 89.02
618.81, 436.92
572.43, 462.51
532.99, 409.72
592.43, 271.30
594.87, 398.51
617.00, 239.87
634.38, 133.03
656.56, 179.59
521.40, 336.10
506.75, 366.77
580.04, 306.61
636.06, 192.82
526.98, 329.83
604.71, 387.94
629.20, 150.42
561.41, 428.47
615.05, 424.36
612.45, 267.63
652.97, 198.60
657.68, 110.79
630.33, 190.05
510.87, 349.67
609.64, 262.76
661.48, 401.67
563.64, 289.11
654.18, 168.85
545.76, 341.87
604.41, 193.25
601.11, 259.90
601.21, 281.78
531.13, 327.08
657.53, 120.74
639.05, 120.49
518.78, 385.75
555.27, 280.16
516.82, 343.44
657.77, 205.35
540.01, 377.29
607.74, 180.20
602.16, 393.78
557.89, 445.20
612.38, 216.45
626.43, 125.70
529.24, 395.06
530.86, 355.69
545.12, 305.19
658.15, 429.13
513.00, 347.13
615.43, 139.73
596.12, 280.36
639.19, 227.26
612.22, 134.76
662.92, 443.57
508.73, 364.08
534.58, 359.70
602.37, 453.47
648.93, 79.59
508.22, 438.07
581.91, 393.40
553.93, 344.58
638.73, 183.47
612.44, 185.93
632.08, 229.30
544.62, 368.46
564.48, 302.60
656.97, 444.31
623.26, 184.97
642.50, 87.84
598.72, 226.99
563.76, 313.53
582.31, 431.83
626.99, 117.56
639.95, 92.35
585.28, 294.42
639.69, 190.13
624.53, 393.53
657.49, 189.69
556.28, 393.04
548.74, 457.20
649.84, 150.82
636.92, 262.39
632.75, 230.40
623.01, 280.92
601.93, 205.50
618.04, 269.87
555.24, 440.89
620.72, 169.31
644.30, 112.69
564.01, 432.73
623.37, 112.56
591.17, 407.21
575.31, 318.03
612.05, 442.94
666.45, 430.23
602.53, 160.50
621.90, 455.99
506.80, 351.68
584.46, 265.47
588.91, 313.69
531.07, 370.19
584.41, 294.01
548.29, 384.55
659.76, 427.83
549.07, 385.60
618.30, 285.92
598.59, 284.88
613.66, 196.17
543.56, 329.15
619.90, 107.31
632.00, 136.76
557.24, 373.27
502.88, 340.62
581.36, 307.08
605.16, 394.08
538.16, 452.42
564.09, 373.16
608.85, 248.31
541.91, 320.73
649.03, 198.98
639.61, 123.43
496.36, 360.73
561.51, 407.34
647.35, 197.03
653.79, 113.99
543.70, 423.71
566.07, 308.46
506.28, 347.26
645.58, 423.79
531.45, 350.79
633.30, 419.56
658.60, 400.34
545.63, 336.81
639.89, 394.24
507.94, 356.42
647.35, 441.75
652.27, 447.10
627.91, 223.01
537.09, 387.77
506.49, 411.41
641.50, 409.79
641.25, 195.32
634.88, 203.97
565.61, 376.80
621.51, 195.90
514.38, 372.15
612.51, 143.20
559.64, 426.21
612.67, 454.15
638.05, 249.27
613.11, 385.82
608.71, 203.04
657.38, 206.69
646.01, 101.86
629.79, 178.65
518.53, 439.87
623.92, 456.96
602.63, 213.40
564.46, 410.19
550.41, 429.63
520.91, 313.19
604.86, 406.10
634.80, 212.67
520.40, 447.22
554.20, 309.19
640.90, 203.96
609.48, 198.41
554.52, 323.08
611.83, 204.87
641.34, 90.27
519.09, 374.61
513.22, 422.62
550.67, 327.45
547.26, 423.72
604.29, 397.67
534.14, 337.08
523.35, 307.33
602.89, 238.31
618.74, 415.82
622.55, 155.50
573.34, 379.51
584.46, 288.81
646.36, 157.29
590.79, 259.90
623.98, 204.33
561.01, 278.40
658.91, 101.96
521.94, 319.31
582.81, 297.86
609.64, 187.26
659.81, 437.69
563.45, 433.30
615.24, 291.81
648.57, 204.74
627.39, 96.19
621.70, 164.64
605.45, 296.54
587.40, 314.78
534.35, 398.82
638.57, 261.47
523.78, 391.45
562.20, 303.45
620.98, 408.97
573.86, 313.34
637.64, 262.35
569.49, 398.25
622.69, 125.46
598.84, 224.76
574.03, 282.04
561.73, 299.26
544.22, 414.72
589.55, 288.45
623.79, 121.70
580.29, 302.29
642.84, 172.61
508.45, 384.91
612.25, 219.25
527.09, 356.70
524.51, 452.49
620.40, 221.27
557.27, 316.03
656.95, 150.52
620.21, 403.87
600.59, 212.48
652.05, 90.48
553.65, 395.40
631.90, 92.06
566.21, 304.91
612.32, 209.24
642.88, 248.15
497.61, 346.03
524.82, 326.56
532.62, 379.96
630.90, 435.95
558.09, 375.10
548.78, 305.56
516.29, 396.47
620.30, 136.76
597.12, 252.00
503.10, 423.04
512.33, 399.97
517.26, 407.98
516.17, 320.61
640.39, 71.84
526.28, 415.78
545.80, 295.73
518.63, 433.60
518.56, 444.06
635.72, 161.54
640.83, 413.80
537.59, 410.96
632.64, 392.83
612.63, 408.00
628.76, 424.11
632.62, 389.45
534.23, 358.04
613.90, 238.64
649.64, 82.58
660.00, 447.61
600.76, 262.49
638.39, 86.56
528.34, 315.15
632.57, 261.73
632.97, 261.95
607.69, 402.08
505.11, 432.98
639.58, 83.86
652.59, 401.11
603.17, 304.14
540.55, 353.71
570.28, 374.89
621.21, 451.38
516.85, 434.61
644.89, 80.61
630.54, 266.91
549.05, 347.33
616.34, 165.11
658.72, 138.20
638.13, 264.43
632.65, 178.97
540.56, 442.73
637.31, 88.87
613.87, 158.55
587.77, 273.71
534.70, 363.31
658.24, 451.95
640.13, 195.59
643.57, 190.46
602.19, 174.19
539.41, 427.31
624.72, 107.38
649.06, 442.01
627.21, 424.19
658.27, 100.38
591.84, 287.52
649.30, 117.69
559.70, 441.71
622.86, 439.41
533.74, 319.19
633.55, 194.84
633.66, 79.56
539.27, 343.62
530.90, 320.02
610.54, 132.74
609.77, 227.16
506.01, 336.85
630.74, 75.79
604.56, 220.79
652.60, 449.10
607.94, 210.84
657.82, 408.07
617.07, 273.23
568.32, 311.98
598.25, 438.07
508.83, 433.17
627.52, 392.20
619.12, 262.88
623.25, 278.53
519.35, 385.25
576.86, 319.36
645.27, 89.61
631.23, 234.76
542.01, 393.03
625.45, 147.93
604.87, 427.85
591.18, 255.04
628.76, 281.99
575.69, 402.29
641.54, 122.52
637.16, 71.19
633.23, 423.83
545.02, 432.70
625.69, 459.38
624.70, 413.61
603.93, 219.03
645.01, 167.34
619.50, 154.32
531.52, 393.15
521.29, 384.84
553.03, 282.26
677.26, 432.23
655.82, 412.83
638.97, 191.45
604.73, 150.86
531.39, 439.31
544.52, 296.69
593.99, 294.40
566.33, 446.37
614.35, 447.96
641.12, 453.24
579.02, 433.46
643.68, 218.60
552.94, 398.21
627.27, 154.61
506.59, 380.71
539.78, 308.58
589.27, 287.35
644.60, 440.37
560.05, 447.27
526.50, 343.76
629.75, 106.07
604.25, 223.41
611.28, 432.89
522.72, 372.40
592.76, 290.51
600.86, 235.42
571.97, 451.75
566.47, 395.59
634.72, 401.24
551.32, 326.40
529.02, 407.45
559.86, 377.62
598.43, 433.66
635.55, 458.04
545.04, 440.50
615.41, 170.37
610.40, 447.81
609.13, 204.11
527.72, 307.20
625.12, 221.09
604.64, 437.70
536.44, 306.86
555.91, 300.28
611.00, 188.73
633.77, 438.72
565.24, 304.85
564.61, 440.31
642.87, 267.02
650.18, 87.13
617.97, 439.55
667.92, 425.28
584.55, 398.31
511.70, 415.18
608.63, 291.27
623.98, 225.69
544.19, 351.44
541.41, 361.35
607.47, 190.76
662.65, 136.90
527.40, 394.85
636.05, 181.61
526.39, 362.78
542.82, 330.97
653.34, 439.67
625.56, 283.42
634.49, 84.07
501.72, 341.03
560.38, 429.22
610.70, 186.45
618.32, 447.58
531.87, 402.51
633.42, 218.45
555.48, 422.03
536.53, 443.10
622.98, 416.40
569.50, 403.55
627.73, 450.15
644.82, 455.40
641.49, 439.11
497.88, 344.52
587.83, 448.49
658.11, 398.94
557.07, 409.47
566.00, 441.99
546.74, 412.30
579.52, 440.63
517.82, 439.96
644.59, 436.61
509.69, 373.80
601.31, 143.79
580.74, 393.84
619.72, 420.33
566.81, 286.14
585.97, 429.71
613.73, 180.73
559.54, 338.84
653.87, 194.17
647.72, 70.80
628.55, 179.04
610.78, 420.51
584.43, 455.48
528.11, 389.89
580.35, 314.18
524.78, 353.74
557.34, 299.82
651.34, 82.53
574.96, 297.11
558.71, 369.39
605.76, 416.33
606.44, 451.88
572.58, 310.58
586.97, 395.99
646.88, 444.99
645.81, 196.05
586.07, 447.93
559.65, 432.45
660.65, 146.06
615.28, 252.59
522.35, 360.98
611.06, 236.79
573.66, 462.70
584.53, 420.82
664.84, 183.32
612.74, 137.83
660.58, 118.68
623.47, 391.35
602.28, 373.45
626.82, 247.10
637.04, 137.55
496.02, 411.00
566.78, 270.14
577.44, 269.24
675.32, 135.11
582.84, 248.32
587.19, 142.75
492.42, 369.68
681.53, 430.29
642.70, 385.32
552.63, 275.45
532.81, 296.11
605.95, 373.47
496.42, 376.62
524.03, 299.35
661.58, 465.58
621.88, 67.82
594.09, 459.86
598.47, 375.54
605.23, 374.90
656.11, 136.14
642.44, 65.10
644.55, 281.11
642.66, 245.10
554.72, 460.91
538.12, 280.58
683.67, 422.51
657.13, 217.66
496.83, 386.51
657.47, 247.03
592.92, 310.89
577.08, 461.73
556.64, 464.76
595.23, 241.92
657.86, 65.84
626.18, 385.46
517.57, 307.31
676.58, 437.99
497.93, 446.29
660.98, 94.01
683.54, 423.26
661.62, 150.41
681.16, 433.36
582.39, 384.61
576.44, 273.07
496.55, 429.75
549.62, 278.28
511.29, 325.66
586.94, 140.31
674.58, 410.33
588.21, 247.84
582.92, 272.69
648.74, 239.68
496.22, 415.57
606.39, 374.34
672.08, 461.93
537.51, 291.81
% 3 223 19
441.29, 75.08
479.14, 166.95
535.46, 87.45
475.46, 168.31
440.99, 62.83
487.32, 54.29
451.06, 147.52
474.74, 161.52
469.04, 155.81
452.91, 150.90
517.66, 70.06
440.21, 119.33
483.17, 52.42
449.57, 157.79
445.67, 158.51
456.30, 53.18
489.03, 69.12
435.65, 119.95
423.17, 123.60
442.00, 133.89
448.60, 166.01
445.33, 163.44
497.05, 88.25
475.06, 162.05
441.90, 97.95
473.67, 69.56
432.76, 73.50
422.70, 158.60
430.92, 124.59
493.26, 58.64
426.42, 138.61
525.75, 97.57
535.77, 87.93
426.71, 125.92
439.27, 76.47
490.38, 60.24
452.84, 67.25
486.74, 79.28
481.50, 156.71
444.59, 102.19
486.40, 152.43
477.73, 71.57
481.74, 158.26
449.20, 73.23
500.67, 70.16
512.41, 71.27
423.69, 134.56
489.08, 161.76
427.46, 134.68
423.66, 124.76
447.10, 142.34
420.66, 121.72
509.99, 76.79
508.82, 54.48
498.97, 62.52
446.13, 92.92
450.26, 157.57
478.58, 54.57
432.79, 143.80
439.06, 107.82
526.58, 76.00
444.10, 78.24
505.60, 80.59
444.57, 101.57
475.54, 151.38
445.17, 121.04
474.39, 166.21
520.83, 94.71
487.87, 61.68
431.20, 91.08
476.39, 49.03
473.49, 40.79
444.41, 72.76
447.40, 52.68
472.29, 170.26
435.27, 158.35
464.79, 145.14
457.22, 61.06
494.98, 70.18
504.83, 85.31
423.15, 120.81
499.13, 175.19
500.82, 76.00
442.67, 77.62
450.64, 70.16
477.15, 157.70
537.61, 91.83
462.58, 46.92
478.55, 176.15
499.78, 161.90
441.64, 66.40
473.04, 169.30
493.47, 172.02
467.24, 163.01
495.20, 73.12
449.42, 133.34
446.24, 65.36
441.25, 169.82
530.93, 91.58
471.28, 156.90
509.96, 88.62
443.23, 143.87
461.13, 164.28
440.54, 147.44
487.20, 155.05
503.28, 44.35
441.86, 166.51
497.58, 157.12
513.94, 70.57
431.21, 147.04
450.94, 66.35
490.55, 175.21
456.45, 70.10
453.06, 150.15
479.85, 56.84
436.96, 122.86
522.97, 80.29
517.44, 86.58
490.39, 46.65
432.72, 123.74
532.20, 96.02
448.92, 60.99
527.40, 75.47
490.30, 50.08
457.74, 147.95
505.02, 57.70
516.18, 85.16
459.99, 48.06
454.52, 145.12
432.50, 87.17
527.51, 93.64
447.43, 58.32
454.31, 59.58
433.73, 140.54
472.75, 148.43
441.54, 84.13
433.38, 135.98
531.19, 85.06
437.04, 89.34
485.14, 76.46
438.79, 76.57
481.60, 150.75
516.21, 77.53
435.47, 73.68
452.69, 58.15
442.90, 104.76
479.45, 156.55
469.89, 157.29
446.87, 147.76
482.29, 72.30
447.24, 145.23
491.05, 68.22
467.81, 64.48
504.40, 73.15
487.98, 76.36
462.28, 148.28
431.34, 149.40
508.43, 61.92
506.38, 55.86
485.35, 154.24
422.18, 143.79
525.19, 87.66
429.01, 147.64
479.22, 153.34
482.91, 167.34
516.31, 56.17
463.54, 169.77
475.62, 40.74
496.50, 44.89
493.70, 81.48
503.45, 73.82
437.00, 112.59
523.71, 75.02
425.76, 144.37
488.19, 67.92
517.54, 56.61
447.60, 51.80
457.11, 79.67
426.10, 131.96
524.05, 73.32
480.84, 46.23
490.43, 170.15
496.91, 54.55
518.37, 85.69
450.31, 137.65
519.48, 66.08
484.43, 159.59
435.55, 145.40
451.22, 145.77
477.01, 43.28
468.83, 57.85
444.28, 163.07
431.69, 161.68
445.34, 57.29
452.65, 155.97
488.84, 167.12
485.29, 161.15
427.85, 139.38
423.11, 133.68
436.57, 69.22
455.09, 60.10
457.62, 78.07
432.83, 164.29
482.56, 41.64
421.08, 123.89
448.85, 141.90
430.29, 152.24
461.60, 54.77
484.70, 47.81
455.65, 75.53
443.84, 87.04
482.76, 180.82
456.35, 64.25
420.74, 134.84
476.08, 75.41
482.26, 82.79
429.00, 84.12
499.14, 75.43
492.17, 86.23
428.67, 126.79
526.80, 96.92
489.39, 170.34
449.06, 96.29
513.43, 54.35
512.16, 179.11
496.82, 32.69
463.56, 83.95
522.58, 107.24
463.34, 171.76
504.41, 162.69
424.29, 97.51
485.41, 193.97
494.63, 93.08
489.08, 96.99
505.50, 162.45
431.99, 50.60
447.36, 103.67
471.17, 82.28
456.42, 126.36
425.93, 99.65
422.27, 101.90
461.87, 40.89
% 4 128 16
319.29, 329.55
345.26, 342.45
330.70, 351.17
357.74, 321.05
340.23, 342.93
345.23, 306.39
340.12, 351.19
309.97, 346.36
314.94, 324.92
326.00, 337.28
311.26, 373.55
319.69, 360.28
323.82, 329.51
331.93, 363.89
316.02, 354.83
341.53, 321.30
337.24, 355.94
353.84, 313.88
318.23, 375.20
364.51, 330.46
367.37, 322.19
337.52, 345.09
335.15, 314.89
356.73, 317.23
320.54, 334.02
367.47, 342.51
350.68, 357.67
314.83, 365.40
361.79, 349.99
319.98, 349.14
345.20, 351.03
349.17, 363.21
342.26, 333.75
319.88, 313.59
312.98, 349.58
341.92, 339.52
346.04, 366.65
304.77, 350.27
368.19, 341.88
331.49, 378.16
313.86, 374.77
357.68, 314.31
345.66, 333.12
337.13, 362.06
301.75, 350.55
319.17, 378.12
323.08, 347.41
333.92, 334.68
331.04, 347.60
328.45, 319.30
338.19, 348.67
336.08, 350.88
332.04, 329.57
329.30, 307.03
307.51, 343.66
353.40, 329.17
333.83, 319.08
351.92, 358.79
345.19, 326.96
342.99, 310.67
317.26, 309.46
298.97, 351.30
337.82, 323.94
323.64, 343.93
312.52, 319.89
345.67, 340.31
336.49, 331.45
339.70, 367.93
322.10, 345.90
322.52, 300.11
342.62, 325.80
318.69, 369.31
330.97, 338.44
341.80, 361.76
338.73, 363.25
358.22, 339.09
351.08, 315.34
311.68, 340.69
321.70, 372.98
339.60, 372.08
316.45, 338.30
321.48, 333.91
351.49, 372.81
318.41, 345.20
349.13, 351.45
310.51, 345.28
307.33, 340.70
338.68, 345.40
337.04, 356.35
302.67, 332.42
343.33, 369.99
323.17, 328.54
327.19, 305.10
328.44, 316.80
333.54, 311.89
308.73, 363.80
344.49, 338.30
355.34, 345.83
308.68, 364.61
339.92, 320.06
343.36, 365.92
330.77, 363.65
315.71, 371.25
354.67, 341.40
342.97, 314.77
328.47, 320.50
335.78, 326.62
308.51, 346.75
306.04, 344.25
314.76, 374.81
315.95, 355.89
315.56, 313.36
335.01, 334.58
345.29, 376.27
318.34, 340.53
314.09, 333.81
313.94, 370.79
353.33, 336.46
356.25, 320.11
308.65, 346.36
343.37, 365.18
336.72, 335.24
351.97, 369.45
321.18, 331.06
345.01, 338.89
324.87, 350.67
364.82, 323.24
338.53, 362.94
371.57, 331.40
313.14, 304.01
305.50, 325.82
342.26, 305.09
363.01, 359.64
332.39, 289.97
304.01, 327.50
361.15, 315.11
376.02, 330.62
377.82, 331.49
368.54, 358.45
372.24, 354.29
288.11, 334.13
319.44, 287.99
336.54, 378.73
333.61, 291.22
% 5 125 14
150.45, 322.89
182.90, 351.73
188.61, 358.99
148.76, 334.00
146.36, 371.46
162.75, 367.49
191.89, 343.90
179.20, 346.05
156.78, 345.44
171.97, 349.88
153.00, 380.26
131.51, 357.65
129.55, 345.55
179.15, 366.72
163.31, 352.22
164.09, 312.21
163.16, 324.58
163.28, 357.16
142.78, 316.36
155.61, 377.03
174.29, 360.51
184.29, 333.66
175.09, 321.90
184.49, 339.21
179.36, 343.57
170.63, 314.18
149.33, 322.10
132.36, 364.56
186.73, 340.23
151.76, 346.70
193.64, 326.22
191.47, 347.02
161.38, 346.95
143.62, 357.25
151.69, 379.10
182.00, 312.28
156.59, 370.71
132.06, 338.83
183.90, 345.11
171.28, 336.00
144.71, 359.54
151.13, 329.51
186.51, 352.92
178.14, 374.11
133.57, 324.19
159.17, 361.30
166.21, 356.76
162.03, 346.00
140.85, 327.58
187.18, 315.60
132.27, 317.66
133.33, 361.27
178.56, 321.29
140.49, 356.61
191.18, 349.96
187.15, 331.23
178.07, 357.20
156.90, 318.77
156.06, 334.58
155.22, 351.91
152.65, 345.18
161.80, 342.65
183.62, 352.58
138.57, 371.41
176.53, 343.55
188.51, 329.97
163.71, 366.17
166.14, 324.25
129.11, 332.02
174.81, 376.10
184.11, 355.88
152.48, 377.29
161.77, 350.40
194.25, 354.98
134.44, 361.95
165.12, 345.51
156.47, 354.28
152.57, 340.15
144.61, 320.95
177.79, 362.90
193.88, 342.38
162.71, 346.90
184.01, 342.39
139.51, 363.32
131.33, 362.04
159.18, 354.45
194.80, 325.13
188.28, 322.88
185.74, 367.09
197.98, 337.76
141.28, 371.24
168.09, 331.83
188.06, 323.83
176.86, 316.82
127.51, 350.46
200.47, 335.64
172.17, 311.87
153.21, 372.88
131.51, 318.99
151.90, 324.57
170.36, 371.30
168.82, 350.88
152.04, 347.88
162.12, 382.80
162.91, 380.57
164.32, 335.97
166.92, 377.00
128.74, 347.51
156.52, 379.93
136.51, 358.88
176.63, 350.00
176.87, 371.91
163.16, 360.65
149.49, 350.86
183.10, 321.52
175.57, 353.93
134.18, 332.11
192.33, 344.49
129.60, 333.61
191.52, 334.98
132.53, 342.14
162.01, 365.58
156.63, 383.22
165.31, 346.64
184.61, 349.04
156.94, 397.29
125.62, 323.66
124.79, 348.80
177.63, 375.41
148.66, 310.90
166.84, 308.48
125.21, 346.96
208.21, 341.93
158.87, 304.67
125.82, 328.68
144.95, 312.15
194.39, 363.33
150.18, 396.20
180.74, 302.61
% 6 376 35
40.83, 159.80
268.27, 144.97
112.53, 143.30
147.27, 183.25
34.33, 141.92
200.89, 168.63
276.39, 163.72
106.71, 158.57
150.64, 170.26
88.88, 146.82
284.23, 167.73
249.63, 147.36
237.36, 179.36
58.49, 156.08
212.71, 180.66
26.87, 170.35
39.91, 150.51
330.54, 164.63
53.07, 172.94
301.35, 155.68
153.65, 158.32
252.93, 154.28
295.34, 161.43
298.79, 175.80
24.88, 178.81
144.58, 173.68
135.32, 183.00
185.58, 159.98
145.68, 153.14
157.92, 192.26
40.36, 172.29
19.03, 154.73
56.55, 148.81
161.36, 158.39
104.01, 163.54
305.56, 149.14
100.40, 166.04
39.05, 146.72
131.63, 166.38
201.42, 163.79
327.86, 174.33
187.40, 152.10
273.82, 166.60
80.11, 156.64
269.72, 160.26
295.84, 161.69
217.97, 170.29
104.35, 175.61
199.72, 149.61
249.58, 140.17
168.94, 165.51
69.47, 172.23
18.53, 159.96
59.90, 150.54
67.92, 183.03
45.59, 173.07
316.48, 180.70
76.50, 163.03
119.81, 163.21
251.27, 169.21
200.52, 164.74
19.92, 163.18
244.63, 164.62
121.31, 181.13
194.47, 157.39
153.70, 183.01
166.42, 144.84
190.53, 171.93
192.09, 160.04
235.53, 172.26
237.82, 168.02
211.73, 171.76
262.77, 146.22
254.79, 168.61
240.72, 178.76
49.99, 151.78
156.64, 188.83
40.88, 139.33
115.49, 177.09
293.92, 168.11
55.53, 164.78
133.51, 145.52
294.13, 173.79
240.80, 181.18
65.53, 161.73
51.24, 166.70
61.43, 138.46
183.56, 175.46
112.64, 174.79
33.04, 182.99
308.95, 157.44
248.82, 144.89
176.22, 149.93
131.74, 178.14
172.78, 173.34
84.79, 158.79
302.00, 173.47
69.89, 182.90
207.83, 148.34
104.57, 163.65
33.18, 174.76
189.24, 144.59
307.72, 180.58
132.33, 178.46
55.71, 147.11
66.54, 170.91
44.02, 183.25
312.56, 144.43
305.94, 168.06
65.09, 167.95
63.00, 141.88
319.24, 160.80
30.39, 180.35
41.62, 165.42
82.64, 171.22
195.91, 144.19
165.88, 162.24
329.53, 176.62
224.67, 144.90
239.59, 173.99
57.48, 175.72
103.73, 147.99
112.93, 170.78
100.62, 159.14
97.91, 155.75
133.04, 147.17
234.88, 181.88
79.75, 156.73
293.70, 174.44
105.16, 181.44
311.42, 145.00
28.43, 162.77
176.49, 144.63
318.27, 159.48
66.62, 167.59
286.91, 154.99
21.41, 181.39
182.59, 172.15
315.93, 181.97
257.26, 142.81
216.79, 146.86
163.39, 176.34
63.77, 140.29
198.41, 172.21
315.49, 169.07
70.65, 161.74
39.17, 140.55
174.17, 156.99
30.18, 163.66
126.95, 153.56
217.07, 171.64
181.06, 163.83
258.96, 169.70
109.94, 146.88
205.88, 183.19
195.33, 146.66
161.05, 167.03
70.55, 138.33
307.89, 145.59
203.61, 139.33
37.20, 142.51
261.68, 149.47
94.28, 141.46
309.29, 172.27
256.79, 151.18
156.89, 150.13
202.49, 183.32
74.42, 165.55
64.74, 158.33
31.36, 162.28
207.34, 174.49
32.96, 147.89
31.51, 130.26
132.59, 175.63
49.89, 139.35
182.16, 148.26
199.89, 171.89
143.63, 152.65
173.30, 166.01
102.46, 163.00
307.25, 172.28
195.16, 182.95
108.49, 141.74
118.63, 179.39
262.92, 147.20
219.13, 144.70
230.82, 174.50
179.12, 144.86
27.03, 164.82
206.37, 180.45
189.59, 183.04
205.09, 151.43
267.87, 149.03
292.57, 147.24
246.84, 176.04
226.69, 152.76
74.07, 183.43
59.92, 168.73
205.90, 141.60
258.34, 140.26
143.36, 174.80
190.41, 144.84
158.73, 183.46
228.22, 148.27
102.76, 161.42
260.27, 146.51
56.22, 139.92
149.88, 182.70
36.30, 139.57
215.33, 158.72
30.32, 148.99
234.40, 173.40
61.52, 180.06
283.03, 144.05
250.35, 175.98
113.81, 144.99
238.23, 155.71
79.47, 176.40
84.13, 143.37
77.04, 164.91
76.83, 153.21
202.12, 154.65
106.23, 171.58
250.44, 147.49
279.12, 163.33
219.13, 139.88
273.53, 153.24
55.19, 175.98
75.99, 144.49
181.59, 179.19
100.23, 163.53
272.31, 162.85
27.84, 144.62
109.37, 174.51
213.04, 167.19
55.03, 177.41
54.68, 180.36
57.03, 170.73
132.26, 175.66
322.81, 179.02
153.73, 168.95
77.17, 169.54
216.42, 186.45
309.68, 143.99
115.79, 145.84
188.89, 154.95
281.68, 152.05
166.09, 142.98
143.30, 145.35
183.05, 165.25
64.90, 157.92
83.79, 163.02
321.55, 169.72
231.31, 172.03
266.97, 159.70
21.95, 180.00
163.59, 138.40
44.45, 142.88
67.96, 141.34
133.97, 165.10
108.75, 145.99
27.76, 181.22
82.78, 160.99
189.41, 161.13
99.61, 151.89
171.35, 177.78
133.65, 149.41
38.68, 173.28
102.61, 166.44
125.16, 150.81
175.24, 148.36
210.49, 142.26
227.82, 180.50
149.41, 161.42
311.29, 143.18
222.30, 161.85
272.39, 165.69
265.24, 151.29
290.19, 169.59
309.29, 175.64
44.25, 151.58
297.01, 176.75
90.03, 159.98
68.32, 152.40
246.26, 144.22
221.87, 175.62
67.55, 175.73
65.89, 177.32
278.12, 143.59
252.61, 157.28
114.93, 171.69
88.15, 161.70
302.19, 163.22
114.08, 176.56
47.35, 173.03
60.82, 175.93
184.62, 155.07
58.45, 146.64
313.05, 157.85
101.14, 146.33
27.10, 179.20
140.51, 167.78
320.84, 138.23
188.82, 158.89
262.79, 149.37
282.55, 168.50
75.24, 182.81
52.15, 153.89
29.12, 146.72
176.94, 140.52
44.41, 181.39
107.02, 144.26
214.81, 178.47
80.21, 173.90
117.76, 152.48
229.24, 179.16
277.89, 160.23
308.09, 183.29
217.07, 166.99
181.95, 168.67
280.24, 171.56
278.48, 147.08
150.24, 177.47
251.97, 170.09
63.97, 147.39
36.51, 138.98
308.02, 164.74
70.24, 161.81
29.86, 158.28
274.15, 151.12
131.94, 149.26
119.56, 138.21
44.09, 143.23
31.24, 134.19
223.73, 159.38
67.53, 167.31
77.68, 162.68
202.84, 148.46
251.23, 159.38
93.71, 146.52
117.09, 154.34
66.56, 173.72
24.81, 161.42
142.39, 178.90
174.85, 146.05
110.20, 181.75
66.11, 157.60
210.20, 154.48
64.15, 138.92
93.42, 153.07
193.75, 147.43
94.50, 138.34
37.55, 155.92
314.56, 165.72
257.60, 159.28
20.87, 167.46
32.87, 179.42
251.43, 154.59
22.05, 180.83
52.62, 181.92
321.97, 166.31
294.45, 182.17
17.95, 171.51
207.70, 164.74
184.95, 149.09
175.09, 183.28
119.17, 154.37
39.33, 166.04
251.71, 182.79
140.84, 139.15
269.68, 163.54
161.65, 182.38
319.51, 166.98
182.81, 177.44
178.89, 159.42
109.32, 138.09
322.50, 137.38
216.89, 194.20
157.03, 138.42
231.35, 149.41
159.96, 138.39
133.72, 126.13
330.51, 132.80
331.48, 158.47
288.83, 141.49
287.19, 194.98
17.87, 145.61
94.84, 135.20
88.97, 176.80
94.30, 182.80
148.74, 138.27
152.19, 153.15
331.75, 178.87
157.37, 197.49
331.06, 146.71
277.24, 182.85
217.51, 135.59
77.50, 130.03
32.66, 127.24
329.19, 151.98
267.49, 129.69
327.83, 130.47
216.76, 194.19
157.38, 205.36
156.32, 198.76
9.41, 181.62
157.91, 138.69
111.04, 193.48
331.16, 177.63
296.66, 141.43
123.00, 192.94
% 7 107 13
666.39, 341.24
622.87, 328.76
620.01, 348.54
660.54, 319.35
639.42, 342.04
638.58, 365.65
674.82, 324.55
645.93, 317.11
630.72, 346.74
620.78, 341.34
679.98, 341.55
657.13, 352.89
639.87, 306.74
632.53, 334.93
633.24, 322.49
643.84, 329.34
648.97, 356.05
637.08, 323.62
623.06, 357.85
628.10, 347.21
662.67, 351.27
629.26, 347.77
639.31, 314.08
624.85, 318.26
644.71, 317.09
628.16, 354.22
646.70, 346.68
666.89, 328.83
656.63, 348.50
642.99, 354.44
640.12, 327.99
668.44, 358.91
658.81, 318.15
626.32, 321.78
652.02, 349.99
672.46, 333.96
658.88, 363.46
627.25, 340.17
683.22, 328.17
644.00, 320.57
671.68, 364.48
626.17, 325.36
658.76, 312.59
644.65, 325.90
666.26, 355.72
657.97, 328.98
664.82, 331.37
650.53, 322.45
624.85, 360.42
632.76, 332.97
637.79, 350.90
642.37, 336.22
660.52, 309.61
649.83, 355.79
662.20, 357.12
649.16, 304.68
650.77, 347.28
664.39, 332.12
652.27, 326.39
632.50, 333.64
648.76, 364.82
662.75, 307.57
639.47, 312.16
659.62, 303.38
637.76, 346.76
662.33, 350.61
660.62, 346.20
629.34, 339.62
655.93, 331.41
635.92, 329.77
676.33, 324.88
649.17, 316.17
674.90, 358.52
675.42, 327.36
643.60, 328.54
637.53, 313.83
666.25, 366.74
652.18, 369.59
632.17, 348.65
650.82, 343.01
661.83, 333.68
662.46, 353.76
648.80, 335.63
652.58, 350.18
665.76, 327.57
637.52, 346.70
676.48, 342.75
665.53, 311.74
631.21, 327.95
649.21, 312.96
666.44, 331.64
671.29, 350.52
618.48, 344.97
660.04, 342.65
654.72, 309.15
660.13, 348.67
646.48, 342.15
680.63, 337.92
631.86, 316.91
655.83, 315.99
645.33, 310.04
659.09, 306.94
647.80, 358.58
638.12, 364.05
637.36, 310.11
661.64, 320.21
650.28, 334.43
626.76, 363.81
687.92, 340.66
656.02, 377.49
684.47, 351.20
687.79, 339.69
661.43, 372.28
680.98, 324.67
679.44, 321.92
633.66, 372.45
632.70, 368.71
654.52, 373.35
622.68, 320.84
685.94, 340.39
% 8 384 37
201.26, 101.89
163.49, 98.36
228.70, 104.39
269.23, 94.86
79.59, 76.40
79.45, 81.78
317.76, 93.05
33.28, 112.23
243.78, 99.69
148.18, 71.51
245.16, 98.38
283.49, 100.25
169.33, 98.48
159.01, 80.81
22.94, 88.76
40.03, 74.32
54.09, 68.93
198.52, 97.12
210.57, 95.99
75.36, 104.83
162.15, 112.12
204.17, 109.78
280.91, 75.98
168.41, 101.16
44.81, 100.01
82.63, 90.99
65.15, 87.44
114.09, 87.27
314.32, 93.69
254.24, 84.10
216.87, 85.75
69.49, 110.58
312.06, 70.65
164.70, 92.57
74.01, 73.67
98.28, 102.79
199.45, 91.46
55.24, 77.93
221.21, 88.86
158.36, 111.60
100.41, 97.90
25.92, 70.79
226.11, 110.83
27.51, 88.50
159.90, 87.54
317.20, 106.98
84.65, 91.61
21.54, 96.43
106.32, 76.72
241.77, 106.87
247.63, 109.89
121.16, 111.32
236.94, 96.55
226.85, 68.19
161.51, 98.38
291.16, 104.05
320.41, 71.72
214.96, 107.00
61.13, 99.23
216.61, 102.18
301.21, 88.09
50.87, 78.94
187.42, 79.65
48.70, 81.09
102.50, 76.78
107.19, 109.66
176.39, 100.87
248.55, 75.94
196.60, 99.32
29.65, 94.83
73.41, 87.18
170.37, 88.63
283.18, 81.48
107.40, 92.72
126.93, 97.01
160.66, 77.25
185.27, 91.51
183.65, 69.69
145.72, 71.48
182.35, 93.09
260.70, 100.94
29.25, 110.99
259.75, 102.95
161.94, 107.86
224.74, 76.18
129.04, 75.44
259.01, 108.69
292.00, 73.06
61.40, 77.72
72.88, 88.85
34.86, 102.93
128.58, 81.60
20.51, 104.33
117.33, 85.00
81.43, 103.57
249.90, 107.15
149.66, 83.44
129.10, 94.20
310.86, 76.64
106.49, 109.05
77.47, 107.93
212.91, 91.78
166.09, 69.12
240.20, 101.60
41.35, 84.67
188.03, 106.50
128.41, 95.79
201.69, 92.80
40.67, 83.00
150.74, 91.31
123.53, 74.49
175.91, 100.19
241.58, 106.01
116.22, 100.38
250.37, 81.04
18.68, 107.38
175.10, 110.70
155.75, 93.08
257.07, 103.92
80.47, 99.04
32.33, 96.08
59.54, 89.46
144.91, 113.89
133.78, 96.55
237.69, 108.41
177.52, 109.44
325.93, 100.55
20.49, 117.85
301.91, 76.55
313.35, 68.93
237.96, 69.97
163.73, 88.74
126.80, 68.23
280.48, 94.90
90.34, 70.32
303.38, 84.67
46.91, 93.01
329.82, 83.69
38.13, 81.59
45.83, 84.49
141.19, 110.22
164.08, 91.51
326.71, 76.46
71.49, 109.10
74.50, 78.41
314.57, 105.21
209.76, 90.27
175.99, 105.13
237.21, 72.02
247.57, 113.37
218.75, 87.18
107.59, 109.23
127.01, 104.61
317.62, 108.41
143.04, 76.19
216.69, 90.18
276.97, 78.99
46.15, 96.09
291.90, 78.06
331.23, 77.47
144.73, 104.08
246.71, 80.10
305.41, 95.64
39.92, 98.83
322.68, 77.38
174.91, 70.39
289.45, 84.59
91.61, 87.87
76.44, 76.89
174.80, 83.64
327.20, 84.18
160.17, 71.05
111.54, 109.22
230.80, 78.57
35.55, 71.59
122.64, 105.83
214.79, 82.54
124.43, 110.47
18.62, 96.61
141.82, 107.02
320.52, 87.99
272.61, 83.69
171.48, 94.63
163.41, 112.20
99.20, 96.12
287.14, 96.10
122.51, 112.30
159.95, 102.42
73.41, 75.88
223.65, 97.89
143.31, 91.35
323.89, 89.83
293.78, 86.94
134.05, 108.90
168.48, 83.32
324.54, 75.25
305.28, 92.07
152.40, 87.20
28.19, 113.41
170.89, 74.00
249.17, 93.96
76.44, 82.60
65.51, 68.94
65.65, 105.29
297.79, 84.87
237.05, 89.48
64.78, 84.07
228.56, 89.15
38.23, 89.28
236.57, 110.80
100.72, 93.27
297.38, 85.73
328.16, 103.93
95.40, 89.83
38.36, 69.88
69.58, 99.59
31.86, 101.90
18.04, 97.25
43.60, 74.54
324.64, 79.39
98.18, 97.22
219.09, 91.71
315.75, 85.20
172.96, 86.81
242.85, 87.90
284.86, 87.42
89.80, 98.26
319.14, 92.31
314.53, 70.15
260.08, 84.65
270.92, 88.86
36.66, 104.37
180.89, 103.21
253.91, 77.44
231.84, 100.12
93.94, 101.30
70.38, 104.07
187.30, 103.68
35.01, 90.12
264.14, 105.38
100.86, 81.95
195.30, 68.96
117.43, 112.04
184.18, 78.77
59.78, 76.37
186.62, 97.94
83.32, 89.42
60.88, 77.75
28.05, 80.92
83.28, 97.81
251.43, 68.34
313.62, 103.54
259.86, 106.15
263.79, 109.47
141.03, 110.83
92.04, 106.08
124.98, 82.06
159.02, 80.71
259.12, 88.23
255.06, 98.00
267.98, 101.92
273.51, 102.99
243.51, 71.39
281.40, 72.73
324.69, 98.13
223.22, 98.85
263.58, 110.15
229.18, 104.71
207.01, 106.73
127.31, 99.19
243.13, 110.62
175.25, 81.76
80.58, 79.46
292.23, 97.32
224.99, 91.73
310.66, 94.18
239.30, 74.72
323.43, 81.21
282.05, 71.64
269.77, 112.68
214.03, 89.26
93.93, 103.76
205.34, 89.50
90.31, 73.49
140.64, 83.61
192.72, 68.34
272.82, 110.30
253.07, 71.22
313.05, 72.04
22.22, 108.35
153.92, 113.54
276.02, 83.64
289.78, 85.09
178.40, 81.04
151.52, 100.47
53.20, 83.79
130.28, 73.43
231.87, 84.87
78.62, 92.78
251.89, 69.38
49.67, 87.06
133.64, 68.78
289.83, 92.75
240.37, 87.62
156.26, 124.50
67.39, 105.93
149.26, 82.26
35.15, 77.01
317.95, 82.76
98.72, 101.83
282.47, 72.18
245.32, 70.52
75.04, 77.92
318.31, 91.87
44.28, 87.35
28.91, 99.32
127.58, 87.00
300.92, 97.69
227.63, 96.17
171.02, 69.98
71.08, 83.90
89.97, 79.22
301.07, 72.01
321.57, 103.63
88.60, 101.54
126.72, 110.50
220.31, 81.28
30.28, 74.37
248.54, 105.38
44.48, 102.13
88.01, 90.71
28.16, 104.38
119.99, 91.22
185.62, 105.65
81.17, 70.88
182.40, 68.10
155.30, 75.50
221.78, 106.58
37.36, 85.43
173.99, 82.14
277.78, 72.11
182.64, 110.55
81.14, 92.22
20.36, 75.45
219.12, 70.97
135.98, 112.66
92.35, 78.25
32.12, 109.22
123.59, 102.19
226.42, 85.37
174.94, 91.40
233.29, 69.53
112.18, 112.10
162.57, 108.36
246.55, 109.61
263.09, 77.57
67.91, 90.61
19.62, 102.93
171.02, 104.25
238.96, 98.25
65.91, 104.27
253.36, 93.76
140.60, 102.43
108.38, 85.65
138.75, 78.30
286.27, 104.52
133.61, 95.37
92.80, 89.61
21.19, 90.18
233.19, 71.16
269.48, 97.09
91.57, 72.21
104.30, 73.23
214.04, 110.09
102.73, 102.35
130.64, 71.36
197.05, 106.13
268.03, 99.76
187.05, 79.11
230.27, 79.73
45.15, 96.42
51.15, 85.00
102.15, 82.23
96.87, 88.46
327.56, 111.01
157.03, 138.42
154.91, 59.02
159.96, 138.39
291.91, 109.76
133.72, 126.13
154.33, 123.14
169.20, 62.77
255.32, 58.33
276.79, 116.78
14.18, 130.66
312.29, 112.00
190.42, 69.63
331.65, 100.47
278.59, 63.15
96.92, 118.60
158.90, 59.01
208.70, 62.99
271.81, 121.85
113.25, 69.09
309.29, 68.69
58.84, 107.24
32.66, 127.24
216.91, 114.34
264.30, 69.18
267.90, 126.82
216.04, 64.57
217.23, 116.29
21.78, 68.50
157.91, 138.69
200.04, 56.75
24.32, 72.67
199.75, 78.47
293.59, 112.96
9.79, 123.47
115.06, 70.59
157.51, 122.77
% noise 271
272.96, 358.74
271.14, 345.80
271.28, 332.12
221.22, 344.02
292.15, 302.65
68.77, 212.58
354.94, 131.38
493.99, 452.36
423.31, 201.30
156.26, 40.15
216.68, 52.88
31.26, 227.12
374.52, 301.58
71.83, 468.43
272.67, 49.08
97.42, 224.05
272.77, 340.34
677.24, 171.32
688.90, 400.27
97.91, 233.81
57.62, 204.11
31.71, 452.78
52.85, 51.33
96.67, 326.08
319.24, 235.70
369.66, 364.72
96.32, 322.43
361.67, 110.42
373.14, 121.93
217.34, 315.33
157.37, 451.59
90.71, 340.39
6.32, 385.89
29.56, 457.35
216.68, 347.72
108.06, 52.49
432.30, 187.37
367.70, 142.72
170.74, 466.54
97.63, 246.05
450.01, 204.03
365.36, 141.43
533.04, 34.98
286.18, 342.24
605.05, 65.33
666.06, 263.01
286.74, 473.70
156.34, 458.14
496.16, 448.76
551.22, 101.06
271.91, 321.33
228.44, 344.55
217.43, 387.32
425.78, 29.15
47.49, 210.74
96.50, 55.87
261.43, 467.02
374.59, 163.36
628.71, 28.78
200.72, 213.21
376.35, 67.43
341.82, 62.24
116.36, 29.34
422.69, 217.36
70.07, 219.56
394.23, 197.31
280.07, 191.68
238.82, 217.37
496.90, 269.00
175.92, 38.72
394.19, 157.40
457.87, 212.84
676.32, 172.00
246.77, 374.54
451.54, 206.62
552.55, 66.38
274.65, 305.20
373.62, 59.66
377.12, 60.24
496.78, 472.08
496.62, 318.63
322.48, 29.02
32.11, 40.09
376.89, 70.53
503.53, 297.33
217.40, 42.42
113.16, 464.92
33.26, 224.51
551.37, 106.82
35.97, 410.05
97.88, 348.44
373.80, 54.31
17.03, 226.96
237.65, 54.87
458.40, 214.96
376.91, 107.99
601.30, 87.81
33.80, 254.74
526.79, 183.59
657.49, 282.95
228.35, 344.64
21.83, 396.47
468.75, 262.14
377.64, 219.17
559.90, 46.69
355.11, 102.17
69.00, 44.11
32.86, 227.92
322.37, 34.72
388.68, 199.92
377.19, 109.82
97.71, 224.44
453.17, 270.10
529.33, 33.14
271.53, 53.36
602.86, 107.01
246.27, 329.91
602.25, 53.38
374.92, 450.61
365.55, 26.50
296.87, 125.83
182.48, 470.86
496.25, 290.59
388.81, 237.85
601.66, 355.93
385.22, 193.37
216.88, 317.93
21.80, 226.28
601.70, 28.54
431.48, 209.80
416.68, 464.03
93.19, 227.92
481.60, 273.57
40.58, 245.42
445.04, 217.81
157.39, 52.58
377.23, 156.33
468.67, 290.56
424.94, 448.85
658.90, 32.55
496.60, 294.04
96.16, 332.51
55.77, 424.28
377.39, 445.02
16.47, 39.29
217.38, 213.65
217.80, 42.94
437.08, 423.46
426.24, 192.53
118.11, 213.62
376.98, 180.60
601.03, 44.92
277.08, 202.89
552.86, 41.33
390.55, 362.04
264.33, 225.13
487.41, 291.61
687.86, 471.37
368.22, 83.12
489.76, 449.65
376.34, 169.03
377.14, 33.03
157.01, 50.21
31.10, 253.70
31.44, 209.36
386.36, 240.24
271.83, 292.52
552.32, 65.86
369.35, 71.86
376.71, 180.17
128.56, 236.74
305.46, 38.55
354.95, 191.41
497.89, 274.67
497.53, 297.82
31.21, 411.90
382.97, 93.81
420.36, 464.29
32.49, 428.15
201.41, 376.82
399.19, 79.24
32.86, 229.52
496.67, 283.62
302.17, 54.22
672.36, 281.61
32.61, 451.02
207.18, 210.70
157.18, 211.02
216.07, 40.85
204.71, 300.24
56.59, 259.65
684.41, 242.65
642.72, 24.20
382.72, 318.75
432.74, 260.38
367.71, 29.17
176.59, 30.39
483.29, 266.61
478.61, 426.50
497.06, 29.72
441.96, 196.81
72.60, 49.36
249.86, 370.29
566.38, 104.56
31.48, 439.34
2.41, 377.57
7.00, 134.09
114.20, 227.64
392.27, 213.95
602.18, 64.96
284.33, 290.87
216.83, 382.61
376.83, 135.14
389.86, 468.01
391.85, 69.88
560.00, 40.34
157.15, 221.42
103.23, 43.12
370.34, 190.40
216.91, 378.68
294.67, 212.07
691.17, 66.84
239.33, 366.84
97.95, 221.60
384.41, 225.41
376.32, 177.91
527.94, 36.36
376.50, 156.44
247.65, 344.88
363.57, 206.25
480.86, 264.17
31.77, 453.83
272.37, 30.91
447.70, 421.30
32.33, 274.73
230.28, 344.25
272.54, 129.54
490.09, 436.50
683.95, 74.62
256.01, 331.91
187.75, 453.76
268.40, 326.88
685.14, 283.21
117.40, 225.28
557.46, 257.52
96.52, 364.53
687.34, 414.54
432.49, 198.88
321.79, 36.12
392.68, 356.59
496.18, 308.75
91.57, 364.10
97.07, 442.23
216.11, 214.75
287.03, 464.25
376.26, 170.33
43.22, 225.79
669.12, 252.41
143.97, 25.91
450.29, 457.63
321.50, 227.56
237.69, 202.91
678.71, 185.96
285.06, 374.41
680.67, 387.04
485.37, 274.83
204.80, 301.20
489.63, 277.30
377.70, 366.00
593.27, 91.80
239.26, 228.13
