-0.511098060683477 -0.102284105045970 -1
-1.46406132277908 0.504189832972453 -1
-1.04329778070628 0.228956908777007 -1
-0.262335756153180 -0.547893298025336 -1
-0.331126947332723 -0.211180140662626 -1
-0.297807907406934 -0.347016521598564 -1
-0.164513428369255 -0.679661469310813 -1
-0.180967206347698 -0.825603943576113 -1
-0.228879049969647 -0.402257620178911 -1
0.908463333123496 -0.751568725169485 -1
-0.0432464003287043 -0.581489446612358 -1
-0.234540586259835 -0.33192182936212 -1
-0.81286779036907 -0.370678998318909 -1
-0.6595927890562 -0.351976291060316 -1
-0.890160445651156 -0.0338124427467624 -1
-0.355533039187063 -0.503218487402662 -1
0.307334755663405 -0.36508661276616 -1
-0.375238228946766 -0.291622024808779 -1
-0.920502648909009 -0.182390363327921 -1
0.174864001965697 -0.25181557108017 -1
-0.245195161690346 -0.266728035661848 -1
-0.58727485357991 -0.483284267717482 -1
-0.356786567830461 -0.0668238279413658 -1
-0.812455548998002 -0.162331574878633 -1
0.707081283920861 -1.00842476177846 -1
-0.932410752982917 0.319198089833649 -1
-1.55739627207070 0.267392584812765 -1
0.511086195895091 -1.26249195386214 -1
-1.11624072375382 -0.0842140138783732 -1
-0.942361707398841 -0.541822258150014 -1
0.751467140648227 -1.00110751297439 -1
-1.28479458784507 0.68543918613292 -1
0.191884492103146 -0.677490544374357 -1
-1.09522370993848 0.283891210938481 -1
-1.33104141885472 0.244669520602290 -1
-0.98404454516943 -0.124360420222278 -1
-0.9275729420327 0.468236205043117 -1
0.0101900707278536 -0.720574866701901 -1
-0.714008213642833 0.150379153148438 -1
-0.134994950451373 -0.311709642703396 -1
-1.29646885028553 -0.327561519794944 -1
-1.22042896624468 0.408035337001018 -1
-1.37873698277558 -0.421205138214628 -1
-0.640436749523145 -0.417323482970025 -1
-0.899640863283776 0.329610979581884 -1
-0.807205496676716 0.195053963771112 -1
0.070342888949272 -0.702537931730725 -1
-0.641690278166543 0.0190711764912711 -1
-1.087134487207 0.0753903892887678 -1
-0.463030988871424 -0.669526546536122 -1
2.84032129682701 -0.220576338276476 1
2.88981953961792 -0.137345609605027 1
-2.34975798395094 -0.0418825496548417 1
-1.41407222517376 -0.574925055912304 1
-2.31430339462955 0.182608850793699 1
-2.31967279387405 -0.24554817060691 1
2.54323490730370 0.440031754659816 1
2.58734618891774 0.520473638805969 1
-1.2906696477376 -0.116425251829372 1
2.67384468671912 -0.106691703752738 1
2.46905599754512 0.137887314590418 1
2.62648199332382 0.170405348960291 1
2.70391231486365 0.115010852170506 1
-2.61419383069833 0.558366950278822 1
-1.38966613331942 -0.282886709172269 1
-1.76404593552698 0.0785191864293577 1
2.38386932379938 1.34475434455986 1
-0.519383245084936 -1.19135168905065 1
2.4055141012847 0.195917257696061 1
2.74643719730873 -0.311124315751991 1
-2.38756440236903 0.462519250726261 1
-2.56332271234081 0.275974502239838 1
2.62252620312581 0.818089674596596 1
2.86699984693253 0.0771930957235878 1
-1.34459421750982 -0.776415425176825 1
2.20883295417671 0.442696030421004 1
-1.52566363131387 -0.375020848191823 1
-2.16537886295340 0.215280283373007 1
-2.9320050969913 0.35237700618086 1
2.7874339759971 -0.227740188871106 1
-2.61648460828404 0.341935286987295 1
2.54268575707705 0.586281025343989 1
2.19907796143076 0.879244088091737 1
-1.19809737227496 -0.605578961764594 1
2.98184266485391 -0.480250048856076 1
-2.53172698043956 -0.0118422366403003 1
2.41007733712160 0.418080008247617 1
-2.14498685670930 0.138906608877315 1
-2.10765373117327 0.371482249177106 1
-3.07652162102066 0.685764442246057 1
-1.77964010689857 -0.501464794706015 1
-1.80234045266073 -0.216154606626536 1
2.77013891074632 0.271059419765168 1
2.30312853766388 0.105522678429983 1
-1.58526729930864 -0.539307053847172 1
2.67384468671912 -0.106691703752738 1
3.21585769490011 0.141615571625584 1
2.63982126837658 0.319290065960322 1
-3.23234289829587 1.37052403597633 1
-3.79468686120997 0.253265570972535 1
2.62522846468042 0.606800008421587 1
2.82089068218063 -0.0821045110246802 1
2.63284790803076 -0.190075830633623 1
2.88795856533563 -0.570798026331591 1
-1.25762518292514 -0.179136997423223 1
2.71566519074745 -0.242681482898112 1
-1.90162907528823 0.115876748247966 1
-1.97081494590648 -0.181125694704913 1
-2.41939121980498 0.303503937702629 1
2.27989736100960 0.747782713225134 1
-1.38766825018156 -0.204030986570155 1
2.61314271827106 0.0215206319602587 1
2.99829644283235 -0.334307574590776 1
-1.90474357821391 0.118818990982699 1
-1.29832982456782 -0.761013936521508 1
-2.84096092528538 0.372742591049021 1
-1.66193494701949 0.242038401037523 1
-2.27585364930569 0.333386525756642 1
2.3561710866839 -0.0312095890683376 1
2.71539061563413 -0.169556847556025 1
-2.42816725902085 0.376781971254153 1
2.85221108156639 -0.932865367469544 1
3.22520044627498 -0.503279909485425 1
2.72859298183131 0.333924563568455 1
2.56239094683675 0.374684562750107 1
2.59715947707592 1.10002192800727 1
-3.39687992067814 0.547168046230153 1
-1.44310260437597 -0.143801289082726 1
-1.90486292513713 0.0480475082318348 1
-1.41407222517376 -0.574925055912304 1
2.50791722683788 -0.139056339913173 1
2.68420712510395 0.326607314764389 1
2.58846205130339 -0.19739307943769 1
2.53757337101351 0.510367545476607 1
-2.12285398050831 -0.210854884549490 1
2.6476366733969 0.819982632559508 1
-2.15873837313313 -0.218325531562993 1
-3.49926548429896 0.456773466964075 1
2.64354321694115 1.18619489941345 1
2.67384468671912 -0.106691703752738 1
2.50652678933890 0.651935013672573 1
2.64832273247913 0.319136667750885 1
-1.94924878186450 0.0407302594277681 1
-2.91813423364425 0.780380629372032 1
-1.92245088483575 0.409271176178696 1
-1.16885346947040 -0.164502499815090 1
2.31053170131313 0.397867821588893 1
-1.94401704887774 0.187415222046014 1
-3.48876537965639 1.17154454426356 1
2.59032302558567 0.236059337288874 1
