829, 709, 5250, 6560, 70, 82, 1074, 390, 878, 1995, C, f, f
141, 118, 722, 928, 19, 16, 15, 155, 139, 404, C, f, f
1044, 783, 3591, 4026, 63, 61, 81, 218, 232, 2908, D2, f, t
78, 63, 331, 336, 7, 8, 54, 68, 63, 167, D1, t, f
511, 419, 2142, 1947, 34, 33, 59, 106, 239, 1477, C, f, f
987, 1402, 4032, 5376, 56, 64, 891, 681, 995, 1411, C, f, f
313, 286, 1137, 1008, 22, 18, 153, 63, 146, 762, D1, t, f
1800, 859, 7350, 3159, 75, 81, 441, 2315, 1433, 1837, D1, f, f
226, 126, 1034, 612, 11, 6, 351, 377, 259, 196, C, f, f
58, 28, 343, 140, 24, 14, 24, 18, 35, 248, A, t, f
1136, 597, 4602, 3068, 59, 59, 554, 870, 949, 2623, D1, f, f
376, 274, 1980, 1675, 22, 25, 356, 261, 344, 792, C, f, f
223, 172, 1656, 1400, 18, 14, 355, 430, 323, 579, C, f, f
1808, 976, 7600, 7396, 80, 86, 501, 718, 852, 5928, C, f, f
114, 180, 462, 1008, 14, 16, 4, 28, 27, 364, D2, f, f
1169, 1125, 4356, 3723, 45, 51, 359, 427, 134, 2107, D1, t, f
226, 235, 1230, 1575, 15, 15, 414, 284, 267, 418, D1, f, f
493, 189, 2408, 1035, 28, 23, 318, 503, 344, 1083, D1, f, f
915, 842, 4260, 5487, 71, 59, 1265, 796, 1148, 1917, C, f, t
1263, 739, 6136, 4277, 52, 47, 903, 1060, 589, 2208, B, f, f
668, 429, 4992, 5841, 78, 59, 988, 955, 593, 1697, B, f, f
259, 187, 1069, 930, 12, 10, 329, 182, 76, 481, B, t, f
1021, 778, 4118, 3127, 58, 53, 432, 467, 432, 2388, D1, f, f
751, 425, 3159, 1896, 27, 24, 262, 147, 542, 1516, C, f, f
1397, 929, 6210, 5162, 54, 58, 1630, 2329, 1676, 1552, C, f, t
336, 526, 1620, 3534, 60, 57, 211, 272, 183, 939, B, f, f
38, 52, 182, 518, 14, 14, 16, 17, 9, 131, C, f, t
578, 869, 1960, 3555, 70, 79, 219, 185, 212, 1274, D2, f, t
1083, 1128, 5472, 6758, 76, 109, 873, 896, 390, 3173, B, f, f
453, 532, 4828, 5920, 71, 74, 1064, 1724, 880, 1158, B, f, f
829, 501, 4048, 3312, 92, 69, 273, 637, 947, 2226, C, f, f
210, 150, 1120, 1863, 20, 23, 22, 9, 83, 873, D1, f, f
312, 267, 1408, 1092, 16, 13, 228, 81, 245, 591, D2, f, f
575, 490, 2108, 2079, 31, 33, 182, 125, 182, 1538, C, f, f
1320, 685, 4928, 4760, 56, 68, 564, 303, 434, 3843, C, f, f
1153, 891, 6270, 5162, 66, 58, 925, 609, 812, 4012, B, f, t
1361, 611, 4032, 1950, 94, 78, 318, 307, 551, 2971, C, t, f
661, 412, 2790, 1540, 62, 55, 369, 369, 207, 1311, D2, f, f
1014, 683, 4830, 3690, 46, 45, 980, 1250, 1521, 1449, B, f, f
372, 293, 2664, 2397, 72, 47, 522, 111, 279, 799, B, f, f
647, 722, 2930, 3311, 74, 77, 270, 154, 405, 1965, D1, t, f
574, 393, 3933, 3920, 69, 70, 429, 495, 1817, 629, C, f, f
770, 676, 4428, 5336, 82, 92, 753, 916, 509, 2391, D1, f, f
1336, 658, 9348, 6324, 82, 68, 1002, 3006, 1816, 3084, D1, f, f
1828, 1271, 8832, 8211, 96, 119, 1404, 1497, 2106, 4151, D1, f, f
1646, 1544, 6534, 7315, 99, 95, 1022, 1777, 1288, 2090, C, f, f
1421, 932, 4484, 3149, 59, 47, 206, 258, 350, 3452, C, f, f
151, 141, 1020, 1168, 16, 16, 195, 153, 25, 168, C, t, f
256, 200, 1605, 1188, 15, 18, 208, 192, 369, 802, B, f, f
785, 807, 4050, 3456, 50, 48, 1443, 1336, 694, 1377, B, f, f
2072, 2153, 10260, 11016, 90, 108, 896, 1676, 467, 6361, A, f, t
979, 362, 4015, 1098, 73, 61, 114, 281, 448, 2971, C, f, f
1215, 708, 7320, 4332, 60, 57, 1405, 2295, 421, 2635, A, f, f
534, 318, 2016, 943, 24, 23, 105, 151, 544, 504, D2, f, t
635, 398, 2727, 1848, 27, 28, 10, 554, 262, 1718, D1, f, f
658, 306, 4950, 2814, 66, 67, 829, 1127, 398, 1633, C, f, f
197, 397, 946, 2550, 43, 51, 69, 190, 167, 368, C, f, f
1290, 667, 4797, 2600, 39, 40, 148, 669, 654, 3309, D1, f, f
312, 185, 1421, 1224, 34, 34, 159, 326, 223, 624, C, t, t
269, 163, 1136, 855, 16, 15, 120, 81, 62, 874, D1, f, f
2282, 3216, 10533, 12733, 84, 119, 2443, 3258, 2592, 3127, D1, t, f
513, 475, 2079, 2310, 21, 21, 104, 497, 471, 769, B, f, f
371, 277, 1897, 1620, 23, 20, 192, 158, 48, 1210, C, t, f
1441, 1266, 5720, 4416, 88, 69, 981, 1472, 1606, 1258, C, f, t
705, 1040, 5002, 10296, 82, 104, 1484, 1553, 1139, 1550, C, f, f
1090, 684, 5772, 3640, 78, 56, 353, 176, 471, 2828, C, f, f
1532, 1230, 6723, 6324, 81, 93, 516, 1032, 753, 4571, C, f, f
495, 1454, 1746, 6272, 97, 98, 199, 222, 36, 1292, B, f, f
141, 119, 900, 969, 15, 17, 111, 216, 216, 243, C, f, f
620, 1047, 2640, 5440, 60, 68, 72, 46, 224, 1980, B, f, f
1014, 930, 5698, 6675, 74, 75, 247, 388, 1165, 2165, C, f, f
1907, 1619, 7722, 5576, 66, 82, 2649, 1296, 1353, 2084, D2, f, t
931, 1109, 5037, 7546, 69, 77, 1133, 226, 90, 2770, A, f, f
519, 314, 3416, 2418, 61, 62, 929, 1045, 766, 1093, D2, f, t
360, 735, 1968, 3828, 48, 66, 514, 290, 488, 649, D2, f, t
2366, 2567, 8930, 9860, 94, 116, 1312, 875, 125, 5804, D1, f, f
1382, 781, 7662, 4536, 81, 72, 1067, 593, 1858, 3708, B, t, f
903, 602, 4366, 3024, 59, 54, 169, 319, 582, 2488, B, f, t
1199, 753, 4435, 4029, 56, 51, 375, 1098, 268, 1755, C, t, f
1036, 810, 5890, 4095, 62, 63, 1830, 1046, 958, 1531, D2, f, f
1102, 399, 3504, 1144, 27, 22, 413, 9, 307, 2543, C, t, f
140, 517, 576, 2550, 36, 50, 56, 188, 78, 138, C, f, t
30, 12, 198, 92, 2, 1, 54, 51, 54, 47, D1, f, f
2431, 3073, 10434, 14152, 94, 122, 489, 1677, 3006, 3443, C, f, f
641, 582, 2523, 2555, 31, 35, 365, 864, 315, 860, D2, t, f
432, 941, 1710, 4234, 57, 73, 378, 252, 607, 564, C, f, f
645, 649, 3843, 3944, 61, 68, 492, 233, 332, 2613, B, f, f
1284, 1111, 5734, 6840, 94, 114, 1477, 835, 1670, 2522, D2, f, f
1026, 605, 5612, 3564, 92, 81, 606, 342, 738, 2974, C, f, f
751, 681, 3294, 3186, 61, 54, 719, 496, 548, 1581, C, f, f
327, 146, 1917, 858, 27, 26, 357, 436, 714, 594, A, f, f
1142, 949, 6278, 7176, 73, 78, 486, 248, 407, 5147, C, f, f
1614, 977, 6726, 3111, 59, 61, 161, 914, 1237, 1345, D2, f, f
941, 672, 4550, 4154, 70, 67, 645, 225, 766, 3048, D1, f, f
1467, 1628, 5940, 8362, 66, 74, 355, 697, 697, 4573, C, f, t
1615, 769, 8490, 4165, 93, 119, 531, 956, 1487, 4948, D1, t, f
1742, 1116, 6942, 4650, 89, 93, 306, 1020, 782, 3540, D2, f, f
1102, 1008, 7708, 6688, 82, 76, 659, 878, 1493, 3314, B, f, f
1000, 645, 7098, 5590, 91, 65, 1926, 670, 879, 2910, C, f, f
1681, 1601, 6292, 6960, 88, 80, 997, 735, 551, 3667, B, t, f
792, 1043, 3572, 4464, 47, 48, 145, 642, 621, 1500, A, f, f
338, 456, 1178, 1520, 38, 38, 87, 100, 125, 553, C, f, t
664, 529, 4712, 5070, 62, 78, 505, 642, 396, 3345, B, f, f
450, 791, 2700, 4880, 75, 61, 493, 268, 694, 459, C, f, f
707, 573, 4264, 4060, 52, 70, 710, 290, 420, 2814, B, f, f
140, 269, 780, 1300, 26, 26, 81, 191, 223, 234, D1, f, f
375, 240, 2392, 1664, 46, 32, 738, 437, 542, 885, B, f, f
692, 630, 3312, 3348, 46, 54, 422, 523, 540, 1622, B, f, f
53, 319, 324, 2380, 27, 34, 94, 92, 85, 110, B, f, f
263, 380, 1872, 3157, 78, 77, 238, 55, 284, 954, C, f, f
375, 273, 1850, 1650, 25, 25, 147, 601, 506, 795, D1, f, t
74, 54, 275, 335, 5, 5, 19, 11, 20, 192, C, f, f
374, 78, 2418, 0, 39, 0, 220, 169, 440, 1571, A, f, t
23, 18, 222, 180, 3, 2, 20, 50, 28, 53, C, f, f
895, 779, 3220, 2590, 35, 37, 39, 818, 619, 1223, C, f, f
1510, 942, 9870, 5561, 94, 83, 1670, 1994, 1020, 5231, C, f, t
3177, 3597, 10659, 10920, 95, 105, 1287, 1463, 1814, 4807, D1, t, f
483, 394, 2047, 1896, 23, 24, 221, 431, 564, 941, D2, f, f
568, 496, 3465, 3315, 77, 51, 983, 1192, 804, 485, A, f, f
1308, 1225, 6480, 4992, 72, 78, 2527, 1567, 1263, 1425, D1, f, f
91, 76, 480, 396, 5, 4, 18, 11, 41, 336, C, f, t
1328, 184, 8004, 0, 92, 0, 1383, 2291, 907, 3681, D1, f, f
255, 400, 1333, 3306, 31, 38, 108, 204, 115, 693, B, f, f
1098, 1344, 3724, 5454, 76, 101, 469, 234, 482, 2420, A, f, t
597, 272, 2625, 1176, 31, 24, 622, 856, 295, 1068, D1, t, t
1818, 784, 6240, 3478, 61, 74, 345, 460, 1727, 2402, C, t, f
530, 510, 3564, 4371, 44, 47, 570, 526, 131, 2102, B, f, f
323, 595, 1890, 4088, 45, 56, 443, 535, 234, 585, C, f, t
695, 266, 3822, 1188, 49, 33, 311, 363, 701, 1223, C, f, f
382, 204, 2131, 1036, 38, 28, 206, 700, 525, 539, D1, t, f
412, 202, 3292, 1739, 41, 37, 578, 476, 357, 1592, C, t, f
502, 421, 1888, 1392, 32, 24, 507, 495, 519, 679, B, f, f
377, 491, 2880, 3410, 80, 55, 591, 933, 728, 604, C, f, f
70, 65, 330, 335, 6, 5, 37, 20, 40, 240, B, f, f
1027, 651, 4648, 3016, 83, 58, 905, 219, 658, 1905, A, f, t
510, 496, 1960, 1550, 27, 31, 321, 369, 246, 1013, D1, t, f
793, 434, 2693, 2201, 79, 71, 264, 142, 67, 2014, C, t, f
1443, 2350, 9312, 12825, 97, 135, 698, 3142, 698, 2328, B, f, t
480, 334, 2373, 1786, 26, 19, 168, 344, 183, 1669, A, t, f
746, 580, 3520, 3531, 44, 33, 550, 430, 861, 1126, B, f, f
1717, 916, 7700, 6499, 100, 97, 1302, 1085, 1194, 4081, B, f, f
218, 269, 1386, 2850, 42, 38, 346, 165, 93, 665, D1, f, t
302, 367, 1242, 1350, 18, 18, 67, 53, 112, 794, D1, f, f
661, 875, 3360, 7480, 96, 136, 534, 332, 390, 1915, B, f, t
1076, 1300, 3916, 5561, 89, 67, 397, 260, 411, 2545, B, f, f
871, 620, 3528, 4128, 98, 96, 422, 577, 1267, 1305, D2, f, f
63, 38, 297, 180, 3, 3, 42, 3, 106, 103, C, f, f
1153, 2018, 3870, 9328, 86, 106, 374, 289, 306, 3018, D2, f, f
358, 672, 2697, 6141, 87, 89, 996, 789, 747, 620, A, f, f
370, 251, 1892, 1197, 22, 19, 83, 258, 274, 1059, C, f, f
1016, 600, 6052, 4212, 89, 52, 157, 1007, 975, 2904, C, f, t
721, 462, 3780, 4292, 84, 74, 333, 185, 778, 1927, C, f, f
1160, 1211, 5929, 8787, 98, 101, 1008, 952, 1008, 3129, C, t, f
344, 259, 1334, 800, 23, 25, 44, 230, 201, 773, D1, f, f
885, 664, 2917, 2365, 39, 43, 325, 347, 145, 1796, C, t, t
1214, 790, 5520, 3564, 48, 33, 1932, 1120, 1120, 1656, B, f, f
727, 87, 3956, 0, 86, 0, 797, 376, 797, 1740, D1, f, f
424, 532, 1512, 1620, 24, 18, 253, 123, 200, 922, C, f, t
779, 1352, 2790, 5429, 59, 61, 69, 437, 367, 1042, C, t, f
313, 167, 1625, 1273, 65, 67, 395, 240, 509, 211, C, f, f
893, 892, 3800, 6324, 76, 68, 146, 492, 731, 2470, C, f, t
1089, 939, 4800, 4819, 80, 79, 495, 660, 413, 2735, A, f, f
340, 708, 2040, 5402, 60, 73, 625, 283, 700, 550, D1, f, f
566, 362, 3276, 2500, 42, 50, 616, 754, 431, 1736, A, f, t
108, 64, 522, 294, 6, 6, 60, 80, 105, 245, D1, f, t
46, 25, 256, 140, 4, 2, 39, 38, 77, 104, B, f, f
852, 981, 4416, 6241, 96, 79, 1301, 650, 650, 1457, C, f, t
372, 174, 2907, 1188, 51, 54, 317, 710, 725, 1395, A, f, f
958, 552, 3672, 2220, 54, 30, 684, 720, 180, 1872, D1, f, f
938, 523, 6952, 6984, 88, 97, 361, 723, 1310, 2433, B, f, f
599, 258, 3570, 1410, 34, 30, 154, 167, 38, 3141, A, f, f
670, 286, 2394, 1173, 21, 23, 215, 179, 165, 1675, B, f, f
62, 46, 288, 256, 8, 8, 64, 68, 26, 135, A, f, f
1061, 633, 5768, 4386, 56, 51, 405, 270, 390, 4268, B, f, f
1363, 1177, 5904, 6110, 82, 65, 921, 575, 115, 3601, D1, f, f
1052, 1420, 4212, 8900, 78, 89, 1011, 960, 1036, 1684, C, f, f
402, 328, 1848, 1520, 24, 19, 181, 363, 606, 332, D1, f, f
1275, 962, 4964, 5589, 73, 81, 229, 786, 540, 3325, A, f, f
1687, 1661, 7533, 9328, 81, 106, 2088, 1392, 1889, 2561, B, f, f
446, 515, 1870, 2125, 20, 25, 177, 199, 299, 760, C, t, f
703, 701, 2722, 3864, 99, 84, 344, 481, 440, 1346, B, t, f
499, 253, 2466, 972, 38, 36, 381, 290, 363, 650, C, t, f
182, 459, 828, 1927, 46, 47, 157, 262, 366, 173, A, f, f
288, 331, 1440, 1558, 15, 19, 241, 443, 504, 432, C, f, f
1501, 1104, 7360, 4830, 64, 70, 1286, 1659, 1185, 3974, B, f, f
1411, 1687, 4752, 8742, 88, 94, 429, 735, 715, 2708, B, f, t
870, 1738, 3705, 7526, 57, 71, 505, 479, 103, 2408, B, f, f
300, 47, 1881, 0, 33, 0, 319, 329, 197, 940, B, f, f
1874, 1040, 6248, 4212, 88, 108, 905, 1562, 406, 3124, D2, f, t
257, 151, 981, 600, 9, 8, 73, 184, 4, 519, D1, f, f
177, 263, 700, 1288, 20, 14, 62, 100, 60, 511, D2, f, f
557, 856, 2679, 4700, 47, 47, 258, 247, 202, 1553, D2, f, t
1566, 1788, 6612, 7380, 76, 82, 560, 1156, 455, 3107, D2, f, f
243, 432, 1012, 2250, 23, 25, 81, 110, 128, 656, C, t, f
422, 229, 1564, 1026, 23, 19, 169, 220, 188, 1094, A, f, f
1024, 957, 3168, 4050, 60, 54, 224, 153, 318, 2578, D1, t, f
57, 43, 336, 371, 7, 7, 26, 14, 46, 238, C, f, t
1327, 638, 4250, 2436, 56, 42, 1197, 824, 478, 1589, C, t, f
650, 348, 3321, 2145, 41, 39, 574, 161, 681, 1527, D1, f, t
2663, 2395, 7913, 7100, 66, 71, 455, 737, 932, 5744, C, t, f
843, 843, 3219, 2622, 87, 46, 463, 77, 649, 1673, C, f, f
332, 383, 1352, 1782, 26, 18, 148, 124, 202, 757, D1, f, t
59, 104, 387, 558, 16, 18, 85, 68, 20, 46, B, t, f
52, 51, 330, 360, 6, 5, 36, 26, 62, 198, C, f, f
459, 741, 2538, 5766, 94, 93, 481, 541, 702, 532, A, f, f
292, 227, 1530, 1888, 30, 32, 93, 186, 146, 1086, C, f, t
62, 61, 202, 186, 2, 2, 18, 26, 20, 135, C, t, t
236, 274, 1472, 2047, 32, 23, 138, 287, 218, 897, C, f, t
841, 1435, 2508, 3696, 57, 77, 127, 122, 35, 2069, C, t, f
1617, 1924, 5776, 5328, 76, 74, 444, 1658, 1455, 1732, D1, f, f
290, 149, 1900, 1216, 32, 32, 306, 186, 133, 1233, C, t, f
697, 628, 4256, 4740, 76, 79, 587, 567, 489, 2298, C, f, f
570, 407, 5082, 3888, 44, 48, 1117, 1078, 2119, 1229, D1, t, f
324, 447, 1734, 4176, 83, 72, 60, 212, 36, 1334, C, t, t
438, 353, 2944, 2346, 46, 51, 418, 878, 669, 853, B, f, f
735, 130, 5929, 0, 77, 0, 1361, 1627, 597, 2608, C, f, t
299, 757, 966, 2200, 46, 44, 52, 89, 104, 772, C, f, f
107, 407, 527, 2232, 31, 31, 68, 106, 17, 231, A, f, f
148, 124, 693, 532, 21, 19, 115, 87, 43, 381, C, f, f
477, 326, 2201, 1632, 31, 34, 142, 416, 331, 1254, B, f, t
202, 120, 1296, 672, 24, 12, 315, 203, 196, 596, D2, f, f
493, 564, 2405, 2310, 37, 30, 180, 505, 378, 601, C, f, f
49, 32, 384, 296, 8, 8, 18, 90, 108, 153, D1, f, f
1251, 1496, 6106, 8470, 86, 110, 1746, 1746, 1071, 2137, D2, f, f
267, 543, 2349, 5016, 87, 76, 869, 545, 848, 328, C, f, f
654, 250, 2420, 948, 22, 12, 103, 135, 171, 2022, D1, t, f
833, 432, 2915, 1178, 53, 31, 496, 841, 863, 757, D2, f, f
221, 133, 996, 520, 12, 10, 161, 98, 121, 418, B, f, f
456, 605, 2733, 3621, 71, 51, 559, 497, 352, 661, A, t, f
495, 245, 3564, 1694, 66, 77, 1063, 835, 404, 1033, A, f, t
681, 597, 3960, 4234, 55, 58, 481, 436, 541, 2455, B, f, f
278, 138, 1856, 988, 29, 38, 128, 167, 189, 1299, B, f, t
330, 217, 1551, 1102, 33, 38, 83, 134, 108, 1132, C, f, f
540, 493, 2904, 2750, 66, 55, 177, 306, 227, 1916, A, f, f
786, 654, 3591, 2880, 63, 64, 73, 382, 574, 2118, D1, f, f
672, 282, 3234, 1768, 49, 52, 639, 605, 622, 1552, C, f, f
1206, 1094, 4264, 3484, 52, 52, 260, 661, 922, 2259, C, f, f
1439, 706, 5844, 2409, 77, 73, 633, 784, 1236, 2828, D1, t, f
1391, 2441, 5648, 7790, 79, 95, 1166, 1697, 848, 2112, C, t, f
640, 826, 2409, 2940, 33, 28, 349, 127, 116, 1349, B, f, f
1074, 1341, 4928, 7310, 88, 85, 496, 186, 641, 2858, A, f, f
85, 78, 359, 400, 3, 4, 30, 63, 80, 141, D2, t, f
483, 434, 2073, 3096, 29, 36, 32, 41, 88, 1868, B, t, f
928, 805, 4736, 3965, 64, 65, 1030, 818, 788, 1704, C, f, f
433, 226, 2236, 1580, 26, 20, 85, 612, 391, 536, C, f, f
678, 909, 2898, 5037, 69, 69, 233, 173, 301, 2144, C, f, f
95, 9, 540, 0, 20, 0, 54, 71, 102, 199, C, f, f
748, 640, 3564, 4648, 54, 56, 114, 484, 413, 2138, C, f, f
616, 744, 2310, 2862, 55, 54, 308, 208, 397, 1316, D1, f, f
600, 213, 2522, 920, 26, 20, 290, 226, 298, 1714, D1, f, f
1259, 1519, 5160, 5320, 86, 76, 403, 403, 546, 2786, C, f, f
948, 494, 4472, 2324, 86, 83, 440, 830, 1063, 1878, C, f, f
834, 544, 4347, 2550, 63, 50, 709, 945, 886, 1391, B, f, f
1659, 1313, 5822, 4257, 82, 99, 448, 509, 754, 3784, B, f, f
1114, 524, 5600, 3577, 80, 73, 546, 854, 956, 2184, C, f, f
770, 607, 3816, 2627, 36, 37, 664, 929, 929, 1602, D2, f, t
1722, 1235, 9021, 8352, 97, 116, 1618, 809, 1161, 5502, B, f, f
1448, 1362, 6708, 5994, 86, 81, 856, 767, 590, 3756, B, f, f
1113, 1176, 4420, 5310, 52, 59, 873, 520, 168, 2740, D1, f, f
545, 272, 2121, 920, 21, 20, 561, 387, 254, 784, C, f, f
1372, 963, 9108, 5994, 90, 74, 2592, 1999, 1703, 1702, A, t, f
192, 104, 624, 432, 24, 27, 110, 134, 49, 361, D2, f, t
961, 612, 3388, 2684, 44, 44, 466, 208, 257, 2161, D2, t, f
1524, 1718, 5100, 6375, 60, 75, 313, 439, 940, 3009, D1, f, f
519, 853, 2210, 4158, 65, 66, 790, 546, 431, 773, B, f, f
380, 191, 2394, 1216, 38, 32, 189, 496, 569, 933, B, f, f
288, 123, 1568, 1092, 98, 84, 223, 252, 158, 846, C, f, f
1901, 1073, 7788, 5723, 60, 59, 198, 145, 259, 7024, C, t, f
91, 36, 732, 434, 12, 14, 228, 52, 223, 256, C, f, f
454, 276, 2075, 1080, 37, 40, 105, 115, 135, 1574, B, t, f
231, 220, 957, 1136, 15, 16, 32, 29, 53, 841, B, t, f
464, 572, 2688, 3519, 56, 69, 260, 91, 291, 1155, B, f, t
991, 1552, 4697, 8526, 77, 98, 414, 207, 1081, 2395, B, f, f
1000, 790, 6853, 6363, 89, 101, 407, 1480, 1332, 3152, C, f, f
330, 128, 1958, 833, 22, 17, 358, 119, 227, 763, D1, f, f
416, 207, 1819, 1425, 17, 15, 521, 177, 144, 709, C, f, f
616, 753, 3504, 5330, 73, 82, 478, 447, 724, 1962, A, f, f
147, 914, 979, 7560, 89, 105, 28, 236, 80, 401, B, f, t
110, 114, 754, 760, 13, 10, 208, 32, 57, 346, C, f, f
35, 63, 132, 243, 3, 3, 5, 8, 19, 93, D1, f, t
712, 363, 3240, 2345, 36, 35, 1114, 414, 777, 648, C, f, f
323, 161, 1829, 1452, 31, 33, 349, 368, 106, 859, B, f, f
714, 418, 4389, 2478, 38, 42, 429, 254, 333, 2799, D1, t, f
8, 20, 40, 134, 2, 2, 3, 6, 3, 25, A, f, f
216, 321, 1360, 2160, 34, 30, 454, 270, 86, 394, C, f, f
1230, 582, 4940, 1922, 65, 62, 301, 83, 394, 3902, B, f, f
651, 804, 2576, 2970, 46, 55, 363, 205, 544, 1365, C, f, f
1274, 2095, 4635, 6750, 98, 125, 1147, 1147, 605, 2548, D1, t, f
584, 498, 2030, 1560, 26, 20, 239, 194, 284, 1383, C, t, f
964, 1452, 5184, 8280, 72, 90, 758, 458, 229, 3421, C, f, f
100, 261, 693, 3366, 77, 66, 84, 146, 71, 381, C, f, f
607, 640, 3234, 3774, 66, 51, 555, 908, 857, 1552, B, f, f
412, 278, 1900, 1386, 38, 22, 395, 347, 119, 703, C, f, f
581, 457, 2371, 1800, 28, 25, 744, 708, 389, 599, A, t, t
875, 474, 6390, 3735, 71, 45, 541, 1388, 237, 3003, A, f, f
1674, 946, 6225, 3720, 83, 93, 762, 666, 889, 3050, B, f, f
964, 1057, 3444, 3772, 84, 82, 688, 688, 223, 1722, C, f, f
346, 564, 950, 3320, 36, 40, 21, 93, 103, 647, D2, t, t
462, 805, 1724, 3060, 56, 51, 252, 98, 70, 1023, A, t, f
1387, 745, 6804, 6612, 81, 76, 1257, 2020, 1212, 2313, B, f, f
224, 119, 1395, 1023, 45, 33, 154, 375, 419, 292, D1, f, f
417, 435, 2046, 2538, 62, 47, 388, 404, 497, 491, B, f, t
1526, 1176, 11011, 11322, 91, 111, 1327, 965, 784, 7993, A, t, f
899, 917, 4144, 5775, 56, 55, 615, 593, 746, 1947, A, f, t
899, 652, 4758, 4425, 61, 59, 270, 110, 350, 3758, D2, f, f
325, 461, 1056, 1620, 32, 30, 111, 81, 54, 718, C, f, f
9, 1, 61, 0, 1, 0, 5, 0, 7, 35, C, t, t
1636, 120, 9300, 0, 100, 0, 1307, 3509, 1858, 2418, B, f, f
1555, 1249, 7665, 10192, 73, 98, 1223, 1048, 1354, 3295, B, f, f
272, 605, 1296, 2964, 54, 57, 147, 280, 225, 518, C, f, f
2394, 1732, 8372, 5382, 92, 78, 1584, 405, 221, 4688, B, f, f
1689, 2369, 7220, 10600, 95, 106, 1048, 1477, 1620, 2454, B, f, f
254, 329, 986, 1450, 23, 25, 183, 31, 144, 596, B, t, f
865, 859, 3936, 3895, 96, 95, 865, 728, 767, 1968, C, f, t
818, 537, 4788, 2891, 63, 59, 759, 1486, 1156, 1484, A, f, f
1064, 484, 5244, 2244, 69, 44, 926, 657, 149, 2254, D1, f, f
293, 166, 1658, 715, 13, 13, 357, 63, 663, 382, D2, t, f
74, 47, 360, 335, 8, 5, 64, 92, 83, 129, D2, f, f
733, 314, 2945, 1352, 31, 26, 420, 345, 240, 1443, C, f, f
1337, 891, 6278, 3871, 73, 79, 823, 715, 1288, 2699, D1, f, f
1808, 1306, 8736, 6545, 84, 77, 386, 431, 443, 7600, C, f, f
1532, 1171, 7900, 6882, 79, 74, 1598, 1090, 799, 4266, C, f, f
687, 364, 3003, 2090, 39, 38, 384, 512, 934, 1171, C, f, f
239, 404, 960, 1350, 48, 30, 93, 142, 137, 470, D1, f, t
953, 443, 5358, 3150, 47, 42, 428, 514, 497, 3643, C, f, f
1540, 1256, 5600, 5358, 100, 114, 604, 756, 1058, 3080, B, f, f
494, 547, 3015, 3886, 67, 58, 390, 314, 119, 1929, B, f, f
731, 1052, 3588, 5796, 69, 92, 633, 400, 439, 2296, B, f, t
1489, 324, 6945, 0, 82, 0, 117, 158, 203, 6493, B, t, f
159, 85, 810, 450, 10, 10, 73, 184, 167, 380, D1, f, f
54, 26, 187, 80, 2, 2, 15, 45, 20, 48, D2, t, f
526, 401, 2148, 1430, 31, 22, 362, 475, 90, 1015, D1, t, f
381, 272, 3003, 2976, 39, 48, 350, 461, 461, 1411, C, f, t
1174, 431, 6489, 3068, 63, 52, 1033, 1186, 497, 2660, B, f, f
1683, 1613, 7150, 9450, 100, 90, 1439, 774, 1439, 3460, C, t, f
2467, 1338, 7453, 4950, 88, 66, 390, 252, 350, 6639, B, t, f
134, 114, 1062, 1300, 21, 20, 215, 222, 235, 408, C, t, t
107, 155, 552, 989, 23, 23, 39, 82, 47, 303, A, f, f
418, 345, 2072, 1580, 28, 20, 396, 564, 336, 870, C, f, f
960, 380, 3622, 1620, 37, 20, 350, 715, 795, 2031, D2, t, f
395, 627, 1848, 2490, 28, 30, 297, 144, 136, 997, C, f, f
98, 117, 385, 472, 7, 8, 76, 35, 49, 215, A, f, f
698, 506, 3085, 2520, 33, 36, 737, 788, 584, 542, C, t, t
710, 267, 5040, 1938, 70, 57, 1368, 327, 208, 2066, C, f, f
990, 619, 4620, 2970, 70, 54, 738, 937, 1278, 1778, C, t, f
47, 127, 230, 896, 10, 14, 46, 32, 49, 110, C, f, f
1343, 934, 6853, 5695, 77, 85, 1369, 296, 1147, 3152, A, f, f
609, 889, 2679, 5220, 87, 58, 381, 508, 619, 1090, B, t, f
250, 211, 1375, 1541, 25, 23, 94, 109, 94, 852, A, f, f
953, 139, 5180, 0, 74, 0, 428, 476, 571, 2797, C, f, f
313, 260, 1846, 1664, 26, 32, 110, 188, 343, 738, D2, f, f
2153, 1169, 8648, 8296, 92, 136, 886, 709, 1312, 5102, C, f, f
555, 232, 3415, 1548, 45, 43, 958, 548, 931, 675, C, t, f
264, 206, 1037, 1240, 17, 20, 256, 264, 124, 259, C, f, f
2163, 1384, 7837, 5460, 75, 60, 1583, 1445, 1170, 4395, B, t, f
585, 555, 3528, 3807, 42, 47, 858, 970, 90, 1270, D1, f, f
981, 563, 3927, 2232, 33, 24, 471, 271, 212, 2748, C, f, f
2084, 1145, 8832, 5734, 96, 94, 1335, 954, 2241, 4062, C, f, f
195, 132, 732, 429, 12, 11, 138, 226, 138, 270, D2, f, f
290, 185, 1352, 884, 26, 26, 176, 79, 292, 743, C, f, t
670, 1032, 2530, 5720, 100, 110, 667, 472, 333, 1140, B, t, t
275, 702, 1530, 4071, 45, 59, 208, 587, 428, 306, C, f, f
937, 915, 4224, 3304, 64, 56, 730, 425, 588, 2196, B, f, f
272, 186, 1597, 2739, 66, 83, 22, 9, 30, 1492, A, t, f
838, 667, 4740, 4266, 79, 54, 917, 611, 142, 2701, B, f, t
687, 382, 2914, 1512, 47, 36, 196, 336, 287, 2214, B, f, f
93, 44, 323, 282, 7, 6, 78, 54, 114, 84, D1, t, t
337, 220, 1518, 1395, 12, 15, 384, 114, 433, 700, D2, t, f
831, 250, 3062, 810, 24, 18, 417, 181, 254, 1245, D1, t, f
973, 631, 3225, 1824, 75, 57, 541, 743, 696, 1677, D1, f, f
129, 89, 516, 384, 6, 6, 140, 109, 122, 211, C, f, f
1004, 498, 4484, 2024, 59, 44, 478, 314, 454, 3318, C, f, f
350, 575, 1702, 2752, 46, 64, 328, 414, 557, 272, D1, f, f
245, 102, 1480, 630, 20, 14, 231, 168, 416, 680, D2, f, f
34, 148, 180, 720, 12, 15, 22, 25, 14, 88, A, f, f
105, 95, 560, 630, 28, 35, 167, 86, 158, 106, A, f, t
40, 24, 140, 86, 2, 1, 10, 10, 15, 67, C, f, f
575, 1081, 3384, 10070, 94, 106, 270, 270, 490, 1692, D1, f, t
679, 479, 2436, 2016, 29, 24, 181, 219, 272, 1680, D2, f, f
440, 390, 2517, 1872, 21, 26, 205, 737, 274, 801, D1, t, t
1332, 864, 6660, 4005, 74, 45, 452, 1358, 825, 3996, D1, f, f
647, 1012, 4464, 7344, 93, 102, 569, 1707, 1707, 669, C, f, f
133, 13, 715, 0, 13, 0, 121, 76, 22, 264, C, f, f
2045, 3481, 7128, 13090, 99, 119, 944, 1284, 1284, 3350, C, f, f
38, 23, 186, 112, 6, 4, 15, 27, 21, 126, C, f, f
211, 167, 1008, 1120, 48, 40, 151, 65, 120, 504, B, f, f
223, 158, 1020, 880, 30, 16, 66, 88, 91, 703, C, f, f
1059, 926, 4628, 4774, 89, 62, 1051, 788, 1018, 1342, D2, f, f
119, 79, 522, 366, 6, 6, 73, 38, 49, 307, B, f, t
351, 150, 1508, 572, 13, 11, 343, 151, 90, 497, D1, f, f
377, 250, 1998, 1700, 27, 17, 134, 548, 243, 779, B, f, f
438, 244, 1820, 1674, 26, 27, 408, 494, 236, 746, B, f, t
650, 268, 3097, 1395, 32, 31, 540, 204, 346, 2077, C, t, f
2357, 1436, 9280, 6480, 80, 72, 1280, 939, 1878, 5011, C, f, f
934, 758, 5183, 3871, 62, 79, 905, 273, 1095, 3077, A, t, f
1137, 414, 5194, 1968, 53, 41, 170, 447, 149, 3064, B, f, t
140, 173, 462, 858, 14, 13, 30, 67, 16, 341, B, f, f
505, 418, 2940, 2448, 42, 34, 545, 17, 562, 1234, B, f, f
478, 333, 1499, 1519, 29, 31, 281, 102, 209, 988, D2, t, f
1074, 848, 3784, 2914, 44, 31, 1102, 678, 402, 1664, C, f, f
773, 466, 4092, 2376, 44, 36, 793, 500, 166, 2005, D1, f, t
584, 210, 4233, 1980, 51, 36, 182, 518, 1188, 1185, A, f, f
189, 163, 1134, 1065, 18, 15, 108, 0, 252, 532, D2, f, f
897, 560, 3104, 3116, 97, 82, 369, 318, 190, 1831, C, f, t
897, 444, 3648, 1496, 76, 88, 310, 595, 409, 2407, C, f, f
986, 952, 4590, 3965, 54, 61, 227, 1010, 505, 2065, B, f, f
2272, 831, 7125, 3600, 79, 48, 363, 726, 436, 4702, D1, t, f
338, 163, 1755, 1215, 45, 27, 94, 42, 99, 1281, B, f, t
1130, 1341, 5012, 5088, 93, 106, 936, 405, 405, 2480, A, t, f
952, 712, 4160, 2820, 65, 47, 784, 255, 682, 2454, D1, f, t
432, 563, 1800, 2782, 25, 26, 315, 144, 243, 900, C, f, f
58, 90, 392, 568, 8, 8, 59, 119, 69, 78, D1, f, f
35, 21, 146, 91, 2, 1, 12, 58, 25, 29, C, f, f
377, 218, 1168, 696, 18, 12, 93, 17, 111, 821, C, t, f
1408, 825, 7695, 4646, 95, 101, 614, 1842, 1096, 3308, C, f, f
1203, 844, 5548, 2970, 73, 45, 499, 1235, 911, 2607, D1, f, f
1687, 1808, 7600, 12305, 76, 107, 1896, 1824, 620, 3952, B, f, f
641, 494, 3491, 3108, 46, 42, 859, 466, 1153, 1036, B, t, t
1634, 764, 8930, 4680, 95, 65, 1123, 661, 1024, 5625, A, f, t
692, 288, 2862, 1092, 54, 42, 248, 144, 168, 2060, D2, f, f
544, 444, 2820, 3096, 47, 43, 271, 104, 354, 1776, C, f, f
574, 232, 3960, 2130, 45, 30, 1241, 675, 631, 1782, C, f, f
170, 153, 1102, 1566, 19, 27, 30, 0, 97, 495, B, f, f
393, 869, 1818, 6006, 57, 77, 193, 105, 61, 939, C, t, t
226, 160, 840, 768, 10, 8, 174, 349, 168, 168, D1, f, t
175, 282, 680, 1189, 34, 41, 101, 232, 126, 258, D1, f, f
1688, 1166, 6164, 6270, 92, 95, 907, 623, 737, 3328, C, f, f
273, 114, 1007, 315, 19, 15, 164, 179, 188, 523, D2, f, f
689, 678, 3993, 3740, 55, 55, 493, 252, 115, 2942, B, t, f
806, 686, 4690, 3216, 67, 67, 866, 1238, 1197, 562, D1, f, f
33, 8, 150, 40, 2, 1, 15, 27, 23, 96, B, f, t
62, 42, 228, 171, 4, 3, 5, 39, 10, 119, D2, t, t
694, 292, 3449, 1829, 64, 59, 316, 273, 432, 2009, D1, t, f
169, 268, 990, 1700, 18, 25, 187, 99, 128, 405, A, f, f
414, 207, 1827, 1541, 29, 23, 63, 96, 134, 1406, D1, f, t
473, 464, 3480, 4094, 40, 46, 1288, 360, 1004, 904, B, f, f
603, 278, 3410, 2014, 50, 53, 189, 167, 193, 3038, C, t, t
205, 827, 1337, 7654, 64, 86, 313, 114, 323, 293, B, t, f
1106, 924, 4896, 4838, 48, 59, 1441, 1222, 1472, 1762, D1, f, t
204, 137, 980, 684, 10, 9, 160, 108, 112, 578, C, f, f
853, 909, 4028, 3328, 53, 64, 520, 520, 1397, 1288, B, f, t
100, 48, 370, 279, 5, 3, 31, 32, 39, 229, D1, f, f
546, 604, 2442, 3200, 33, 40, 404, 494, 517, 1318, B, f, f
1469, 1699, 7100, 7920, 100, 99, 824, 397, 1465, 4046, C, f, f
407, 407, 2132, 1885, 41, 29, 364, 150, 201, 874, D1, f, t
1198, 969, 5934, 5194, 69, 53, 270, 789, 879, 3679, B, f, f
445, 409, 1978, 1887, 46, 37, 501, 617, 527, 692, C, f, f
419, 407, 4420, 4278, 52, 69, 1089, 976, 150, 663, A, f, f
239, 63, 1100, 320, 10, 8, 277, 87, 158, 308, C, f, f
159, 214, 990, 1260, 15, 15, 205, 141, 217, 402, C, t, f
230, 132, 1184, 572, 16, 11, 78, 170, 70, 769, B, f, f
1522, 1298, 5041, 5544, 71, 56, 463, 272, 263, 4133, D2, f, f
798, 393, 4641, 2664, 51, 37, 861, 1372, 511, 1949, C, f, f
115, 300, 510, 1628, 29, 37, 49, 31, 16, 369, C, t, t
565, 197, 2418, 1248, 31, 26, 319, 271, 670, 822, B, f, t
1416, 1044, 7656, 5440, 88, 80, 463, 842, 336, 3445, B, f, f
126, 268, 697, 1615, 17, 17, 95, 34, 85, 355, B, f, t
1201, 661, 5696, 2828, 89, 101, 44, 755, 866, 3474, C, f, f
1105, 1561, 4314, 5778, 74, 107, 234, 126, 576, 2514, A, t, f
11, 2, 62, 0, 1, 0, 3, 4, 5, 47, D1, f, f
361, 664, 1512, 3618, 56, 67, 70, 112, 168, 1043, B, f, f
1061, 561, 4280, 2139, 40, 31, 981, 822, 371, 1626, B, f, t
934, 1060, 4189, 5925, 59, 79, 716, 859, 740, 1801, A, f, f
518, 345, 2592, 2581, 96, 89, 300, 373, 269, 1555, C, f, f
789, 559, 5935, 4440, 76, 74, 1042, 1108, 1564, 2676, C, t, f
405, 350, 1710, 1386, 18, 18, 380, 190, 326, 803, C, f, f
1253, 697, 4840, 4200, 88, 75, 456, 496, 99, 2855, D1, f, f
1699, 1539, 6365, 6160, 95, 77, 1204, 848, 1122, 3628, A, f, t
740, 864, 2997, 5328, 81, 72, 373, 270, 631, 1708, C, f, f
1824, 965, 8944, 3360, 86, 70, 1602, 2504, 1703, 3935, A, f, f
583, 368, 3432, 3599, 66, 61, 298, 422, 195, 2402, A, f, t
956, 507, 6552, 4760, 72, 70, 1342, 1635, 1384, 2358, C, f, f
36, 13, 150, 68, 2, 1, 24, 18, 30, 75, C, f, f
542, 336, 2888, 1782, 38, 33, 376, 582, 351, 1675, D1, f, f
801, 838, 3060, 4802, 85, 98, 126, 159, 71, 2509, D1, f, f
738, 365, 3990, 3055, 35, 47, 664, 538, 574, 2194, A, f, t
296, 138, 2904, 1830, 33, 30, 793, 407, 657, 638, D1, f, f
1421, 1554, 6432, 8200, 96, 100, 551, 301, 652, 3923, B, f, f
805, 465, 3816, 2618, 72, 77, 517, 608, 563, 1564, A, f, f
461, 282, 1760, 1302, 22, 14, 220, 327, 247, 1091, C, f, f
1085, 820, 6912, 7544, 96, 92, 1175, 1437, 1742, 2557, D1, f, t
546, 453, 3034, 3256, 41, 37, 482, 154, 227, 2123, D1, f, t
661, 522, 2700, 2240, 45, 40, 243, 209, 148, 2025, D2, f, f
562, 400, 2478, 3840, 59, 60, 136, 210, 199, 1908, B, f, f
528, 521, 3479, 4941, 71, 61, 132, 92, 595, 2156, C, f, f
1036, 757, 4845, 3750, 85, 75, 534, 557, 156, 2616, D1, f, f
675, 606, 3200, 2484, 50, 46, 662, 507, 640, 992, C, f, f
98, 123, 464, 801, 8, 9, 13, 32, 72, 194, A, f, f
900, 754, 4392, 4350, 72, 87, 615, 645, 307, 2854, A, f, t
536, 203, 1875, 525, 31, 21, 172, 331, 121, 1237, C, t, t
1049, 644, 7776, 5170, 96, 94, 983, 1154, 299, 3499, A, f, f
230, 247, 1140, 1825, 19, 25, 56, 108, 203, 706, D2, f, f
1137, 1320, 4410, 5110, 70, 70, 355, 1367, 437, 1675, D1, f, f
149, 150, 1140, 1387, 17, 19, 137, 147, 142, 613, B, t, t
202, 145, 1349, 1152, 19, 18, 18, 510, 283, 404, D1, f, f
835, 559, 3517, 2201, 41, 31, 270, 365, 459, 2165, C, t, t
501, 496, 2240, 2660, 32, 35, 288, 422, 340, 1209, D2, f, f
346, 378, 1749, 3104, 33, 32, 246, 95, 140, 1189, B, f, f
862, 458, 3253, 1653, 51, 57, 571, 178, 553, 1466, D2, t, f
726, 612, 3528, 3476, 49, 44, 46, 528, 481, 1975, D2, f, f
1253, 766, 6177, 6111, 87, 97, 1448, 1531, 1696, 2038, C, f, f
473, 295, 2800, 1558, 40, 38, 304, 269, 278, 1931, B, f, f
940, 1288, 3360, 5044, 84, 97, 120, 262, 110, 2352, C, f, f
1284, 1021, 6237, 5180, 81, 74, 437, 875, 1279, 2869, D1, f, t
1093, 866, 6100, 4992, 59, 48, 636, 788, 585, 3556, D1, t, f
1911, 1562, 7998, 6468, 86, 84, 1419, 2441, 2044, 2319, C, f, f
164, 117, 565, 555, 5, 5, 68, 49, 43, 350, D2, f, f
612, 664, 2479, 3380, 67, 52, 278, 253, 360, 1660, D1, f, f
824, 342, 3008, 1488, 32, 24, 149, 86, 192, 2526, C, f, f
126, 211, 532, 990, 19, 18, 68, 61, 54, 356, D1, f, f
609, 488, 2449, 2232, 31, 36, 612, 624, 324, 1200, C, f, t
731, 743, 3420, 2905, 36, 35, 157, 676, 456, 1846, C, f, f
736, 571, 4187, 4482, 53, 54, 1062, 497, 700, 1926, B, f, f
1275, 760, 5772, 3880, 78, 97, 368, 485, 267, 4098, D1, f, f
576, 463, 2128, 1881, 38, 33, 215, 199, 282, 1298, B, f, f
516, 811, 3040, 8134, 76, 83, 620, 766, 601, 1216, B, f, f
1874, 1655, 6624, 7650, 96, 90, 250, 500, 500, 4835, B, f, f
4, 0, 43, 0, 1, 0, 5, 6, 2, 11, C, f, f
1788, 1813, 9917, 9612, 98, 108, 1381, 511, 1842, 4799, A, t, f
81, 41, 285, 120, 3, 2, 36, 25, 34, 159, D2, f, f
504, 341, 3213, 3640, 63, 70, 510, 425, 493, 1510, C, f, t
1089, 553, 6642, 6111, 82, 63, 1227, 1041, 1488, 2922, C, f, f
159, 180, 610, 854, 10, 14, 83, 61, 83, 372, D1, f, f
418, 506, 1876, 3268, 28, 38, 271, 222, 180, 1181, C, f, t
108, 191, 532, 1040, 19, 16, 40, 40, 55, 340, D1, f, f
787, 871, 2650, 2430, 50, 45, 402, 192, 245, 1775, B, f, f
593, 30, 3722, 0, 72, 0, 808, 1709, 1150, 613, B, t, t
449, 787, 2204, 3828, 76, 58, 402, 452, 150, 528, D1, f, f
29, 52, 258, 497, 6, 7, 78, 105, 64, 67, A, f, f
800, 859, 2695, 2496, 49, 48, 497, 182, 339, 1481, D2, t, t
456, 343, 2304, 3021, 48, 53, 515, 395, 191, 1105, C, f, f
371, 342, 1672, 1344, 22, 28, 200, 128, 208, 869, D1, f, f
549, 677, 4263, 5917, 87, 97, 1150, 908, 1059, 1236, C, f, f
1220, 805, 5840, 4930, 80, 58, 506, 446, 685, 2861, C, f, f
45, 41, 297, 492, 6, 6, 54, 3, 34, 133, D2, t, f
988, 608, 4804, 2516, 48, 34, 468, 556, 404, 3539, D1, t, f
909, 504, 4217, 2205, 71, 63, 938, 500, 583, 2132, D1, t, t
1671, 829, 5984, 2460, 68, 60, 1112, 556, 864, 2895, B, t, f
552, 765, 2668, 3328, 46, 52, 376, 354, 509, 453, D1, f, f
342, 539, 2046, 2664, 30, 37, 496, 620, 542, 495, C, t, f
442, 467, 1813, 3024, 49, 42, 165, 413, 785, 435, A, f, f
538, 332, 1568, 1188, 23, 22, 20, 62, 58, 1413, C, t, f
1041, 740, 4598, 3212, 76, 73, 353, 123, 530, 2831, C, t, f
1004, 528, 4717, 1764, 53, 36, 403, 672, 510, 2028, A, f, t
88, 160, 378, 732, 18, 12, 47, 15, 33, 245, D1, f, f
926, 543, 5940, 5684, 99, 98, 608, 1102, 1482, 2138, D1, f, f
208, 92, 1058, 504, 13, 14, 29, 37, 46, 918, B, t, f
1973, 943, 7800, 4116, 100, 98, 1173, 989, 623, 4134, B, f, t
310, 701, 1825, 6468, 73, 77, 319, 191, 273, 912, B, f, f
346, 766, 2370, 8415, 79, 99, 417, 292, 156, 1327, C, f, f
393, 464, 2520, 3239, 36, 41, 517, 421, 258, 1159, C, f, f
1341, 564, 5100, 2014, 60, 53, 592, 358, 220, 3723, A, f, f
165, 226, 702, 1184, 18, 16, 66, 71, 100, 463, C, f, t
1031, 2414, 3696, 7626, 88, 93, 527, 961, 716, 1811, D1, f, f
5, 0, 22, 0, 1, 0, 0, 1, 1, 17, D1, t, t
730, 794, 4840, 5246, 55, 61, 1142, 1113, 828, 1984, A, f, f
1883, 928, 7476, 4653, 89, 99, 1995, 1040, 997, 3139, B, f, t
2171, 2093, 6451, 7280, 85, 80, 158, 465, 180, 5392, D1, t, f
517, 294, 2639, 2090, 29, 22, 418, 418, 23, 1477, C, f, t
358, 103, 1755, 470, 15, 10, 471, 540, 442, 772, D1, f, t
1407, 977, 7410, 4687, 95, 109, 2223, 2134, 2000, 2964, C, f, f
220, 469, 1140, 2580, 30, 30, 175, 39, 175, 490, B, f, f
973, 1185, 3290, 4590, 47, 45, 173, 7, 237, 2500, D1, f, t
39, 44, 189, 237, 3, 3, 30, 46, 19, 94, D1, f, t
870, 776, 4582, 4941, 79, 61, 481, 481, 412, 3207, C, f, f
1063, 914, 6608, 6723, 59, 83, 1340, 1031, 567, 4030, B, f, f
1339, 716, 5273, 2350, 47, 47, 485, 393, 335, 4117, B, t, f
1632, 1647, 7128, 8184, 88, 124, 884, 596, 353, 4918, D1, f, f
743, 531, 3996, 4240, 54, 53, 307, 278, 537, 3036, D1, f, f
163, 59, 605, 384, 5, 4, 65, 35, 44, 308, C, f, f
425, 681, 2376, 3996, 66, 74, 204, 292, 360, 1401, D1, f, f
538, 348, 3737, 2848, 37, 32, 888, 912, 419, 1270, B, f, f
843, 287, 3666, 1775, 39, 25, 682, 682, 594, 1466, D1, f, f
180, 109, 651, 546, 7, 7, 79, 81, 0, 442, C, f, f
744, 314, 3780, 2100, 35, 28, 156, 252, 95, 2910, C, f, f
1349, 909, 5336, 3920, 58, 49, 243, 973, 699, 2294, C, f, t
156, 149, 1188, 1080, 18, 20, 256, 108, 159, 617, C, f, f
605, 340, 3626, 2430, 74, 54, 632, 1204, 812, 616, D1, f, t
1705, 243, 6768, 0, 94, 0, 379, 739, 739, 4872, B, f, f
356, 321, 1848, 3128, 42, 46, 341, 270, 683, 425, C, f, f
553, 348, 2840, 1715, 40, 35, 417, 318, 139, 1846, B, f, f
1802, 871, 9152, 3552, 88, 74, 2998, 1787, 2421, 3386, A, f, f
553, 81, 2733, 0, 35, 0, 488, 277, 333, 1622, D1, t, t
946, 820, 5035, 4650, 53, 62, 916, 1335, 811, 2416, D1, f, f
69, 28, 287, 112, 7, 7, 47, 43, 25, 152, D1, f, f
1249, 957, 4560, 3392, 38, 32, 459, 591, 788, 2918, D1, f, f
92, 60, 360, 306, 4, 3, 9, 40, 38, 273, C, f, f
669, 471, 2666, 1530, 31, 30, 674, 316, 737, 559, D2, f, t
634, 349, 2745, 1537, 78, 53, 183, 246, 309, 2113, C, t, f
1133, 816, 5964, 4221, 84, 63, 1043, 387, 1133, 2982, D1, f, f
519, 467, 2856, 2703, 51, 51, 425, 589, 342, 1485, C, f, f
166, 135, 560, 420, 8, 6, 127, 122, 77, 319, C, f, f
180, 110, 1225, 1161, 35, 27, 210, 79, 247, 698, B, f, f
869, 866, 4346, 5494, 82, 82, 369, 391, 825, 2173, B, f, f
1287, 436, 5254, 2183, 71, 59, 838, 1184, 404, 2364, B, f, f
248, 211, 1152, 1020, 16, 20, 40, 288, 162, 645, B, f, f
1487, 503, 5490, 2268, 61, 42, 406, 492, 385, 3348, C, f, t
216, 624, 900, 3024, 39, 54, 164, 71, 185, 386, A, t, f
766, 575, 2464, 3328, 40, 52, 77, 175, 73, 1977, A, t, f
1029, 621, 5852, 3922, 76, 74, 1359, 442, 1422, 2691, C, f, t
696, 957, 3416, 5160, 56, 60, 947, 1014, 608, 1161, A, f, f
252, 68, 1005, 350, 15, 7, 160, 213, 53, 412, D1, f, f
963, 1710, 3465, 5904, 55, 72, 188, 266, 232, 2356, C, f, f
331, 145, 1840, 832, 23, 26, 143, 88, 529, 736, A, f, f
134, 100, 630, 387, 9, 9, 145, 87, 116, 214, B, f, f
218, 465, 1242, 2233, 27, 29, 261, 250, 313, 198, C, f, f
1256, 1231, 4643, 4794, 63, 47, 483, 369, 127, 3370, B, t, f
1707, 1668, 6804, 5848, 81, 68, 883, 1043, 923, 2789, D1, f, f
871, 539, 5319, 3120, 62, 48, 515, 932, 539, 2866, C, t, t
1008, 922, 3864, 2844, 42, 36, 226, 421, 452, 2357, B, f, f
7, 14, 30, 49, 1, 1, 8, 5, 8, 5, C, t, f
567, 461, 4085, 9625, 95, 125, 308, 120, 420, 3227, A, f, f
1469, 713, 9360, 5292, 78, 84, 1112, 1235, 988, 6271, C, f, f
173, 160, 756, 936, 12, 13, 34, 50, 13, 604, B, f, f
1063, 646, 6952, 6076, 88, 62, 1537, 1816, 419, 2294, B, f, f
1048, 746, 4992, 4221, 96, 67, 923, 449, 1023, 2496, C, f, f
425, 433, 1540, 1869, 70, 89, 191, 274, 266, 708, A, f, f
703, 720, 3780, 4240, 45, 53, 648, 648, 416, 2116, C, f, f
685, 585, 2432, 2560, 32, 32, 550, 155, 606, 1021, D1, f, f
2210, 1615, 8600, 8466, 100, 83, 510, 737, 823, 5762, D1, f, f
912, 1304, 4752, 7470, 72, 83, 937, 1157, 1185, 1995, C, f, t
38, 21, 182, 81, 2, 1, 8, 11, 33, 96, D1, f, t
299, 317, 1682, 2816, 29, 32, 155, 63, 55, 1311, C, f, t
56, 59, 341, 570, 11, 10, 52, 8, 36, 221, C, f, t
63, 71, 350, 546, 7, 6, 42, 71, 107, 112, C, f, f
1155, 1079, 4898, 5628, 62, 67, 1111, 1810, 1481, 783, D2, f, f
1248, 949, 7176, 5400, 92, 90, 994, 236, 1326, 2439, A, f, f
2263, 2086, 6905, 7448, 86, 98, 261, 557, 766, 5164, D1, t, f
1548, 781, 7821, 4508, 79, 92, 877, 516, 602, 6100, B, f, f
1260, 1671, 4982, 7738, 94, 106, 1014, 479, 295, 3138, D1, f, f
654, 588, 4576, 6608, 88, 112, 762, 542, 609, 2882, A, f, f
1355, 1215, 7700, 7254, 100, 78, 1626, 1330, 2414, 2772, C, f, f
1253, 1098, 8415, 7760, 85, 80, 2310, 2464, 2515, 3281, C, f, f
635, 867, 2997, 7533, 81, 93, 71, 474, 316, 1558, D1, f, t
83, 78, 385, 510, 5, 6, 38, 28, 34, 300, B, f, f
666, 327, 3700, 2035, 50, 37, 629, 740, 703, 1850, C, f, f
57, 29, 260, 164, 4, 4, 24, 43, 56, 85, C, f, f
1312, 826, 4573, 3280, 63, 41, 361, 320, 250, 3570, A, t, f
192, 136, 784, 705, 16, 15, 158, 98, 120, 431, C, f, f
237, 198, 1440, 1260, 18, 20, 205, 316, 293, 648, D2, f, f
658, 402, 4068, 4130, 36, 35, 250, 1539, 787, 488, B, f, f
1441, 698, 4188, 3168, 32, 33, 218, 489, 334, 2901, D1, t, f
836, 372, 5104, 3555, 80, 79, 776, 612, 517, 2750, C, t, f
1471, 129, 5772, 0, 74, 0, 1365, 635, 1270, 2597, D1, f, f
56, 26, 232, 102, 4, 3, 36, 20, 22, 129, D1, f, f
15, 1, 75, 0, 1, 0, 11, 6, 17, 34, D2, f, f
320, 230, 1920, 1650, 30, 33, 216, 159, 212, 1478, C, f, t
360, 321, 2379, 2262, 21, 26, 267, 120, 345, 1516, A, t, t
947, 386, 4620, 1323, 42, 27, 570, 1381, 1351, 1617, C, f, f
1053, 930, 4680, 4410, 65, 70, 514, 746, 1003, 2106, D1, f, f
2409, 1446, 10476, 9312, 97, 97, 660, 691, 1382, 7333, C, f, f
726, 486, 3040, 2400, 76, 48, 146, 95, 274, 2401, D1, f, f
328, 346, 1225, 1365, 35, 39, 62, 58, 141, 833, D1, f, f
119, 149, 658, 930, 14, 15, 105, 57, 52, 407, B, f, f
2095, 1759, 7380, 6160, 82, 88, 371, 1611, 2066, 3247, D2, f, f
804, 555, 3256, 2352, 44, 42, 504, 588, 308, 1855, C, f, f
873, 729, 5460, 5159, 91, 77, 1397, 698, 873, 1092, C, f, f
105, 61, 729, 768, 27, 16, 71, 69, 48, 473, D1, f, f
667, 1089, 2226, 3075, 42, 41, 545, 200, 500, 1113, D1, f, f
414, 289, 2960, 3096, 37, 36, 331, 47, 142, 1776, B, f, f
335, 304, 1836, 1449, 18, 23, 177, 324, 544, 789, D1, f, f
938, 1514, 4941, 8428, 81, 98, 385, 148, 1037, 1976, C, f, f
940, 1114, 5141, 7130, 97, 115, 241, 1039, 676, 2724, D2, f, f
934, 424, 5220, 3328, 90, 64, 825, 505, 266, 2557, C, f, t
1087, 917, 5648, 4368, 79, 56, 803, 624, 558, 3416, B, t, f
1685, 878, 8512, 6660, 76, 90, 1549, 1593, 752, 4085, D1, f, f
773, 825, 3906, 5369, 63, 59, 314, 1162, 48, 1484, C, f, f
196, 141, 999, 790, 9, 10, 431, 273, 257, 169, D2, f, t
377, 326, 3280, 2915, 40, 55, 767, 810, 874, 1148, B, f, f
730, 913, 3256, 4350, 80, 87, 706, 285, 655, 1575, D1, t, f
887, 621, 3440, 2703, 80, 51, 490, 938, 127, 1307, D1, f, f
754, 539, 4264, 2900, 52, 50, 56, 295, 70, 2856, B, f, t
671, 1155, 2750, 5917, 55, 61, 354, 231, 400, 1210, B, f, f
233, 125, 1216, 576, 16, 12, 345, 155, 49, 510, C, f, f
103, 15, 438, 0, 19, 0, 66, 28, 46, 312, C, t, f
240, 267, 1082, 1150, 24, 25, 93, 151, 69, 737, C, t, f
2508, 803, 11300, 3550, 100, 71, 1410, 1627, 1735, 5876, D1, f, f
516, 387, 2460, 1980, 30, 30, 381, 344, 356, 1230, B, f, t
25, 9, 134, 36, 2, 1, 38, 29, 25, 53, A, f, f
173, 268, 862, 1358, 16, 14, 169, 214, 155, 123, B, t, t
212, 141, 1173, 935, 17, 17, 150, 92, 3, 832, D1, f, t
657, 679, 3102, 5226, 94, 78, 943, 895, 677, 682, D1, f, t
1181, 1155, 4410, 4730, 70, 86, 352, 240, 537, 2557, A, f, t
1264, 1096, 4884, 5037, 66, 69, 981, 600, 480, 2881, D2, f, f
220, 435, 1530, 3304, 51, 59, 118, 500, 315, 214, C, f, f
315, 316, 1500, 1710, 20, 18, 270, 150, 135, 750, B, f, f
229, 455, 987, 2000, 47, 40, 117, 45, 101, 720, B, f, t
123, 129, 495, 754, 15, 13, 93, 121, 30, 242, D1, f, f
1177, 1304, 8298, 9324, 92, 111, 1753, 1184, 1516, 3559, B, t, f
1961, 1967, 6370, 6889, 65, 83, 462, 126, 280, 4968, B, f, f
1173, 1110, 5841, 6076, 59, 62, 1116, 658, 1316, 2978, B, f, f
1841, 906, 6555, 3180, 69, 60, 639, 434, 1099, 3998, D1, f, t
1402, 863, 5700, 4316, 75, 52, 1459, 948, 583, 2052, B, f, t
370, 129, 1824, 435, 24, 15, 158, 489, 73, 601, B, f, f
88, 92, 369, 440, 9, 11, 76, 47, 63, 143, C, f, t
430, 821, 3120, 6643, 78, 73, 818, 895, 742, 561, C, f, f
1626, 1297, 6695, 4980, 65, 60, 2796, 2213, 815, 870, D2, f, f
1148, 1692, 4929, 7138, 93, 86, 365, 674, 477, 2119, B, f, f
203, 202, 1410, 1691, 30, 19, 121, 259, 218, 902, B, f, f
56, 204, 286, 1170, 22, 18, 37, 4, 44, 131, C, f, f
2340, 3003, 9583, 12546, 99, 123, 2475, 1753, 2372, 4426, C, t, f
580, 523, 2200, 2170, 40, 31, 332, 73, 221, 968, A, f, f
1072, 1043, 3648, 3770, 96, 130, 151, 35, 128, 3064, D1, f, f
971, 835, 4455, 4896, 55, 72, 278, 579, 440, 2138, B, f, t
865, 575, 2662, 2054, 22, 26, 260, 344, 195, 1730, D1, f, f
15, 9, 122, 120, 2, 2, 30, 14, 41, 43, B, f, f
761, 290, 4674, 2860, 82, 55, 586, 293, 319, 2009, B, f, f
994, 717, 5292, 3456, 63, 54, 555, 666, 666, 3069, B, f, f
751, 734, 5254, 5840, 74, 80, 509, 1108, 1317, 2259, C, f, f
854, 679, 4428, 4056, 54, 52, 41, 916, 1082, 2346, C, f, f
547, 1012, 3200, 8000, 100, 125, 299, 199, 262, 1952, C, f, f
626, 439, 2747, 3111, 41, 51, 712, 118, 613, 769, C, f, f
8, 9, 41, 51, 1, 1, 8, 2, 5, 20, C, f, t
40, 25, 228, 195, 4, 3, 67, 41, 46, 63, A, f, f
1085, 617, 5742, 4687, 99, 109, 847, 541, 777, 3387, D2, f, f
1335, 1387, 5450, 5428, 50, 59, 839, 929, 659, 2452, D2, f, f
531, 975, 2136, 5368, 89, 88, 324, 131, 183, 1260, C, f, t
8, 0, 68, 0, 1, 0, 18, 19, 14, 18, B, f, f
1226, 773, 5332, 4270, 62, 70, 853, 597, 447, 3199, C, f, f
973, 452, 4505, 2052, 53, 36, 559, 1289, 1070, 2072, D2, f, t
783, 759, 3916, 5192, 89, 118, 258, 352, 822, 1566, C, f, f
2261, 1298, 9384, 4875, 92, 75, 719, 2989, 276, 3847, B, f, f
1346, 1101, 6091, 5925, 78, 75, 1505, 836, 1070, 2746, C, t, f
1100, 882, 6794, 8428, 86, 86, 2067, 2226, 1007, 1494, D1, f, f
471, 638, 2106, 2565, 26, 27, 432, 672, 208, 505, D2, f, f
551, 95, 2772, 0, 66, 0, 137, 352, 309, 1912, B, f, f
81, 65, 320, 315, 8, 7, 117, 26, 76, 80, C, f, f
1399, 1333, 4760, 4615, 56, 71, 613, 1253, 1119, 2094, D1, f, f
24, 48, 138, 306, 6, 6, 25, 39, 28, 28, A, t, f
112, 273, 756, 2376, 42, 33, 80, 161, 34, 446, C, f, t
842, 345, 5106, 2961, 69, 47, 344, 766, 1149, 1276, B, f, f
106, 42, 558, 200, 6, 4, 41, 72, 83, 279, A, f, t
666, 544, 3723, 3306, 73, 58, 381, 565, 242, 2568, D1, f, f
1566, 935, 6048, 3380, 72, 52, 1760, 687, 257, 1753, B, f, f
157, 183, 650, 864, 13, 12, 174, 95, 139, 214, D2, f, f
1518, 1759, 6075, 8904, 75, 84, 401, 583, 565, 4252, D1, f, t
455, 458, 2232, 3953, 62, 67, 273, 40, 418, 1428, B, f, f
480, 210, 2438, 1064, 23, 19, 162, 95, 112, 1877, D1, f, f
532, 1192, 2378, 6188, 58, 68, 99, 241, 229, 1759, B, f, f
211, 153, 882, 620, 9, 10, 5, 92, 103, 617, D2, f, f
1382, 1398, 5236, 8640, 85, 120, 777, 1060, 612, 2879, D1, t, t
118, 55, 702, 392, 9, 8, 129, 129, 108, 184, B, t, t
673, 1018, 2916, 4180, 36, 44, 385, 485, 300, 1487, A, f, f
1167, 1286, 4340, 4081, 62, 77, 885, 575, 177, 2126, D1, f, f
708, 961, 3162, 4602, 62, 78, 465, 625, 523, 1707, C, f, f
455, 650, 2268, 2788, 27, 34, 602, 254, 682, 929, C, f, f
278, 159, 2200, 1092, 25, 14, 299, 277, 144, 1089, B, t, t
579, 254, 3195, 1666, 35, 34, 273, 182, 310, 2283, D1, t, f
291, 414, 1350, 1971, 25, 27, 119, 59, 68, 891, B, f, f
1145, 1185, 4374, 6210, 81, 115, 432, 382, 365, 2711, D2, f, f
1054, 865, 6240, 7104, 80, 96, 1408, 951, 1294, 2433, C, f, t
709, 1055, 4828, 6806, 71, 82, 1034, 608, 760, 1786, A, f, t
467, 321, 2125, 1633, 85, 71, 216, 82, 191, 1487, B, f, f
642, 1025, 2592, 3355, 54, 61, 594, 578, 562, 984, B, f, f
186, 283, 960, 1702, 32, 46, 139, 196, 158, 326, D1, f, f
463, 585, 2560, 3060, 64, 45, 441, 883, 371, 793, C, f, f
619, 632, 3024, 5368, 63, 88, 491, 747, 570, 1058, D2, f, f
2164, 1336, 9416, 4920, 80, 82, 1024, 1553, 1454, 6110, D2, t, f
570, 247, 2340, 1184, 26, 32, 629, 458, 524, 1029, B, f, f
180, 67, 768, 256, 12, 8, 152, 173, 76, 345, D2, f, f
129, 264, 783, 2275, 27, 35, 41, 48, 82, 438, B, f, t
1160, 1062, 5703, 5810, 61, 70, 172, 1238, 979, 2822, C, t, f
332, 357, 1476, 1632, 18, 17, 288, 401, 502, 221, D1, f, f
614, 455, 6144, 5964, 96, 71, 817, 1935, 817, 1843, B, f, t
327, 218, 1260, 900, 21, 18, 128, 136, 162, 882, D1, f, t
344, 227, 1332, 1332, 18, 18, 251, 120, 153, 785, B, f, f
1431, 672, 6308, 4256, 76, 76, 1289, 1473, 1703, 1703, B, f, f
131, 189, 640, 1804, 40, 44, 64, 67, 80, 486, B, f, t
1372, 989, 6762, 6984, 69, 97, 963, 963, 1387, 2907, A, f, f
177, 391, 841, 1836, 15, 18, 115, 155, 101, 480, D1, t, t
189, 141, 814, 702, 11, 9, 108, 60, 102, 512, B, f, f
1026, 573, 4382, 2990, 48, 65, 309, 457, 269, 3036, D1, t, t
1389, 713, 6650, 4500, 70, 50, 1187, 1458, 0, 3258, D1, f, f
1865, 1514, 7707, 6480, 91, 90, 917, 838, 445, 5086, C, t, f
701, 478, 6156, 5184, 81, 54, 862, 1551, 34, 2708, B, f, f
644, 894, 2944, 3502, 32, 34, 501, 815, 585, 853, D1, f, t
38, 38, 330, 336, 6, 6, 39, 55, 49, 158, B, f, f
163, 89, 1504, 1176, 36, 28, 189, 215, 318, 644, A, t, f
424, 209, 1880, 780, 20, 15, 306, 91, 364, 1052, A, f, f
2132, 1368, 7304, 4104, 83, 57, 347, 757, 818, 5258, D1, f, f
793, 635, 5025, 3784, 67, 44, 373, 249, 249, 1909, B, f, f
394, 510, 2596, 5220, 44, 58, 217, 424, 473, 1609, C, f, t
131, 107, 683, 477, 9, 9, 86, 89, 31, 337, A, t, f
77, 59, 360, 256, 6, 4, 27, 16, 50, 230, B, f, f
606, 238, 3078, 1369, 54, 37, 1028, 562, 310, 1138, D1, f, f
1203, 1080, 5520, 5642, 60, 62, 602, 695, 695, 3201, D1, f, f
1301, 339, 5760, 1786, 72, 47, 170, 341, 341, 1497, B, f, t
357, 294, 1581, 1488, 17, 16, 91, 87, 136, 1201, B, f, t
220, 216, 826, 656, 14, 8, 68, 66, 53, 636, C, f, f
74, 45, 316, 267, 4, 3, 65, 67, 51, 82, D2, f, f
1642, 743, 8132, 5152, 76, 92, 2709, 497, 2433, 2602, B, f, t
84, 52, 432, 306, 8, 9, 104, 88, 57, 194, C, f, f
765, 560, 3075, 2656, 41, 32, 171, 429, 200, 2121, B, f, t
226, 87, 792, 511, 8, 7, 34, 26, 14, 681, D2, f, f
897, 593, 3159, 2745, 39, 45, 392, 523, 319, 1705, D1, f, f
681, 443, 5202, 4187, 51, 53, 1412, 1258, 736, 2132, C, f, t
754, 414, 4899, 2880, 69, 48, 1239, 1014, 901, 2645, C, f, f
1235, 943, 4560, 3312, 48, 48, 436, 529, 291, 3237, D1, f, f
808, 781, 3927, 4345, 51, 55, 433, 150, 282, 2984, D1, f, t
967, 1199, 3999, 4788, 93, 133, 626, 580, 348, 1679, D1, f, f
638, 567, 3102, 2450, 47, 50, 268, 871, 720, 1426, C, f, t
339, 479, 2068, 3276, 47, 52, 405, 301, 394, 909, B, f, f
328, 242, 1275, 784, 17, 14, 155, 155, 57, 867, B, f, t
535, 638, 3008, 4402, 64, 62, 313, 516, 406, 1443, C, f, f
351, 264, 1820, 1875, 35, 25, 175, 256, 74, 1146, A, f, t
266, 105, 2660, 1764, 38, 36, 223, 875, 726, 798, B, f, f
1316, 599, 8075, 4524, 85, 78, 1288, 2117, 1334, 3472, A, f, f
29, 16, 134, 146, 2, 2, 4, 1, 3, 119, B, t, f
468, 400, 2368, 2225, 37, 25, 369, 160, 381, 1136, C, f, f
416, 276, 2541, 2328, 33, 24, 512, 569, 156, 1118, C, f, f
273, 205, 1680, 1479, 15, 17, 258, 86, 364, 722, B, f, f
971, 408, 3640, 1920, 56, 30, 454, 548, 829, 2074, C, f, f
1223, 1164, 4278, 6080, 69, 95, 218, 552, 712, 2823, C, f, f
181, 169, 1140, 1144, 20, 22, 243, 403, 146, 444, C, f, t
209, 149, 960, 806, 10, 13, 137, 157, 210, 556, A, f, f
2103, 1050, 9434, 7030, 89, 95, 497, 176, 352, 7830, C, f, f
765, 620, 4230, 3528, 90, 98, 49, 676, 379, 2580, C, f, f
648, 292, 3953, 2250, 67, 90, 918, 306, 850, 553, C, f, f
474, 622, 1752, 2304, 24, 32, 283, 171, 137, 893, D1, f, f
776, 385, 3827, 3256, 43, 37, 558, 403, 72, 2793, C, f, t
571, 305, 2542, 1848, 41, 42, 80, 491, 549, 1398, C, f, f
820, 668, 4081, 2613, 53, 39, 650, 72, 1107, 1673, D1, f, t
83, 546, 376, 3381, 47, 49, 99, 79, 35, 191, B, f, f
362, 394, 1504, 1809, 32, 27, 111, 293, 311, 917, C, f, f
1082, 840, 5180, 3710, 70, 53, 488, 63, 828, 3056, B, f, f
452, 230, 2940, 1587, 35, 23, 670, 424, 715, 705, D1, f, f
143, 235, 760, 1380, 20, 20, 167, 226, 156, 220, C, f, t
1391, 1263, 5384, 5200, 89, 80, 979, 1305, 625, 2664, A, t, t
2063, 1840, 8322, 8346, 73, 78, 1651, 1444, 1186, 3162, D1, f, f
425, 776, 1813, 4900, 49, 50, 329, 259, 209, 815, D1, f, f
214, 198, 1170, 1690, 26, 26, 270, 432, 306, 269, A, f, f
1493, 1122, 7851, 4875, 86, 75, 1550, 1550, 1450, 2849, B, t, f
101, 226, 352, 1296, 22, 18, 37, 48, 23, 172, D1, f, f
46, 29, 338, 248, 7, 8, 84, 61, 41, 133, D1, t, f
1028, 842, 5197, 4482, 63, 54, 1077, 990, 873, 2285, A, t, t
313, 221, 1210, 1056, 11, 11, 290, 197, 185, 592, C, f, f
691, 508, 2916, 3344, 36, 44, 214, 221, 322, 2245, D1, f, f
368, 432, 1480, 1886, 37, 41, 294, 339, 279, 725, C, f, f
1546, 1317, 6417, 4400, 69, 55, 1037, 1226, 1572, 3272, D1, f, f
1801, 1344, 7176, 5220, 92, 90, 853, 916, 770, 5094, B, f, f
597, 398, 3780, 2976, 45, 48, 587, 603, 603, 2192, B, f, f
882, 380, 3710, 1782, 70, 66, 296, 452, 140, 2151, D2, f, f
540, 318, 3341, 1980, 62, 66, 257, 416, 812, 1359, C, t, f
472, 271, 1628, 1190, 40, 34, 227, 419, 419, 429, C, t, f
202, 493, 1305, 4140, 87, 90, 199, 252, 217, 717, A, f, f
587, 757, 3300, 4140, 60, 60, 875, 514, 669, 1584, A, f, t
559, 493, 2320, 2013, 40, 33, 57, 88, 198, 1879, D2, f, f
418, 272, 2040, 1232, 40, 22, 392, 437, 583, 918, B, f, f
985, 973, 4399, 4293, 83, 81, 739, 542, 837, 1935, D1, f, f
891, 609, 3843, 2809, 61, 53, 468, 624, 490, 1614, C, f, f
765, 430, 3139, 1881, 43, 33, 861, 632, 351, 1381, C, f, t
1020, 667, 5152, 2925, 92, 75, 1232, 1152, 455, 2472, C, f, f
662, 1545, 3264, 7224, 96, 84, 393, 524, 809, 1077, C, f, f
149, 197, 756, 869, 14, 11, 106, 90, 141, 362, D1, f, f
1182, 1201, 4200, 4899, 57, 69, 435, 629, 564, 2587, C, t, f
34, 46, 211, 282, 4, 3, 39, 11, 18, 140, A, t, f
788, 1087, 3944, 6916, 68, 91, 213, 378, 110, 3155, C, f, f
443, 254, 1980, 1558, 30, 38, 261, 405, 326, 673, B, f, f
1222, 845, 5702, 3304, 48, 59, 736, 210, 1227, 2194, B, t, f
263, 207, 864, 810, 32, 30, 24, 45, 109, 561, C, f, t
1047, 780, 3740, 4070, 85, 110, 314, 460, 190, 2618, D2, f, t
570, 444, 4425, 3564, 75, 108, 947, 1151, 203, 2168, B, f, t
2419, 1612, 8640, 6240, 90, 78, 570, 241, 155, 6912, D2, f, f
1188, 947, 6600, 4680, 75, 65, 1584, 1267, 1306, 2640, C, f, f
138, 109, 650, 672, 13, 14, 73, 128, 79, 344, A, f, f
2029, 1472, 7221, 5928, 83, 76, 788, 929, 845, 4404, C, f, f
608, 477, 2405, 1888, 37, 32, 418, 361, 361, 1274, D2, f, t
617, 364, 3696, 1782, 42, 27, 809, 728, 512, 997, C, f, t
474, 572, 2511, 4240, 93, 80, 103, 226, 391, 1481, B, f, f
633, 395, 2730, 1890, 39, 30, 353, 262, 563, 1419, B, f, f
855, 433, 4320, 2160, 54, 48, 471, 471, 235, 2505, C, f, f
157, 185, 990, 1175, 25, 25, 115, 262, 183, 380, B, t, f
1300, 1262, 5440, 5696, 80, 64, 312, 1070, 423, 3209, C, f, f
710, 508, 2911, 2294, 71, 74, 524, 167, 83, 1863, D1, f, f
1639, 1191, 9996, 7120, 84, 89, 3266, 835, 3950, 2399, D1, f, t
1247, 718, 6406, 6000, 56, 60, 711, 619, 835, 3311, D1, t, f
487, 460, 2501, 3154, 41, 38, 699, 552, 130, 875, D2, f, t
893, 565, 4488, 3182, 51, 43, 824, 320, 846, 2199, C, f, f
145, 111, 680, 1064, 17, 14, 50, 97, 106, 367, A, f, f
846, 644, 4277, 3648, 47, 48, 422, 155, 1045, 2052, B, f, f
216, 703, 1377, 4284, 51, 68, 231, 160, 321, 371, A, f, f
442, 237, 1891, 1134, 31, 27, 261, 121, 391, 1021, C, f, t
3450, 1648, 10209, 5740, 83, 82, 1274, 457, 1143, 6942, D2, f, f
530, 665, 1836, 2380, 54, 70, 193, 148, 176, 1266, C, f, f
1001, 656, 3944, 3960, 68, 72, 419, 1281, 795, 1735, D1, f, f
167, 94, 666, 390, 6, 6, 122, 68, 148, 284, B, t, f
834, 584, 4712, 4500, 63, 75, 806, 641, 744, 2643, B, t, f
201, 167, 840, 715, 12, 11, 194, 194, 211, 252, C, f, f
663, 486, 2552, 1936, 22, 22, 255, 306, 357, 1531, C, f, f
979, 411, 5005, 2304, 50, 32, 1073, 1801, 831, 1541, D2, t, f
1189, 569, 7114, 3920, 77, 49, 306, 1072, 421, 3285, B, t, f
46, 23, 200, 98, 2, 1, 7, 10, 45, 88, C, f, t
491, 453, 2928, 2597, 61, 49, 635, 544, 635, 1112, D1, f, f
374, 342, 2106, 3402, 81, 81, 104, 509, 352, 800, A, f, f
876, 565, 3477, 3360, 61, 70, 262, 150, 325, 2851, D1, f, f
77, 105, 372, 742, 12, 14, 22, 9, 42, 290, C, f, f
422, 444, 3081, 3550, 39, 50, 571, 114, 457, 1448, D2, f, f
545, 888, 1710, 5621, 95, 73, 69, 111, 249, 1179, D1, f, t
573, 1318, 2730, 6204, 91, 94, 423, 573, 368, 1365, C, f, t
607, 439, 2706, 2178, 82, 66, 223, 461, 558, 1309, C, t, f
377, 267, 1574, 1551, 27, 33, 245, 222, 234, 1003, C, t, f
34, 15, 124, 54, 2, 1, 6, 30, 22, 48, B, f, f
418, 435, 1820, 2178, 26, 22, 282, 354, 282, 910, B, f, t
1222, 1828, 5115, 6262, 55, 62, 343, 780, 624, 1994, B, f, f
1923, 2027, 6600, 9045, 100, 135, 115, 68, 167, 6171, B, t, f
971, 809, 5518, 7047, 89, 87, 774, 506, 745, 2538, A, f, f
629, 924, 2680, 4422, 67, 67, 147, 127, 214, 2010, C, f, f
280, 133, 1155, 920, 25, 20, 55, 75, 60, 902, C, t, t
334, 465, 1615, 1936, 19, 22, 205, 171, 25, 759, C, f, f
962, 612, 3774, 2730, 51, 39, 356, 264, 435, 2453, C, f, f
1556, 586, 5518, 1976, 62, 52, 423, 370, 741, 2869, D1, f, t
320, 170, 1122, 729, 30, 27, 85, 116, 207, 617, D1, t, t
1688, 1696, 6560, 6656, 84, 64, 329, 525, 500, 5339, C, t, f
1249, 711, 5980, 3445, 65, 65, 1067, 610, 183, 2930, D1, f, f
784, 158, 4247, 0, 99, 0, 310, 289, 171, 3175, C, t, t
431, 694, 2296, 4320, 56, 48, 113, 313, 455, 872, D1, f, f
1329, 678, 6016, 3315, 64, 65, 1660, 1162, 1619, 1864, B, f, f
410, 212, 1821, 912, 23, 24, 541, 317, 132, 500, D1, t, f
109, 75, 760, 783, 40, 27, 98, 134, 87, 486, C, f, t
529, 425, 3528, 2944, 56, 64, 197, 1012, 395, 1058, C, f, f
1597, 1782, 7326, 8832, 99, 138, 685, 304, 457, 3516, D2, f, f
432, 251, 2430, 1584, 27, 22, 214, 379, 417, 1166, D2, f, f
579, 543, 2145, 2204, 33, 29, 193, 504, 536, 1072, D1, f, f
1566, 1254, 8245, 8023, 97, 113, 1187, 742, 593, 3298, B, f, f
399, 425, 2405, 2925, 37, 39, 493, 337, 441, 1106, B, f, t
1848, 1737, 7395, 8228, 87, 121, 2085, 1064, 1774, 2958, C, f, f
117, 118, 534, 648, 6, 6, 67, 109, 112, 239, D2, t, t
596, 549, 2652, 3000, 52, 50, 338, 39, 271, 1989, D2, f, f
464, 369, 1861, 2088, 47, 58, 112, 191, 49, 1370, D2, t, f
1091, 906, 4818, 3534, 73, 93, 396, 436, 489, 3496, C, t, f
771, 601, 3542, 4680, 70, 65, 557, 1072, 247, 1479, D1, t, f
567, 311, 4982, 3542, 47, 46, 1325, 795, 908, 1195, C, f, f
1205, 1109, 5648, 4368, 79, 56, 204, 1457, 874, 2733, D1, t, f
89, 12, 400, 0, 5, 0, 57, 33, 21, 256, C, f, f
282, 708, 1380, 3074, 69, 53, 434, 175, 362, 345, B, f, f
494, 318, 2535, 1886, 65, 46, 798, 399, 475, 633, B, f, t
498, 536, 1940, 2703, 97, 51, 41, 384, 275, 1105, B, f, f
1815, 2232, 5727, 9095, 83, 107, 886, 886, 394, 3264, D1, f, f
644, 692, 3304, 3927, 59, 77, 563, 527, 527, 1486, C, f, f
57, 48, 273, 416, 7, 8, 51, 39, 39, 141, C, f, f
409, 161, 2925, 1476, 45, 36, 315, 421, 298, 1170, A, f, f
232, 418, 850, 1326, 34, 26, 68, 285, 119, 280, D1, f, f
1152, 1800, 3780, 5680, 63, 80, 217, 255, 160, 2835, D1, f, f
262, 189, 1425, 1200, 25, 20, 95, 159, 127, 627, A, f, t
245, 210, 1278, 1122, 18, 17, 304, 95, 269, 408, C, f, t
1122, 767, 4945, 2870, 43, 35, 122, 237, 212, 4302, D2, f, f
110, 58, 476, 305, 7, 5, 77, 80, 149, 199, D1, f, f
1175, 928, 4761, 4071, 69, 69, 801, 628, 581, 3189, B, f, t
40, 47, 276, 258, 4, 3, 18, 54, 36, 74, D1, f, t
583, 406, 2851, 2156, 48, 44, 413, 292, 137, 1128, B, t, f
905, 505, 5360, 5307, 80, 87, 232, 781, 66, 3698, B, f, f
454, 215, 3248, 1836, 56, 51, 311, 311, 487, 1299, C, f, f
1205, 896, 5940, 6762, 90, 98, 517, 636, 915, 1960, A, f, f
463, 391, 3311, 3050, 43, 50, 486, 764, 185, 993, C, f, f
561, 264, 2520, 1566, 30, 29, 608, 253, 253, 831, C, f, f
916, 272, 4026, 1368, 30, 18, 788, 501, 1146, 1637, C, t, f
173, 124, 990, 1144, 22, 22, 230, 237, 267, 247, C, f, f
280, 239, 1232, 1323, 22, 21, 192, 153, 166, 591, B, f, f
1724, 1062, 7245, 6497, 69, 73, 640, 979, 1469, 3477, A, f, f
318, 582, 1230, 1968, 30, 24, 255, 150, 217, 479, C, f, f
432, 727, 2100, 3496, 42, 38, 389, 631, 241, 756, C, f, t
790, 869, 2814, 4757, 67, 67, 343, 359, 236, 1997, B, f, f
331, 557, 1360, 3105, 68, 69, 449, 134, 386, 462, D2, f, f
1002, 1289, 3330, 4898, 90, 62, 367, 222, 367, 2364, A, f, t
1248, 1323, 4689, 7565, 87, 85, 1306, 698, 1276, 1650, B, t, f
969, 612, 4662, 3816, 63, 72, 223, 373, 313, 3170, D2, f, f
1831, 588, 7760, 3564, 97, 99, 1550, 2346, 922, 3569, D1, f, t
77, 31, 452, 160, 4, 2, 93, 96, 112, 140, C, f, t
730, 644, 3672, 3120, 53, 60, 726, 290, 823, 1251, A, t, f
470, 728, 2401, 3776, 49, 64, 465, 253, 190, 1344, C, f, f
1782, 1028, 8610, 5328, 82, 72, 1464, 2766, 1844, 3185, D1, f, f
1570, 1030, 11058, 7436, 97, 143, 2070, 743, 1645, 5750, A, f, f
369, 502, 1925, 4224, 35, 44, 231, 220, 194, 1386, B, f, t
3131, 1607, 10989, 9758, 99, 119, 1642, 857, 2500, 3846, D2, f, f
556, 868, 3696, 6806, 80, 82, 657, 592, 679, 1503, D1, t, f
422, 182, 1813, 975, 17, 15, 282, 258, 199, 638, D1, t, f
413, 288, 1940, 1512, 18, 21, 480, 200, 250, 938, D2, t, t
499, 418, 1892, 1863, 43, 27, 307, 349, 392, 832, D1, f, f
484, 359, 2352, 2212, 42, 28, 82, 382, 414, 1317, B, f, t
812, 448, 5680, 4221, 80, 67, 304, 1179, 1560, 1874, B, f, f
728, 824, 4263, 4992, 87, 78, 417, 167, 626, 2174, C, f, f
1153, 862, 6512, 5016, 74, 66, 943, 771, 114, 3653, B, t, f
276, 142, 1332, 572, 18, 13, 105, 120, 64, 1038, B, f, t
290, 409, 1275, 1674, 25, 31, 187, 241, 134, 739, A, f, t
763, 1377, 2756, 4500, 52, 60, 291, 81, 263, 1846, D1, f, f
593, 1270, 2592, 5520, 48, 60, 304, 475, 502, 1270, C, f, f
1367, 640, 5538, 2210, 78, 65, 907, 593, 976, 2049, C, f, t
1225, 773, 5400, 3627, 90, 117, 627, 348, 464, 3077, D2, f, f
1035, 549, 5508, 3060, 81, 68, 1331, 614, 887, 2093, B, f, f
580, 169, 3479, 1196, 49, 46, 789, 920, 723, 1287, C, f, f
1173, 943, 4356, 5214, 60, 79, 258, 516, 241, 2634, A, t, f
14, 12, 81, 78, 1, 1, 15, 11, 14, 43, D1, f, f
835, 358, 3600, 1120, 80, 70, 846, 293, 345, 1872, C, f, f
543, 478, 2600, 2257, 52, 61, 158, 63, 555, 1014, B, f, t
695, 487, 4898, 4002, 62, 69, 705, 682, 329, 2546, B, f, f
726, 517, 6264, 5808, 87, 66, 1529, 927, 788, 1628, B, f, f
972, 527, 3783, 2640, 39, 48, 349, 349, 299, 2534, C, f, t
474, 460, 4059, 5184, 99, 96, 192, 331, 488, 2313, A, f, f
860, 1063, 3400, 3744, 40, 52, 503, 406, 562, 1462, C, f, f
1162, 1105, 5236, 5880, 68, 56, 879, 653, 377, 2722, D2, f, t
