$mu
$mu[[1]]
[1] -2.9135634  0.9461719

$mu[[2]]
[1] -2.231728  0.768530

$mu[[3]]
[1] -3.0488066  0.4246617


$sigma
$sigma[[1]]
     [,1] [,2]
[1,]    1    0
[2,]    0    1

$sigma[[2]]
     [,1] [,2]
[1,]    1    0
[2,]    0    1

$sigma[[3]]
     [,1] [,2]
[1,]    1    0
[2,]    0    1


$prior
[1] 0.3333333 0.3333333 0.3333333

$mu
$mu[[1]]
         V1          V2 
-1.47077977  0.07431773 

$mu[[2]]
         V1          V2 
 0.68566789 -0.01480301 

$mu[[3]]
          V1           V2 
-1.549714270 -0.003501422 


$sigma
$sigma[[1]]
         [,1]      [,2]
[1,] 1.936984 0.0000000
[2,] 0.000000 0.2277466

$sigma[[2]]
         [,1]      [,2]
[1,] 3.823006 0.0000000
[2,] 0.000000 0.2470142

$sigma[[3]]
         [,1]      [,2]
[1,] 1.481131 0.0000000
[2,] 0.000000 0.2197772


$prior
[1] 0.1449333 0.6881481 0.1669185

[1] "ITER"             "1"                "14.3971623231097"
$mu
$mu[[1]]
         V1          V2 
-1.62164832  0.06437278 

$mu[[2]]
         V1          V2 
 0.79543824 -0.01264820 

$mu[[3]]
         V1          V2 
-1.59096037 -0.00619197 


$sigma
$sigma[[1]]
         [,1]      [,2]
[1,] 1.208373 0.0000000
[2,] 0.000000 0.2124729

$sigma[[2]]
         [,1]      [,2]
[1,] 3.860278 0.0000000
[2,] 0.000000 0.2604441

$sigma[[3]]
          [,1]      [,2]
[1,] 0.8724489 0.0000000
[2,] 0.0000000 0.1869992


$prior
[1] 0.1489208 0.6685934 0.1824857

[1] "ITER"               "2"                  "0.0366228764107786"
$mu
$mu[[1]]
         V1          V2 
-1.72240790  0.07014139 

$mu[[2]]
         V1          V2 
 0.92868628 -0.01240950 

$mu[[3]]
         V1          V2 
-1.58487382 -0.01544629 


$sigma
$sigma[[1]]
          [,1]      [,2]
[1,] 0.8877125 0.0000000
[2,] 0.0000000 0.1983692

$sigma[[2]]
         [,1]      [,2]
[1,] 3.743265 0.0000000
[2,] 0.000000 0.2771229

$sigma[[3]]
          [,1]      [,2]
[1,] 0.6631891 0.0000000
[2,] 0.0000000 0.1540419


$prior
[1] 0.1577947 0.6391635 0.2030417

[1] "ITER"               "3"                  "0.0280635546565837"
$mu
$mu[[1]]
         V1          V2 
-1.79920758  0.09600224 

$mu[[2]]
         V1          V2 
 1.04957406 -0.01508280 

$mu[[3]]
        V1         V2 
-1.5431477 -0.0308817 


$sigma
$sigma[[1]]
          [,1]      [,2]
[1,] 0.8240482 0.0000000
[2,] 0.0000000 0.1887153

$sigma[[2]]
         [,1]      [,2]
[1,] 3.580282 0.0000000
[2,] 0.000000 0.2909144

$sigma[[3]]
          [,1]      [,2]
[1,] 0.5753291 0.0000000
[2,] 0.0000000 0.1322067


$prior
[1] 0.1672199 0.6116993 0.2210808

[1] "ITER"               "4"                  "0.0231672951643085"
$mu
$mu[[1]]
        V1         V2 
-1.9045686  0.1418557 

$mu[[2]]
         V1          V2 
 1.16669205 -0.02002321 

$mu[[3]]
         V1          V2 
-1.47790055 -0.05553794 


$sigma
$sigma[[1]]
          [,1]      [,2]
[1,] 0.8322463 0.0000000
[2,] 0.0000000 0.1866232

$sigma[[2]]
         [,1]      [,2]
[1,] 3.361171 0.0000000
[2,] 0.000000 0.2977505

$sigma[[3]]
          [,1]      [,2]
[1,] 0.5157989 0.0000000
[2,] 0.0000000 0.1201976


$prior
[1] 0.1757106 0.5871871 0.2371023

[1] "ITER"               "5"                  "0.0318096278366298"
$mu
$mu[[1]]
        V1         V2 
-2.0459797  0.2077330 

$mu[[2]]
         V1          V2 
 1.30146268 -0.02727135 

$mu[[3]]
         V1          V2 
-1.39567888 -0.08977235 


$sigma
$sigma[[1]]
          [,1]      [,2]
[1,] 0.8299084 0.0000000
[2,] 0.0000000 0.1846758

$sigma[[2]]
         [,1]     [,2]
[1,] 3.044336 0.000000
[2,] 0.000000 0.298284

$sigma[[3]]
         [,1]      [,2]
[1,] 0.462118 0.0000000
[2,] 0.000000 0.1129051


$prior
[1] 0.1837327 0.5617652 0.2545021

[1] "ITER"               "6"                  "0.0504849967061191"
$mu
$mu[[1]]
        V1         V2 
-2.1898387  0.2763409 

$mu[[2]]
         V1          V2 
 1.45914959 -0.03125402 

$mu[[3]]
        V1         V2 
-1.3074424 -0.1288430 


$sigma
$sigma[[1]]
          [,1]      [,2]
[1,] 0.7627676 0.0000000
[2,] 0.0000000 0.1694931

$sigma[[2]]
         [,1]      [,2]
[1,] 2.659331 0.0000000
[2,] 0.000000 0.2982662

$sigma[[3]]
          [,1]      [,2]
[1,] 0.4191476 0.0000000
[2,] 0.0000000 0.1077975


$prior
[1] 0.1895997 0.5330546 0.2773457

[1] "ITER"               "7"                  "0.0595956689431802"
$mu
$mu[[1]]
        V1         V2 
-2.2980007  0.3276537 

$mu[[2]]
         V1          V2 
 1.63464968 -0.02494580 

$mu[[3]]
        V1         V2 
-1.2212257 -0.1660122 


$sigma
$sigma[[1]]
          [,1]      [,2]
[1,] 0.6531716 0.0000000
[2,] 0.0000000 0.1433224

$sigma[[2]]
         [,1]      [,2]
[1,] 2.268077 0.0000000
[2,] 0.000000 0.3026267

$sigma[[3]]
          [,1]      [,2]
[1,] 0.3938184 0.0000000
[2,] 0.0000000 0.1043860


$prior
[1] 0.1932686 0.5004884 0.3062430

[1] "ITER"               "8"                  "0.0539869588033642"
$mu
$mu[[1]]
        V1         V2 
-2.3586656  0.3563009 

$mu[[2]]
          V1           V2 
 1.831197750 -0.007753717 

$mu[[3]]
        V1         V2 
-1.1408860 -0.1968478 


$sigma
$sigma[[1]]
          [,1]      [,2]
[1,] 0.5635068 0.0000000
[2,] 0.0000000 0.1226762

$sigma[[2]]
         [,1]      [,2]
[1,] 1.852634 0.0000000
[2,] 0.000000 0.3087688

$sigma[[3]]
          [,1]      [,2]
[1,] 0.3852002 0.0000000
[2,] 0.0000000 0.1029916


$prior
[1] 0.1970429 0.4646036 0.3383535

[1] "ITER"               "9"                  "0.0508329114427991"
$mu
$mu[[1]]
        V1         V2 
-2.3797054  0.3668435 

$mu[[2]]
        V1         V2 
2.05005604 0.01926757 

$mu[[3]]
        V1         V2 
-1.0684204 -0.2214260 


$sigma
$sigma[[1]]
          [,1]      [,2]
[1,] 0.5172958 0.0000000
[2,] 0.0000000 0.1128401

$sigma[[2]]
         [,1]      [,2]
[1,] 1.372977 0.0000000
[2,] 0.000000 0.3123086

$sigma[[3]]
         [,1]      [,2]
[1,] 0.389717 0.0000000
[2,] 0.000000 0.1049388


$prior
[1] 0.2015466 0.4273579 0.3710956

[1] "ITER"               "10"                 "0.0550382576724078"
$mu
$mu[[1]]
        V1         V2 
-2.3777708  0.3672558 

$mu[[2]]
       V1        V2 
2.2823758 0.0573248 

$mu[[3]]
        V1         V2 
-0.9996342 -0.2442264 


$sigma
$sigma[[1]]
          [,1]      [,2]
[1,] 0.5008472 0.0000000
[2,] 0.0000000 0.1093198

$sigma[[2]]
          [,1]      [,2]
[1,] 0.8275167 0.0000000
[2,] 0.0000000 0.3079392

$sigma[[3]]
          [,1]      [,2]
[1,] 0.4029079 0.0000000
[2,] 0.0000000 0.1104875


$prior
[1] 0.2064474 0.3912684 0.4022842

[1] "ITER"              "11"                "0.060676148720955"
$mu
$mu[[1]]
        V1         V2 
-2.3677441  0.3625395 

$mu[[2]]
       V1        V2 
2.4712810 0.1008601 

$mu[[3]]
        V1         V2 
-0.9333429 -0.2665017 


$sigma
$sigma[[1]]
          [,1]      [,2]
[1,] 0.4956309 0.0000000
[2,] 0.0000000 0.1084853

$sigma[[2]]
          [,1]      [,2]
[1,] 0.3733916 0.0000000
[2,] 0.0000000 0.2933467

$sigma[[3]]
          [,1]      [,2]
[1,] 0.4267416 0.0000000
[2,] 0.0000000 0.1162321


$prior
[1] 0.2115210 0.3632557 0.4252233

[1] "ITER"               "12"                 "0.0425940028281028"
$mu
$mu[[1]]
        V1         V2 
-2.3524877  0.3556539 

$mu[[2]]
       V1        V2 
2.6011956 0.1669719 

$mu[[3]]
        V1         V2 
-0.8474400 -0.3035905 


$sigma
$sigma[[1]]
          [,1]     [,2]
[1,] 0.4954858 0.000000
[2,] 0.0000000 0.108516

$sigma[[2]]
          [,1]      [,2]
[1,] 0.1191887 0.0000000
[2,] 0.0000000 0.2361776

$sigma[[3]]
          [,1]      [,2]
[1,] 0.5050575 0.0000000
[2,] 0.0000000 0.1331729


$prior
[1] 0.2173917 0.3406057 0.4420026

[1] "ITER"               "13"                 "0.0302836232772671"
$mu
$mu[[1]]
        V1         V2 
-2.3272322  0.3466574 

$mu[[2]]
       V1        V2 
2.6408395 0.1905194 

$mu[[3]]
        V1         V2 
-0.8087497 -0.3198403 


$sigma
$sigma[[1]]
          [,1]      [,2]
[1,] 0.5043842 0.0000000
[2,] 0.0000000 0.1089063

$sigma[[2]]
           [,1]      [,2]
[1,] 0.04777388 0.0000000
[2,] 0.00000000 0.2147249

$sigma[[3]]
          [,1]      [,2]
[1,] 0.5361905 0.0000000
[2,] 0.0000000 0.1363629


$prior
[1] 0.2246384 0.3333322 0.4420294

[1] "ITER"                "14"                  "0.00460589041453423"
$mu
$mu[[1]]
        V1         V2 
-2.3001697  0.3388871 

$mu[[2]]
       V1        V2 
2.6408430 0.1905210 

$mu[[3]]
        V1         V2 
-0.7961964 -0.3275381 


$sigma
$sigma[[1]]
          [,1]      [,2]
[1,] 0.5165863 0.0000000
[2,] 0.0000000 0.1091025

$sigma[[2]]
           [,1]      [,2]
[1,] 0.04776993 0.0000000
[2,] 0.00000000 0.2147246

$sigma[[3]]
          [,1]      [,2]
[1,] 0.5326859 0.0000000
[2,] 0.0000000 0.1342949


$prior
[1] 0.2323647 0.3333295 0.4343058

[1] "ITER"                "15"                  "0.00100959759645401"
$mu
$mu[[1]]
        V1         V2 
-2.2757093  0.3320554 

$mu[[2]]
       V1        V2 
2.6408429 0.1905211 

$mu[[3]]
        V1         V2 
-0.7837143 -0.3353208 


$sigma
$sigma[[1]]
          [,1]      [,2]
[1,] 0.5275196 0.0000000
[2,] 0.0000000 0.1091952

$sigma[[2]]
           [,1]      [,2]
[1,] 0.04776996 0.0000000
[2,] 0.00000000 0.2147245

$sigma[[3]]
          [,1]      [,2]
[1,] 0.5282226 0.0000000
[2,] 0.0000000 0.1319666


$prior
[1] 0.2398079 0.3333297 0.4268624

[1] "ITER"                 "16"                   "0.000861357997962007"
$mu
$mu[[1]]
        V1         V2 
-2.2531563  0.3257327 

$mu[[2]]
       V1        V2 
2.6408427 0.1905212 

$mu[[3]]
        V1         V2 
-0.7716250 -0.3429446 


$sigma
$sigma[[1]]
          [,1]      [,2]
[1,] 0.5371905 0.0000000
[2,] 0.0000000 0.1092636

$sigma[[2]]
           [,1]      [,2]
[1,] 0.04776999 0.0000000
[2,] 0.00000000 0.2147245

$sigma[[3]]
          [,1]      [,2]
[1,] 0.5238524 0.0000000
[2,] 0.0000000 0.1296263


$prior
[1] 0.2469421 0.3333299 0.4197281

[1] "ITER"                "17"                  "0.00075288967011436"
$mu
$mu[[1]]
        V1         V2 
-2.2323735  0.3198187 

$mu[[2]]
       V1        V2 
2.6408426 0.1905212 

$mu[[3]]
        V1         V2 
-0.7600614 -0.3502944 


$sigma
$sigma[[1]]
          [,1]      [,2]
[1,] 0.5458128 0.0000000
[2,] 0.0000000 0.1093588

$sigma[[2]]
           [,1]      [,2]
[1,] 0.04777003 0.0000000
[2,] 0.00000000 0.2147244

$sigma[[3]]
          [,1]      [,2]
[1,] 0.5197167 0.0000000
[2,] 0.0000000 0.1273420


$prior
[1] 0.2537248 0.3333300 0.4129452

[1] "ITER"                 "18"                   "0.000654633946690853"
$mu
$mu[[1]]
        V1         V2 
-2.2132935  0.3142798 

$mu[[2]]
       V1        V2 
2.6408424 0.1905212 

$mu[[3]]
        V1         V2 
-0.7490880 -0.3573022 


$sigma
$sigma[[1]]
          [,1]      [,2]
[1,] 0.5534977 0.0000000
[2,] 0.0000000 0.1094942

$sigma[[2]]
           [,1]      [,2]
[1,] 0.04777006 0.0000000
[2,] 0.00000000 0.2147244

$sigma[[3]]
          [,1]      [,2]
[1,] 0.5158476 0.0000000
[2,] 0.0000000 0.1251487


$prior
[1] 0.2601262 0.3333302 0.4065436

[1] "ITER"                 "19"                   "0.000564249556481964"
$mu
$mu[[1]]
        V1         V2 
-2.1958526  0.3091010 

$mu[[2]]
       V1        V2 
2.6408423 0.1905212 

$mu[[3]]
        V1         V2 
-0.7387423 -0.3639223 


$sigma
$sigma[[1]]
          [,1]      [,2]
[1,] 0.5603275 0.0000000
[2,] 0.0000000 0.1096702

$sigma[[2]]
           [,1]      [,2]
[1,] 0.04777009 0.0000000
[2,] 0.00000000 0.2147243

$sigma[[3]]
          [,1]      [,2]
[1,] 0.5122502 0.0000000
[2,] 0.0000000 0.1230695


$prior
[1] 0.2661267 0.3333304 0.4005430

[1] "ITER"                 "20"                   "0.000481865316752431"
$mu
$mu[[1]]
        V1         V2 
-2.1799768  0.3042725 

$mu[[2]]
       V1        V2 
2.6408422 0.1905212 

$mu[[3]]
        V1         V2 
-0.7290469 -0.3701241 


$sigma
$sigma[[1]]
          [,1]      [,2]
[1,] 0.5663791 0.0000000
[2,] 0.0000000 0.1098819

$sigma[[2]]
           [,1]      [,2]
[1,] 0.04777012 0.0000000
[2,] 0.00000000 0.2147243

$sigma[[3]]
          [,1]      [,2]
[1,] 0.5089215 0.0000000
[2,] 0.0000000 0.1211207


$prior
[1] 0.2717154 0.3333305 0.3949541

[1] "ITER"                 "21"                   "0.000407818269156074"
$mu
$mu[[1]]
        V1         V2 
-2.1655812  0.2997852 

$mu[[2]]
       V1        V2 
2.6408421 0.1905213 

$mu[[3]]
        V1         V2 
-0.7200129 -0.3758894 


$sigma
$sigma[[1]]
         [,1]      [,2]
[1,] 0.571728 0.0000000
[2,] 0.000000 0.1101230

$sigma[[2]]
           [,1]      [,2]
[1,] 0.04777014 0.0000000
[2,] 0.00000000 0.2147242

$sigma[[3]]
          [,1]      [,2]
[1,] 0.5058558 0.0000000
[2,] 0.0000000 0.1193128


$prior
[1] 0.2768897 0.3333306 0.3897796

[1] "ITER"                 "22"                   "0.000342220647486127"
$mu
$mu[[1]]
        V1         V2 
-2.1525727  0.2956298 

$mu[[2]]
       V1        V2 
2.6408420 0.1905213 

$mu[[3]]
        V1         V2 
-0.7116410 -0.3812113 


$sigma
$sigma[[1]]
          [,1]      [,2]
[1,] 0.5764469 0.0000000
[2,] 0.0000000 0.1103864

$sigma[[2]]
           [,1]      [,2]
[1,] 0.04777016 0.0000000
[2,] 0.00000000 0.2147242

$sigma[[3]]
          [,1]      [,2]
[1,] 0.5030448 0.0000000
[2,] 0.0000000 0.1176510


$prior
[1] 0.2816544 0.3333308 0.3850149

[1] "ITER"                 "23"                   "0.000284901474358538"
$mu
$mu[[1]]
        V1         V2 
-2.1408534  0.2917957 

$mu[[2]]
       V1        V2 
2.6408419 0.1905213 

$mu[[3]]
        V1         V2 
-0.7039223 -0.3860929 


$sigma
$sigma[[1]]
          [,1]      [,2]
[1,] 0.5806047 0.0000000
[2,] 0.0000000 0.1106650

$sigma[[2]]
           [,1]      [,2]
[1,] 0.04777018 0.0000000
[2,] 0.00000000 0.2147241

$sigma[[3]]
         [,1]      [,2]
[1,] 0.500479 0.0000000
[2,] 0.000000 0.1161361


$prior
[1] 0.2860198 0.3333309 0.3806493

[1] "ITER"                 "24"                   "0.000235449702364658"
$mu
$mu[[1]]
        V1         V2 
-2.1303241  0.2882707 

$mu[[2]]
       V1        V2 
2.6408419 0.1905213 

$mu[[3]]
        V1         V2 
-0.6968395 -0.3905452 


$sigma
$sigma[[1]]
          [,1]      [,2]
[1,] 0.5842649 0.0000000
[2,] 0.0000000 0.1109521

$sigma[[2]]
           [,1]      [,2]
[1,] 0.04777020 0.0000000
[2,] 0.00000000 0.2147241

$sigma[[3]]
          [,1]     [,2]
[1,] 0.4981465 0.000000
[2,] 0.0000000 0.114765


$prior
[1] 0.2900017 0.3333309 0.3766674

[1] "ITER"                 "25"                   "0.000193280894696758"
$mu
$mu[[1]]
        V1         V2 
-2.1208863  0.2850415 

$mu[[2]]
       V1        V2 
2.6408418 0.1905213 

$mu[[3]]
        V1         V2 
-0.6903684 -0.3945860 


$sigma
$sigma[[1]]
         [,1]      [,2]
[1,] 0.587485 0.0000000
[2,] 0.000000 0.1112418

$sigma[[2]]
           [,1]      [,2]
[1,] 0.04777021 0.0000000
[2,] 0.00000000 0.2147241

$sigma[[3]]
          [,1]      [,2]
[1,] 0.4960343 0.0000000
[2,] 0.0000000 0.1135318


$prior
[1] 0.2936190 0.3333310 0.3730499

[1] "ITER"                 "26"                   "0.000157703010649795"
$mu
$mu[[1]]
        V1         V2 
-2.1124442  0.2820934 

$mu[[2]]
       V1        V2 
2.6408418 0.1905213 

$mu[[3]]
        V1         V2 
-0.6844794 -0.3982374 


$sigma
$sigma[[1]]
          [,1]      [,2]
[1,] 0.5903171 0.0000000
[2,] 0.0000000 0.1115289

$sigma[[2]]
           [,1]      [,2]
[1,] 0.04777022 0.0000000
[2,] 0.00000000 0.2147240

$sigma[[3]]
          [,1]      [,2]
[1,] 0.4941282 0.0000000
[2,] 0.0000000 0.1124284


$prior
[1] 0.2968935 0.3333311 0.3697754

[1] "ITER"                 "27"                   "0.000127973365961063"
$mu
$mu[[1]]
        V1         V2 
-2.1049064  0.2794106 

$mu[[2]]
       V1        V2 
2.6408417 0.1905213 

$mu[[3]]
        V1         V2 
-0.6791389 -0.4015247 


$sigma
$sigma[[1]]
          [,1]      [,2]
[1,] 0.5928074 0.0000000
[2,] 0.0000000 0.1118091

$sigma[[2]]
           [,1]     [,2]
[1,] 0.04777023 0.000000
[2,] 0.00000000 0.214724

$sigma[[3]]
          [,1]      [,2]
[1,] 0.4924131 0.0000000
[2,] 0.0000000 0.1114454


$prior
[1] 0.2998484 0.3333311 0.3668205

[1] "ITER"                 "28"                   "0.000103344261301315"
$mu
$mu[[1]]
        V1         V2 
-2.0981863  0.2769767 

$mu[[2]]
       V1        V2 
2.6408417 0.1905213 

$mu[[3]]
        V1         V2 
-0.6743110 -0.4044751 


$sigma
$sigma[[1]]
         [,1]      [,2]
[1,] 0.594997 0.0000000
[2,] 0.000000 0.1120791

$sigma[[2]]
           [,1]     [,2]
[1,] 0.04777024 0.000000
[2,] 0.00000000 0.214724

$sigma[[3]]
         [,1]      [,2]
[1,] 0.490874 0.0000000
[2,] 0.000000 0.1105725


$prior
[1] 0.3025074 0.3333312 0.3641614

[1] "ITER"                "29"                  "8.3096910449371e-05"
[1] "Cluster Parameters"
$mu
$mu[[1]]
        V1         V2 
-2.0981863  0.2769767 

$mu[[2]]
       V1        V2 
2.6408417 0.1905213 

$mu[[3]]
        V1         V2 
-0.6743110 -0.4044751 


$sigma
$sigma[[1]]
         [,1]      [,2]
[1,] 0.594997 0.0000000
[2,] 0.000000 0.1120791

$sigma[[2]]
           [,1]     [,2]
[1,] 0.04777024 0.000000
[2,] 0.00000000 0.214724

$sigma[[3]]
         [,1]      [,2]
[1,] 0.490874 0.0000000
[2,] 0.000000 0.1105725


$prior
[1] 0.3025074 0.3333312 0.3641614

[1] "Number of Iterations" "29"                  
[[1]]
 [1]   2   3   7   9  10  20  22  29  30  43  44  47  54  56  57  58  62  71  72
[20]  81  83  84  85  88  93  96  98 100 101 103 104 105 108 117 119 123 129 130
[39] 132 133 139 141 142 148 149

[[2]]
 [1]   4   6  11  12  15  16  17  19  23  26  28  31  32  38  46  49  50  53  55
[20]  63  64  68  69  70  74  75  76  77  79  89  91  92 106 107 109 110 112 114
[39] 116 122 125 126 128 131 134 135 136 137 146 150

[[3]]
 [1]   1   5   8  13  14  18  21  24  25  27  33  34  35  36  37  39  40  41  42
[20]  45  48  51  52  59  60  61  65  66  67  73  78  80  82  86  87  90  94  95
[39]  97  99 102 111 113 115 118 120 121 124 127 138 140 143 144 145 147

[1] 0.8333333
     [,1] [,2] [,3]
[1,]    0   50    0
[2,]   35    0   15
[3,]   10    0   40
[4,]   45   50   55
