-9.85985985986 1.0 0.421484671785 -0.284269547394 
6.35635635636 1.0 0.0731057736575 0.209455958797 
-2.81281281281 1.0 -0.322888465175 -0.391531945195 
-2.95295295295 1.0 -0.187522900919 -0.161346537464 
1.89189189189 1.0 0.948890220341 0.950640908214 
4.67467467467 1.0 -0.999288899866 -0.995767190791 
-6.3963963964 1.0 -0.112969411094 -0.558294323122 
-5.4954954955 1.0 0.708725363073 0.344542497774 
-8.7987987988 1.0 -0.585891056576 -0.537032459788 
-9.55955955956 1.0 0.13437389375 -0.352955300864 
-8.53853853854 1.0 -0.774699305584 -0.599647504236 
-6.53653653654 1.0 -0.250649611665 -0.634148477334 
7.33733733734 1.0 0.869481672757 0.871673508581 
6.83683683684 1.0 0.525796755923 0.629941264426 
1.45145145145 1.0 0.992886849216 0.987230053303 
-7.71771771772 1.0 -0.990730428893 -0.762091984677 
1.65165165165 1.0 0.996732988666 0.992159057297 
-0.0900900900901 1.0 -0.0899682743046 -0.100250124338 
1.23123123123 1.0 0.942899611382 0.94020978006 
3.59359359359 1.0 -0.436766402789 -0.436553237233 
0.870870870871 1.0 0.764890207772 0.772844322793 
-7.63763763764 1.0 -0.976688773762 -0.772103878076 
0.37037037037 1.0 0.361960713579 0.378676932574 
9.35935935936 1.0 0.0653719505576 0.158764607065 
3.13313313313 1.0 0.00845941955822 0.0342840778504 
7.81781781782 1.0 0.999346160464 0.898670594874 
-1.17117117117 1.0 -0.921206900567 -1.14829441488 
-2.37237237237 1.0 -0.695575258639 -0.966990103864 
-6.33633633634 1.0 -0.0531260071326 -0.520313668594 
8.07807807808 1.0 0.974995298193 0.8426065527 
-7.81781781782 1.0 -0.999346160464 -0.747514192901 
-4.29429429429 1.0 0.913864194148 1.41352562997 
-4.77477477477 1.0 0.998054637396 1.19559126224 
-5.7957957958 1.0 0.468320967329 -0.026654113446 
-8.6986986987 1.0 -0.66394288333 -0.561340463529 
8.23823823824 1.0 0.927077365617 0.788299127523 
-0.13013013013 1.0 -0.1297631736 -0.144800210638 
0.13013013013 1.0 0.1297631736 0.138409652989 
-8.61861861862 1.0 -0.721633711464 -0.580606392856 
-7.07707707708 1.0 -0.713087090062 -0.783079189587 
8.91891891892 1.0 0.484559073218 0.440032464958 
2.29229229229 1.0 0.750818471552 0.770885502218 
-8.87887887888 1.0 -0.519186710331 -0.517470917642 
8.95895895896 1.0 0.449154692451 0.415520277442 
-0.19019019019 1.0 -0.189045659132 -0.211977889633 
-4.33433433433 1.0 0.929384449502 1.41199683977 
-0.39039039039 1.0 -0.380549461752 -0.436058038378 
-4.53453453453 1.0 0.984225545624 1.35667212268 
4.47447447447 1.0 -0.971831589603 -0.977431317048 
-8.15815815816 1.0 -0.9540939133 -0.684796286493 
4.19419419419 1.0 -0.868714740054 -0.881817657619 
4.91491491491 1.0 -0.979561626072 -0.962053323833 
-5.5955955956 1.0 0.634676409709 0.216004997135 
-9.03903903904 1.0 -0.376243865658 -0.478241309208 
-1.05105105105 1.0 -0.867945718946 -1.06901423489 
-0.870870870871 1.0 -0.764890207772 -0.924803887444 
5.11511511512 1.0 -0.919995965877 -0.88839063272 
-8.55855855856 1.0 -0.761885650774 -0.594911796265 
2.27227227227 1.0 0.763890524376 0.782994401569 
3.15315315315 1.0 -0.0115602420643 0.0133369403589 
3.99399399399 1.0 -0.752863081707 -0.766228610325 
-8.3983983984 1.0 -0.855429505195 -0.632226609275 
-4.89489489489 1.0 0.983391971377 1.08272418634 
7.11711711712 1.0 0.740579143612 0.79313968225 
0.830830830831 1.0 0.738491823944 0.747739986682 
-1.55155155155 1.0 -0.999814825028 -1.29470132288 
0.03003003003 1.0 0.0300255167065 0.0315605041385 
8.73873873874 1.0 0.633477463068 0.546195534334 
-8.8988988989 1.0 -0.501973484202 -0.512570945096 
-9.51951951952 1.0 0.094599889559 -0.3623566119 
-9.41941941942 1.0 -0.00535851570584 -0.386073843424 
-6.23623623624 1.0 0.046931825201 -0.449458864268 
3.77377377377 1.0 -0.590905760288 -0.598928615915 
-6.8968968969 1.0 -0.575905704393 -0.755554866184 
-4.83483483483 1.0 0.99251286792 1.14151166821 
0.21021021021 1.0 0.208665487323 0.221321348375 
-1.77177177177 1.0 -0.979872320608 -1.29855919234 
-8.67867867868 1.0 -0.678779469621 -0.566174653877 
0.970970970971 1.0 0.825434213842 0.830107498403 
-1.71171171171 1.0 -0.990087845702 -1.30376438218 
-0.49049049049 1.0 -0.471058607419 -0.546023564244 
6.01601601602 1.0 -0.264002216892 -0.145748975452 
-8.77877877878 1.0 -0.601996584369 -0.541909510634 
7.7977977978 1.0 0.998422103411 0.90112623697 
-0.670670670671 1.0 -0.62151153354 -0.735320885009 
0.950950950951 1.0 0.813968289004 0.819294794083 
-8.11811811812 1.0 -0.965318303844 -0.693014472016 
-9.57957957958 1.0 0.154184093352 -0.348274232701 
7.25725725726 1.0 0.827180739833 0.848195115933 
-4.75475475475 1.0 0.999102704803 1.21249648454 
-2.77277277277 1.0 -0.360514923027 -0.454005096497 
3.17317317317 1.0 -0.0315752704827 -0.00764215781791 
-2.49249249249 1.0 -0.604469813648 -0.836619813802 
-3.31331331331 1.0 0.170877953796 0.464295222438 
-3.77377377377 1.0 0.590905760288 1.12746126892 
-5.73573573574 1.0 0.520511228445 0.0435705105377 
-3.89389389389 1.0 0.683320745574 1.24343383258 
-5.33533533534 1.0 0.812162990678 0.554037402927 
-9.45945945946 1.0 0.034674546587 -0.376551899565 
-5.41541541542 1.0 0.762889004574 0.449116074065 
-7.67767767768 1.0 -0.984498672401 -0.767294342771 
-3.93393393393 1.0 0.711999223182 1.27564555809 
-9.17917917918 1.0 -0.243137181641 -0.444010407023 
9.71971971972 1.0 -0.290684124469 -0.0785084389896 
-7.8978978979 1.0 -0.999035835857 -0.734407254943 
1.51151151151 1.0 0.998243169988 0.992505389223 
-8.27827827828 1.0 -0.911328515751 -0.659135950644 
6.87687687688 1.0 0.559424700424 0.657465689427 
4.45445445445 1.0 -0.966918909573 -0.9732811755 
-0.01001001001 1.0 -0.0100098428432 -0.0120080725159 
-1.11111111111 1.0 -0.89619220103 -1.11046419595 
-3.99399399399 1.0 0.752863081707 1.3177202878 
-4.09409409409 1.0 0.81486800406 1.3709202814 
0.0500500500501 1.0 0.0500291567086 0.0531809803948 
7.15715715716 1.0 0.766884055736 0.810694619766 
-2.93293293293 1.0 -0.207148878373 -0.195162237893 
-6.93693693694 1.0 -0.608168751487 -0.763349642274 
7.57757757758 1.0 0.96204298189 0.908493351565 
4.33433433433 1.0 -0.929384449502 -0.939641887952 
-6.21621621622 1.0 0.066919044364 -0.434141047009 
8.57857857858 1.0 0.748766641479 0.633467751 
8.0980980981 1.0 0.970351253498 0.836577551783 
1.53153153153 1.0 0.999229236959 0.993540591935 
8.998998999 1.0 0.413030320922 0.390727354853 
6.41641641642 1.0 0.132837305145 0.26931662656 
-6.61661661662 1.0 -0.327287278425 -0.669834630506 
7.67767767768 1.0 0.984498672401 0.909739308329 
6.996996997 1.0 0.654719669029 0.731737938639 
5.05505505506 1.0 -0.941862214566 -0.914735606054 
-3.03303303303 1.0 -0.108346513523 -0.0238318935937 
-5.63563563564 1.0 0.603233924101 0.165677447312 
-6.6966966967 1.0 -0.401827232414 -0.700289650604 
-8.43843843844 1.0 -0.834011915114 -0.623031765411 
-0.33033033033 1.0 -0.32435551719 -0.369137002378 
-7.01701701702 1.0 -0.669720024621 -0.77600288339 
5.87587587588 1.0 -0.396140311588 -0.291082656551 
-5.57557557558 1.0 0.650019222236 0.241432035403 
-4.49449449449 1.0 0.976354771373 1.37387639784 
0.570570570571 1.0 0.540112324789 0.556064136122 
8.11811811812 1.0 0.965318303844 0.830323540354 
9.25925925926 1.0 0.164763965562 0.224344552161 
-5.01501501502 1.0 0.954557149695 0.952874497861 
-4.01401401401 1.0 0.765888052358 1.33006087268 
-4.31431431431 1.0 0.921809046742 1.41317171634 
9.83983983984 1.0 -0.403246556161 -0.156532568326 
1.77177177177 1.0 0.979872320608 0.977812155773 
-3.83383383383 1.0 0.63826408348 1.18900645319 
4.41441441441 1.0 -0.955933085822 -0.963727403194 
-6.63663663664 1.0 -0.346137843492 -0.677927346735 
-8.5985985986 1.0 -0.735347535638 -0.585390212322 
-0.810810810811 1.0 -0.724845989014 -0.870818242169 
-2.33233233233 1.0 -0.723776968945 -1.00565648447 
3.37337337337 1.0 -0.229710988177 -0.216839184167 
4.69469469469 1.0 -0.999843460211 -0.99527551298 
5.01501501502 1.0 -0.954557149695 -0.930294514829 
-6.996996997 1.0 -0.654719669029 -0.773194178152 
2.39239239239 1.0 0.681053382124 0.705708195565 
-3.53353353353 1.0 0.381982835353 0.817266497138 
-4.73473473473 1.0 0.99975034402 1.2288153747 
-6.81681681682 1.0 -0.508663293061 -0.73682813379 
-1.69169169169 1.0 -0.992701051804 -1.30444139434 
5.03503503504 1.0 -0.948399735659 -0.922717053312 
3.03303303303 1.0 0.108346513523 0.138180109563 
-4.61461461461 1.0 0.995223893414 1.31360930585 
5.75575575576 1.0 -0.503313872361 -0.410709962576 
-3.97397397397 1.0 0.739536372707 1.30453478586 
1.67167167167 1.0 0.994916395419 0.990665533691 
-7.45745745746 1.0 -0.922408976872 -0.788227532434 
5.07507507508 1.0 -0.934947206573 -0.906352424258 
6.13613613614 1.0 -0.146519791772 -0.0190558651625 
-7.15715715716 1.0 -0.766884055736 -0.789543437227 
6.97697697698 1.0 0.639456909771 0.720241360106 
3.89389389389 1.0 -0.683320745574 -0.694981267013 
-4.25425425425 1.0 0.896879023055 1.41174844087 
7.27727727728 1.0 0.838264195546 0.854604868477 
1.69169169169 1.0 0.992701051804 0.988812146806 
9.0990990991 1.0 0.319952035985 0.327673341508 
-4.91491491491 1.0 0.979561626072 1.06216032569 
-3.69369369369 1.0 0.524477262156 1.03486542733 
-1.57157157157 1.0 -0.999999699498 -1.29762127402 
3.11311311311 1.0 0.0284756907485 0.0551888375244 
9.51951951952 1.0 -0.094599889559 0.0531480686188 
-3.57357357357 1.0 0.41867057176 0.875350311099 
-1.15115115115 1.0 -0.91323356617 -1.13609677519 
-4.15415415415 1.0 0.848191426515 1.39260438813 
-7.1971971972 1.0 -0.791959659904 -0.79158633927 
5.995995996 1.0 -0.2832577738 -0.166756260407 
8.35835835836 1.0 0.875475849797 0.739179340937 
0.01001001001 1.0 0.0100098428432 0.00982843962505 
8.85885885886 1.0 0.536191852752 0.476220655853 
-5.61561561562 1.0 0.61907922661 0.190748652361 
1.07107107107 1.0 0.877714248189 0.879239118764 
-1.47147147147 1.0 -0.995071340501 -1.27804846611 
1.99199199199 1.0 0.912600742763 0.918359396737 
9.43943943944 1.0 -0.0146609534063 0.106005458656 
-6.5965965966 1.0 -0.308305540605 -0.661414852131 
-7.7977977978 1.0 -0.998422103411 -0.750598685426 
3.33333333333 1.0 -0.190567962875 -0.175346077461 
-0.850850850851 1.0 -0.75184168035 -0.907109008192 
6.73673673674 1.0 0.438160658811 0.55537194528 
-1.23123123123 1.0 -0.942899611382 -1.18234443173 
2.61261261261 1.0 0.504653050544 0.536838117205 
-7.3973973974 1.0 -0.897563688968 -0.791316068705 
-0.510510510511 1.0 -0.488622728493 -0.567688694854 
1.55155155155 1.0 0.999814825028 0.994214035704 
-9.5995995996 1.0 0.173932497848 -0.343606613277 
-9.35935935936 1.0 -0.0653719505576 -0.400437420093 
8.51851851852 1.0 0.787202470352 0.664097440261 
2.59259259259 1.0 0.521834495241 0.553537093186 
6.67667667668 1.0 0.38341529066 0.506886044807 
2.03203203203 1.0 0.895503224543 0.903032419801 
7.01701701702 1.0 0.669720024621 0.742876202299 
1.59159159159 1.0 0.999783786273 0.994475890175 
-8.81881881882 1.0 -0.569550710787 -0.532149307045 
7.75775775776 1.0 0.995374053792 0.905178389955 
6.63663663664 1.0 0.346137843492 0.473102472858 
-4.07407407407 1.0 0.803100948886 1.36198450568 
-2.79279279279 1.0 -0.341770182763 -0.422977209428 
-7.55755755756 1.0 -0.956387136503 -0.780448808815 
-7.35735735736 1.0 -0.879195966573 -0.792656519013 
-5.21521521522 1.0 0.87622408965 0.709458626485 
5.83583583584 1.0 -0.432577348176 -0.331597223079 
-9.13913913914 1.0 -0.281770446506 -0.453769235486 
4.85485485485 1.0 -0.989868890237 -0.976147161582 
-2.61261261261 1.0 -0.504653050544 -0.685341135758 
0.810810810811 1.0 0.724845989014 0.734728790865 
-1.49149149149 1.0 -0.996857019318 -1.28295079635 
-3.25325325325 1.0 0.111428711879 0.361153828776 
-3.59359359359 1.0 0.436766402789 0.903521897616 
8.47847847848 1.0 0.811257411747 0.68380441113 
-1.91191191191 1.0 -0.942382045726 -1.26747744902 
9.53953953954 1.0 -0.114509838728 0.0399352886171 
-0.45045045045 1.0 -0.435371096772 -0.50233419783 
-2.29229229229 1.0 -0.750818471552 -1.04190679987 
-3.19319319319 1.0 0.0515776439174 0.256517083909 
-7.37737737738 1.0 -0.888557889358 -0.792060681466 
6.15615615616 1.0 -0.126687794244 0.00205676339055 
-8.0980980981 1.0 -0.970351253498 -0.697053114791 
1.43143143143 1.0 0.99030442098 0.984749065309 
-8.93893893894 1.0 -0.466950456861 -0.502764490553 
-2.87287287287 1.0 -0.265497380359 -0.294875919764 
-0.47047047047 1.0 -0.453305691794 -0.524235257436 
-5.3953953954 1.0 0.775678794758 0.475359154302 
1.01101101101 1.0 0.84736912878 0.850754006023 
0.630630630631 1.0 0.589654207656 0.604465443938 
8.55855855856 1.0 0.761885650774 0.643815379378 
-5.03503503504 1.0 0.948399735659 0.929852040534 
0.41041041041 1.0 0.398985690337 0.416000025215 
4.29429429429 1.0 -0.913864194148 -0.925135584427 
8.63863863864 1.0 0.707630665292 0.601641343096 
8.71871871872 1.0 0.648840196822 0.557508799487 
-3.07307307307 1.0 -0.0684659772958 0.0459183125363 
-5.65565565566 1.0 0.587146852786 0.140805357078 
-6.0960960961 1.0 0.185999691898 -0.334179458048 
-8.25825825826 1.0 -0.919387180273 -0.663508055683 
2.87287287287 1.0 0.265497380359 0.299139911818 
-9.4994994995 1.0 0.0746520259067 -0.367076248004 
-2.51251251251 1.0 -0.588401237484 -0.812827774091 
7.03703703704 1.0 0.684451964588 0.75365436758 
-2.21221221221 1.0 -0.801249393857 -1.10715980878 
1.17117117117 1.0 0.921206900567 0.919939376308 
2.07207207207 1.0 0.876970223046 0.886343979362 
1.03103103103 1.0 0.857829327634 0.860582732132 
-8.01801801802 1.0 -0.986576173517 -0.712695586789 
-9.33933933934 1.0 -0.0853347124856 -0.405245308177 
3.43343343343 1.0 -0.28771565565 -0.278400469181 
3.05305305305 1.0 0.0884239650333 0.117546512317 
1.27127127127 1.0 0.955476737061 0.951967497464 
-3.05305305305 1.0 -0.0884239650333 0.0109825459236 
-0.37037037037 1.0 -0.361960713579 -0.413809188761 
0.590590590591 1.0 0.556851671602 0.57246041633 
4.35435435435 1.0 -0.936587366299 -0.94628180283 
5.27527527528 1.0 -0.845718424022 -0.801036880142 
0.510510510511 1.0 0.488622728493 0.505349739095 
6.23623623624 1.0 -0.046931825201 0.0860627988787 
-1.67167167167 1.0 -0.994916395419 -1.3045947958 
-6.31631631632 1.0 -0.0331249483513 -0.506903143705 
0.33033033033 1.0 0.32435551719 0.340506505874 
-4.85485485485 1.0 0.989868890237 1.12241692349 
8.2982982983 1.0 0.902904601864 0.7645730639 
2.77277277277 1.0 0.360514923027 0.394711672681 
-1.01101101101 1.0 -0.84736912878 -1.03945675105 
-4.27427427427 1.0 0.905553075921 1.41305292604 
-0.610610610611 1.0 -0.573367839051 -0.673800553211 
-8.03803803804 1.0 -0.983109384216 -0.70886554883 
-4.99499499499 1.0 0.960331988856 0.975533298492 
-6.73673673674 1.0 -0.438160658811 -0.713649129923 
7.37737737738 1.0 0.888557889358 0.881268203382 
-1.29129129129 1.0 -0.961192106815 -1.2124694678 
-2.03203203203 1.0 -0.895503224543 -1.21905016672 
3.45345345345 1.0 -0.306830209454 -0.298696819849 
-8.05805805806 1.0 -0.979248576653 -0.704980514002 
4.87487487487 1.0 -0.986828185163 -0.971865883902 
3.63363363363 1.0 -0.472425730458 -0.474280726664 
-4.47447447447 1.0 0.971831589603 1.38135949333 
-7.93793793794 1.0 -0.996477739177 -0.727425658722 
4.93493493493 1.0 -0.975338684403 -0.956524553179 
-7.41741741742 1.0 -0.906209755988 -0.79042650906 
-5.23523523524 1.0 0.866401418913 0.683863152315 
-9.67967967968 1.0 0.252150304413 -0.325076156604 
-8.45845845846 1.0 -0.822799547447 -0.618397925441 
5.41541541542 1.0 -0.762889004574 -0.705379843267 
-9.43943943944 1.0 0.0146609534063 -0.381307255559 
2.19219219219 1.0 0.813066617154 0.828250828656 
-2.55255255255 1.0 -0.555563147622 -0.76351777948 
-2.65265265265 1.0 -0.469690351946 -0.630513875088 
5.91591591592 1.0 -0.359068265792 -0.250044365977 
4.49449449449 1.0 -0.976354771373 -0.98116225242 
-9.1991991992 1.0 -0.223670498102 -0.439139484962 
8.7987987988 1.0 0.585891056576 0.511637333557 
0.25025025025 1.0 0.247646422081 0.261786073314 
-0.25025025025 1.0 -0.247646422081 -0.279370804309 
-2.89289289289 1.0 -0.246143932464 -0.261949523384 
-4.21421421421 1.0 0.878456163293 1.40662599344 
-7.11711711712 1.0 -0.740579143612 -0.786719992163 
2.11211211211 1.0 0.857031446499 0.868307603972 
6.45645645646 1.0 0.172405433055 0.3083481113 
0.690690690691 1.0 0.637069722791 0.650444627844 
-1.37137137137 1.0 -0.980180659514 -1.2463067646 
1.37137137137 1.0 0.980180659514 0.975143876342 
3.81381381381 1.0 -0.622725447279 -0.632145534321 
9.87987987988 1.0 -0.439553861488 -0.182292296625 
0.27027027027 1.0 0.266991905564 0.281750504729 
7.2972972973 1.0 0.849011685183 0.860653557303 
8.5985985986 1.0 0.735347535638 0.622987171422 
-6.75675675676 1.0 -0.456067581459 -0.719878906234 
-6.85685685686 1.0 -0.542719485852 -0.746727833419 
8.6986986987 1.0 0.66394288333 0.568713416733 
7.13713713714 1.0 0.753882673169 0.802099826561 
3.29329329329 1.0 -0.151119458915 -0.133592702085 
1.85185185185 1.0 0.960763202681 0.961110815853 
-7.21721721722 1.0 -0.804023831509 -0.792326348204 
5.71571571572 1.0 -0.537499969971 -0.449142667681 
6.71671671672 1.0 0.42007812671 0.539510559787 
-5.25525525526 1.0 0.856231505045 0.658118382944 
-7.85785785786 1.0 -0.999992487454 -0.741109661686 
4.57457457457 1.0 -0.990518615549 -0.991877968115 
2.97297297297 1.0 0.167821766571 0.199487962219 
-6.37637637638 1.0 -0.0930562402792 -0.546006886538 
-9.3993993994 1.0 -0.0253758371902 -0.390851310194 
-5.995995996 1.0 0.2832577738 -0.240473009279 
-9.63963963964 1.0 0.213212289782 -0.334312843174 
-2.69269269269 1.0 -0.433974744115 -0.573614782354 
-0.15015015015 1.0 -0.149586594914 -0.167154221128 
-2.67267267267 1.0 -0.451923110669 -0.602317542634 
4.39439439439 1.0 -0.949864345085 -0.958326146747 
6.1961961962 1.0 -0.0868794431893 0.0441723243297 
-8.35835835836 1.0 -0.875475849797 -0.641315979507 
-1.03103103103 1.0 -0.857829327634 -1.05442332399 
-2.25225225225 1.0 -0.776656419186 -1.07573967102 
0.43043043043 1.0 0.417262010319 0.434331658664 
-8.998998999 1.0 -0.413030320922 -0.488048597287 
2.17217217217 1.0 0.824557973258 0.838758022329 
-8.31831831832 1.0 -0.894118814814 -0.650289416593 
-8.95895895896 1.0 -0.449154692451 -0.497859366663 
-2.43243243243 1.0 -0.651196684992 -0.904480992698 
2.09209209209 1.0 0.867174611281 0.877493395442 
4.95495495495 1.0 -0.970724838874 -0.950582662105 
1.41141141141 1.0 0.987325090799 0.981907374274 
-3.67367367367 1.0 0.507327764109 1.00992795164 
2.41241241241 1.0 0.666258547712 0.691767511179 
2.71271271271 1.0 0.415852445773 0.449698452571 
-9.47947947948 1.0 0.054674242632 -0.37180811896 
-4.03403403403 1.0 0.778606064409 1.34155332512 
6.91691691692 1.0 0.592155892373 0.683623724438 
6.77677677678 1.0 0.473791717778 0.586163203785 
-0.21021021021 1.0 -0.208665487323 -0.234430144902 
0.49049049049 1.0 0.471058607419 0.487950589528 
7.35735735736 1.0 0.879195966573 0.876648083003 
0.45045045045 1.0 0.435371096772 0.452437037609 
4.63463463463 1.0 -0.996978653508 -0.995480913321 
-5.17517517518 1.0 0.894812095251 0.760122918994 
-4.37437437437 1.0 0.943414910292 1.40720921065 
9.85985985986 1.0 -0.421484671785 -0.169429895183 
4.53453453453 1.0 -0.984225545624 -0.987363085951 
-2.71271271271 1.0 -0.415852445773 -0.544418211729 
-2.75275275275 1.0 -0.379115173303 -0.484598530844 
-5.2952952953 1.0 0.834866389361 0.606259370484 
7.5975975976 1.0 0.967313252172 0.909378910081 
-2.57257257257 1.0 -0.53880679503 -0.738012821072 
8.15815815816 1.0 0.9540939133 0.817156588953 
7.91791791792 1.0 0.997956771974 0.882253366839 
-4.93493493493 1.0 0.975338684403 1.04114138709 
-4.19419419419 1.0 0.868714740054 1.40280026161 
4.89489489489 1.0 -0.983391971377 -0.967167538878 
1.95195195195 1.0 0.928235370545 0.932312423046 
-1.09109109109 1.0 -0.887131000257 -1.09704133743 
6.61661661662 1.0 0.327287278425 0.45579340289 
7.97797797798 1.0 0.992322298019 0.869235031749 
9.57957957958 1.0 -0.154184093352 0.0135267780948 
5.85585585586 1.0 -0.41444188151 -0.311410902748 
-5.83583583584 1.0 0.432577348176 -0.0720240350768 
0.17017017017 1.0 0.169350063744 0.180180108415 
0.0700700700701 1.0 0.0700127456343 0.0746828856809 
-0.970970970971 1.0 -0.825434213842 -1.00842563833 
3.61361361361 1.0 -0.454687183165 -0.455522290543 
-1.85185185185 1.0 -0.960763202681 -1.28409054831 
-9.83983983984 1.0 0.403246556161 -0.288739369124 
2.35235235235 1.0 0.709818357066 0.732693872363 
2.25225225225 1.0 0.776656419186 0.794787908157 
-8.1981981982 1.0 -0.941340119153 -0.676401737983 
5.31531531532 1.0 -0.823679750423 -0.775463590945 
4.43443443443 1.0 -0.961618700226 -0.968712829551 
-7.13713713714 1.0 -0.753882673169 -0.788231563205 
-4.35435435435 1.0 0.936587366299 1.41000713561 
-4.81481481481 1.0 0.994759058541 1.16008309596 
-5.67567567568 1.0 0.570824460166 0.116145873424 
9.03903903904 1.0 0.376243865658 0.365677723677 
-6.67667667668 1.0 -0.38341529066 -0.693150124881 
5.17517517518 1.0 -0.894812095251 -0.858500306241 
-9.65965965966 1.0 0.232727934358 -0.329687233926 
-1.63163163163 1.0 -0.998150103477 -1.30334373788 
-3.37337337337 1.0 0.229710988177 0.565155715894 
9.33933933934 1.0 0.0853347124856 0.171921525266 
-7.51751751752 1.0 -0.943927941216 -0.783933879997 
4.55455455455 1.0 -0.987569983594 -0.989831558654 
-5.07507507508 1.0 0.934947206573 0.88279209424 
4.21421421421 1.0 -0.878456163293 -0.891277282644 
5.35535535536 1.0 -0.800320725902 -0.748464250894 
7.05705705706 1.0 0.698909584547 0.764070920405 
9.11911911912 1.0 0.30092154409 0.314902073257 
6.25625625626 1.0 -0.0269257963344 0.106894324571 
-6.2962962963 1.0 -0.0131106134944 -0.493113948366 
7.21721721722 1.0 0.804023831509 0.834287746257 
-2.91291291291 1.0 -0.226691833081 -0.228704228253 
5.63563563564 1.0 -0.603233924101 -0.523371302351 
5.8958958959 1.0 -0.377679973455 -0.270623441617 
-5.55555555556 1.0 0.665101514979 0.267014863259 
-5.81581581582 1.0 0.450539443112 -0.0494901312536 
5.33533533534 1.0 -0.812162990678 -0.76213976331 
5.5955955956 1.0 -0.634676409709 -0.559022033026 
-5.93593593594 1.0 0.340312647942 -0.179872058061 
-9.6996996997 1.0 0.271471615699 -0.320479862812 
-7.61761761762 1.0 -0.972195835089 -0.774353978293 
-3.39339339339 1.0 0.249148316352 0.598136012135 
3.79379379379 1.0 -0.606937230307 -0.615680933085 
1.83183183183 1.0 0.96612325186 0.965817524356 
-3.73373373373 1.0 0.558138856901 1.08262424143 
5.1951951952 1.0 -0.885695580449 -0.847762942116 
-8.47847847848 1.0 -0.811257411747 -0.61374141946 
5.65565565566 1.0 -0.587146852786 -0.505166859558 
-7.27727727728 1.0 -0.838264195546 -0.793473250977 
-2.45245245245 1.0 -0.635873830576 -0.882450838717 
-6.91691691692 1.0 -0.592155892373 -0.759578766814 
-9.97997997998 1.0 0.527114985665 -0.257808258471 
-9.7997997998 1.0 0.366292850383 -0.297728445356 
8.17817817818 1.0 0.947906971008 0.810251677392 
4.05405405405 1.0 -0.791012020637 -0.804804799757 
-7.87787787788 1.0 -0.99971449835 -0.737794505398 
9.91991991992 1.0 -0.475156566095 -0.207905992065 
1.25125125125 1.0 0.949378423874 0.946265152157 
-1.87187187187 1.0 -0.955018091318 -1.27910708914 
1.73173173173 1.0 0.987077824457 0.984028089172 
-9.15915915916 1.0 -0.26250641876 -0.44888715596 
-5.47547547548 1.0 0.722706208904 0.370590831863 
-2.13213213213 1.0 -0.846544793956 -1.1628057588 
9.7997997998 1.0 -0.366292850383 -0.130639667853 
-1.89189189189 1.0 -0.948890220341 -1.27357049318 
-1.41141141141 1.0 -0.987325090799 -1.26043458934 
4.99499499499 1.0 -0.960331988856 -0.937465887353 
-1.19119119119 1.0 -0.928811026462 -1.16007190257 
-2.19219219219 1.0 -0.813066617154 -1.12196801463 
4.27427427427 1.0 -0.905553075921 -0.917273254442 
-6.51651651652 1.0 -0.231219739195 -0.624376343171 
-7.65765765766 1.0 -0.980790267476 -0.769749669828 
1.79179179179 1.0 0.975679725882 0.974169163582 
-0.790790790791 1.0 -0.710909644644 -0.852240562497 
-0.710710710711 1.0 -0.65237258226 -0.775267881071 
9.47947947948 1.0 -0.054674242632 0.0795799244692 
5.47547547548 1.0 -0.722706208904 -0.659328140038 
-7.23723723724 1.0 -0.81576576016 -0.792884618756 
-1.43143143143 1.0 -0.99030442098 -1.26678671264 
-7.43743743744 1.0 -0.914492625181 -0.789395764867 
9.21921921922 1.0 0.204114170152 0.250397922377 
1.31131131131 1.0 0.966522242485 0.96230824894 
7.61761761762 1.0 0.972195835089 0.909942865747 
0.19019019019 1.0 0.189045659132 0.200832384411 
7.41741741742 1.0 0.906209755988 0.889453442708 
9.65965965966 1.0 -0.232727934358 -0.0391638771802 
3.27327327327 1.0 -0.131300397197 -0.112645696005 
-0.630630630631 1.0 -0.589654207656 -0.694506996357 
6.21621621622 1.0 -0.066919044364 0.0651515781848 
1.97197197197 1.0 0.920602539794 0.925508395107 
0.550550550551 1.0 0.523156507537 0.539410798872 
0.0900900900901 1.0 0.0899682743046 0.0960593922418 
3.83383383383 1.0 -0.63826408348 -0.648314965759 
2.79279279279 1.0 0.341770182763 0.375970940639 
-1.27127127127 1.0 -0.955476737061 -1.20287223217 
4.07407407407 1.0 -0.803100948886 -0.816937710478 
0.770770770771 1.0 0.69668837635 0.707804585912 
4.75475475475 1.0 -0.999102704803 -0.991263426747 
-8.63863863864 1.0 -0.707630665292 -0.575808551912 
-5.1951951952 1.0 0.885695580449 0.734885121413 
4.71471471471 1.0 -0.999997295481 -0.994360804708 
-0.35035035035 1.0 -0.343226895963 -0.391498842958 
-9.27927927928 1.0 -0.144985860003 -0.419723558484 
-9.91991991992 1.0 0.475156566095 -0.27096121385 
-1.51151151151 1.0 -0.998243169988 -1.28736268897 
-6.01601601602 1.0 0.264002216892 -0.259954644762 
8.53853853854 1.0 0.774699305584 0.654026477494 
-1.21121121121 1.0 -0.936042896216 -1.17142369351 
-6.43643643644 1.0 -0.152651959622 -0.58176452502 
-6.17617617618 1.0 0.106805021793 -0.40235317117 
2.63263263263 1.0 0.487269347053 0.519888763112 
-0.27027027027 1.0 -0.266991905564 -0.301840872821 
9.8998998999 1.0 -0.45744688336 -0.195118181597 
-0.930930930931 1.0 -0.802176135594 -0.975981069893 
-6.41641641642 1.0 -0.132837305145 -0.570212548328 
-3.43343343343 1.0 0.28771565565 0.662970844415 
5.73573573574 1.0 -0.520511228445 -0.430028288345 
2.37237237237 1.0 0.695575258639 0.719351419731 
8.65865865866 1.0 0.693344009372 0.590783119883 
-1.83183183183 1.0 -0.96612325186 -1.2885241831 
8.43843843844 1.0 0.834011915114 0.702906943142 
4.51451451451 1.0 -0.980486642048 -0.984473098233 
-3.35335335335 1.0 0.210181594637 0.531836760383 
-7.53753753754 1.0 -0.950347982805 -0.782251340647 
-8.85885885886 1.0 -0.536191852752 -0.522367786606 
2.69269269269 1.0 0.433974744115 0.467593355818 
9.45945945946 1.0 -0.034674546587 0.0927946016233 
0.750750750751 1.0 0.682187883844 0.693898302058 
9.17917917918 1.0 0.243137181641 0.276318179286 
-5.11511511512 1.0 0.919995965877 0.834506966065 
7.0970970971 1.0 0.726978798959 0.783814444754 
3.73373373373 1.0 -0.558138856901 -0.564591817679 
0.710710710711 1.0 0.65237258226 0.66521474045 
7.17717717718 1.0 0.779578080518 0.818924035559 
-5.51551551552 1.0 0.694460468753 0.318586073278 
9.13913913914 1.0 0.281770446506 0.302083942295 
6.31631631632 1.0 0.0331249483513 0.16879565646 
5.81581581582 1.0 -0.450539443112 -0.351630821919 
9.95995995996 1.0 -0.509997599178 -0.23336132219 
-0.0500500500501 1.0 -0.0500291567086 -0.0559650724363 
-8.21821821822 1.0 -0.934395989648 -0.67214249281 
-6.71671671672 1.0 -0.42007812671 -0.707121022967 
-3.21321321321 1.0 0.0715593456609 0.291513221499 
5.95595595596 1.0 -0.32142063693 -0.208571751832 
6.8968968969 1.0 0.575905704393 0.670717294836 
-5.71571571572 1.0 0.537499969971 0.0675162123452 
-8.17817817818 1.0 -0.947906971008 -0.680620214826 
-0.570570570571 1.0 -0.540112324789 -0.631840432474 
-6.95695695696 1.0 -0.623937863975 -0.766872510349 
2.45245245245 1.0 0.635873830576 0.663007724782 
-3.75375375375 1.0 0.574637462441 1.10541505199 
-9.11911911912 1.0 -0.30092154409 -0.458656136511 
6.95695695696 1.0 0.623937863975 0.708388525103 
7.07707707708 1.0 0.713087090062 0.774124610373 
4.37437437437 1.0 -0.943414910292 -0.952510441204 
1.91191191191 1.0 0.942382045726 0.944879998256 
3.97397397397 1.0 -0.739536372707 -0.752660205025 
7.45745745746 1.0 0.922408976872 0.896247370961 
9.97997997998 1.0 -0.527114985665 -0.246025890463 
0.530530530531 1.0 0.505991015532 0.522504583155 
2.01201201201 1.0 0.904233186475 0.910866895328 
6.85685685686 1.0 0.542719485852 0.643872411442 
-7.2972972973 1.0 -0.849011685183 -0.793512110645 
-4.95495495495 1.0 0.970724838874 1.01968515973 
-0.29029029029 1.0 -0.286230381945 -0.324298300038 
2.43243243243 1.0 0.651196684992 0.677532820275 
-1.97197197197 1.0 -0.920602539794 -1.24582665808 
4.65465465465 1.0 -0.998333836705 -0.995835678204 
6.81681681682 1.0 0.508663293061 0.615676354993 
6.0960960961 1.0 -0.185999691898 -0.0613313112901 
3.21321321321 1.0 -0.0715593456609 -0.0496540479024 
5.93593593594 1.0 -0.340312647942 -0.229356677418 
8.61861861862 1.0 0.721633711464 0.612377193396 
6.11611611612 1.0 -0.166293065952 -0.0401891993993 
9.55955955956 1.0 -0.13437389375 0.0267274857003 
0.910910910911 1.0 0.790062479764 0.796703843317 
-9.73973973974 1.0 0.309780130585 -0.311332595538 
1.33133133133 1.0 0.971465007816 0.966944470944 
4.13413413413 1.0 -0.837417761709 -0.851097449345 
8.31831831832 1.0 0.894118814814 0.756288600335 
-6.05605605606 1.0 0.225181436261 -0.29781409333 
4.25425425425 1.0 -0.896879023055 -0.909007775959 
-0.03003003003 1.0 -0.0300255167065 -0.033941731146 
7.53753753754 1.0 0.950347982805 0.9057442863 
6.6966966967 1.0 0.401827232414 0.523346505846 
-1.65165165165 1.0 -0.996732988666 -1.3042278291 
1.13113113113 1.0 0.904894218889 0.904687803295 
8.8988988989 1.0 0.501973484202 0.452175646348 
-0.910910910911 1.0 -0.790062479764 -0.959248468108 
1.19119119119 1.0 0.928811026462 0.92704540596 
5.4954954955 1.0 -0.708725363073 -0.643346961193 
8.41841841842 1.0 0.844890020967 0.712222265026 
2.49249249249 1.0 0.604469813648 0.633101503926 
9.73973973974 1.0 -0.309780130585 -0.0915800542564 
-9.75975975976 1.0 0.328751980598 -0.306782089013 
-8.91891891892 1.0 -0.484559073218 -0.507668573584 
-7.997997998 1.0 -0.989647555109 -0.716468656844 
0.47047047047 1.0 0.453305691794 0.47031153143 
-0.590590590591 1.0 -0.556851671602 -0.652908230394 
-8.57857857858 1.0 -0.748766641479 -0.590159018738 
-7.77777777778 1.0 -0.997097890944 -0.753601317223 
-0.750750750751 1.0 -0.682187883844 -0.814267376891 
-1.25125125125 1.0 -0.949378423874 -1.19282894381 
-2.39239239239 1.0 -0.681053382124 -0.946753218627 
-7.03703703704 1.0 -0.684451964588 -0.778583384449 
8.83883883884 1.0 0.552982096013 0.488116185637 
9.31931931932 1.0 0.105263273301 0.185060465182 
-7.5975975976 1.0 -0.967313252172 -0.776496919536 
-9.61961961962 1.0 0.193611192318 -0.338952725224 
4.01401401401 1.0 -0.765888052358 -0.779445520758 
6.03603603604 1.0 -0.244640851113 -0.124690988871 
-9.2992992993 1.0 -0.125149645879 -0.414888786118 
9.05905905906 1.0 0.357620745349 0.353064021426 
-1.07107107107 1.0 -0.877714248189 -1.08322249698 
-2.99299299299 1.0 -0.148053371305 -0.0929896690175 
2.83283283283 1.0 0.303877337824 0.337914067534 
8.01801801802 1.0 0.986576173517 0.85930311863 
6.53653653654 1.0 0.250649611665 0.383952828825 
2.65265265265 1.0 0.469690351946 0.50269442034 
3.31331331331 1.0 -0.170877953796 -0.154496467072 
-9.37937937938 1.0 -0.0453829883483 -0.395639293245 
-8.83883883884 1.0 -0.552982096013 -0.527260829796 
5.43543543544 1.0 -0.749793457774 -0.690350991449 
5.77577577578 1.0 -0.485914794209 -0.391197539814 
-5.05505505506 1.0 0.941862214566 0.90648486729 
-2.85285285285 1.0 -0.284744420138 -0.3274620224 
5.6956956957 1.0 -0.554273288059 -0.468043463789 
-5.87587587588 1.0 0.396140311588 -0.116150789212 
7.93793793794 1.0 0.996477739177 0.878169905919 
2.75275275275 1.0 0.379115173303 0.413251055194 
-4.69469469469 1.0 0.999843460211 1.25963505678 
-6.7967967968 1.0 -0.491325964149 -0.731463391851 
8.4984984985 1.0 0.799390133963 0.67402463687 
6.43643643644 1.0 0.152651959622 0.28892672612 
7.73773773774 1.0 0.993251282848 0.906767207745 
-5.45545545546 1.0 0.736397402892 0.3967141277 
0.730730730731 1.0 0.667413978747 0.679700504668 
6.51651651652 1.0 0.231219739195 0.365382537196 
-4.67467467467 1.0 0.999288899866 1.27410722645 
4.23423423423 1.0 -0.887845512006 -0.900341583295 
6.07607607608 1.0 -0.205631771434 -0.0824702639979 
0.610610610611 1.0 0.573367839051 0.588595531575 
5.61561561562 1.0 -0.61907922661 -0.541325857521 
-2.27227227227 1.0 -0.763890524376 -1.05912525337 
3.19319319319 1.0 -0.0515776439174 -0.0286426931938 
-7.47747747748 1.0 -0.929955638285 -0.786925442088 
-5.31531531532 1.0 0.823679750423 0.580184093767 
9.81981981982 1.0 -0.384846824231 -0.143601940157 
-2.53253253253 1.0 -0.572096837274 -0.788458385736 
-3.85385385385 1.0 0.653546911213 1.20795278992 
-4.41441441441 1.0 0.955933085822 1.39921743189 
-2.47247247247 1.0 -0.620296125676 -0.859829082551 
-8.13813813814 1.0 -0.959898466376 -0.688928277323 
-2.01201201201 1.0 -0.904233186475 -1.22855050445 
3.23323323323 1.0 -0.0915123672906 -0.0706655220735 
1.75175175175 1.0 0.983672194447 0.981098737038 
-2.05205205205 1.0 -0.886414355831 -1.20897086665 
4.17417417417 1.0 -0.858625146533 -0.871965674776 
0.31031031031 1.0 0.305354140677 0.321116048036 
1.29129129129 1.0 0.961192106815 0.957315576716 
-0.950950950951 1.0 -0.813968289004 -0.99237614262 
-5.35535535536 1.0 0.800320725902 0.527838425486 
-9.21921921922 1.0 -0.204114170152 -0.434274873537 
-8.07807807808 1.0 -0.974995298193 -0.701042408547 
-6.11611611612 1.0 0.166293065952 -0.351795201521 
2.93293293293 1.0 0.207148878373 0.239772437077 
7.71771771772 1.0 0.990730428893 0.908059454981 
2.85285285285 1.0 0.284744420138 0.318612795949 
7.63763763764 1.0 0.976688773762 0.91018860211 
-0.43043043043 1.0 -0.417262010319 -0.480330767095 
3.95395395395 1.0 -0.725913266541 -0.738745609335 
7.8978978979 1.0 0.999035835857 0.886075481202 
7.85785785786 1.0 0.999992487454 0.892919659707 
4.83483483483 1.0 -0.99251286792 -0.980010288279 
5.53553553554 1.0 -0.679917243139 -0.610478985476 
-9.01901901902 1.0 -0.39471619201 -0.483144212561 
4.03403403403 1.0 -0.778606064409 -0.792305864585 
-4.79479479479 1.0 0.996606561851 1.17811493777 
-6.35635635636 1.0 -0.0731057736575 -0.533347501128 
-3.11311311311 1.0 -0.0284756907485 0.116043707564 
5.0950950951 1.0 -0.927657483133 -0.897569912238 
6.05605605606 1.0 -0.225181436261 -0.10359412663 
-3.81381381381 1.0 0.622725447279 1.16926867693 
3.57357357357 1.0 -0.41867057176 -0.417383136861 
7.51751751752 1.0 0.943927941216 0.903874423608 
-8.73873873874 1.0 -0.633477463068 -0.551642100311 
-7.97797797798 1.0 -0.992322298019 -0.720182742283 
-0.23023023023 1.0 -0.228201684929 -0.25689748086 
-7.33733733734 1.0 -0.869481672757 -0.793099687151 
-2.35235235235 1.0 -0.709818357066 -0.986624952448 
6.55655655656 1.0 0.269979026825 0.402287526476 
-0.730730730731 1.0 -0.667413978747 -0.794891038665 
-1.33133133133 1.0 -0.971465007816 -1.23030726149 
-2.41241241241 1.0 -0.666258547712 -0.925916077482 
9.2992992993 1.0 0.125149645879 0.198178956193 
6.93693693694 1.0 0.608168751487 0.696181772096 
3.47347347347 1.0 -0.325821789448 -0.318863334299 
1.57157157157 1.0 0.999999699498 0.994525761528 
5.97597597598 1.0 -0.302399804444 -0.187701081079 
6.65665665666 1.0 0.36484968073 0.4901357437 
8.03803803804 1.0 0.983109384216 0.853973378056 
8.33833833834 1.0 0.884974675839 0.747822738031 
6.75675675676 1.0 0.456067581459 0.570924708405 
-2.23223223223 1.0 -0.789111039566 -1.09175082451 
-4.23423423423 1.0 0.887845512006 1.40960751267 
-0.11011011011 1.0 -0.109887744787 -0.122496080765 
5.51551551552 1.0 -0.694460468753 -0.627061568439 
2.99299299299 1.0 0.148053371305 0.179160301788 
-3.23323323323 1.0 0.0915123672906 0.3264019374 
10.0 1.0 -0.544021110889 -0.258646481335 
-9.07907907908 1.0 -0.338854295004 -0.468442300922 
2.13213213213 1.0 0.846544793956 0.858788470787 
3.93393393393 1.0 -0.711999223182 -0.724490363064 
-3.27327327327 1.0 0.131300397197 0.395739514689 
-5.95595595596 1.0 0.32142063693 -0.2004268039 
1.47147147147 1.0 0.995071340501 0.989349953101 
-7.4974974975 1.0 -0.93712958481 -0.785493058321 
-3.17317317317 1.0 0.0315752704827 0.221442887971 
-5.27527527528 1.0 0.845718424022 0.632243942715 
9.93993993994 1.0 -0.492675811867 -0.220654202972 
5.25525525526 1.0 -0.856231505045 -0.813277234419 
0.35035035035 1.0 0.343226895963 0.359695158377 
6.2962962963 1.0 0.0131106134944 0.148272143808 
-3.95395395395 1.0 0.725913266541 1.29050831169 
-8.71871871872 1.0 -0.648840196822 -0.556495986237 
1.09109109109 1.0 0.887131000257 0.888062253749 
4.97497497497 1.0 -0.965721938658 -0.944229210537 
7.23723723724 1.0 0.81576576016 0.841423084039 
-3.63363363363 1.0 0.472425730458 0.958019866892 
-8.4984984985 1.0 -0.799390133963 -0.609063421207 
-8.41841841842 1.0 -0.844890020967 -0.627641737146 
-6.03603603604 1.0 0.244640851113 -0.279069571907 
7.997997998 1.0 0.989647555109 0.864391684738 
-7.31731731732 1.0 -0.859418901282 -0.793386226062 
-2.31231231231 1.0 -0.737445499834 -1.02408389023 
3.35335335335 1.0 -0.210181594637 -0.196130617735 
-5.15515515516 1.0 0.903569980268 0.785152292432 
8.13813813814 1.0 0.959898466376 0.823848546318 
-1.53153153153 1.0 -0.999229236959 -1.29128067061 
-0.990990990991 1.0 -0.836569314705 -1.02412171733 
1.05105105105 1.0 0.867945718946 0.870078539605 
-9.25925925926 1.0 -0.164763965562 -0.424566456638 
9.23923923924 1.0 0.184476035731 0.237386559361 
5.57557557558 1.0 -0.650019222236 -0.576451577519 
2.89289289289 1.0 0.246143932464 0.279503393991 
-4.43443443443 1.0 0.961618700226 1.39403907542 
-4.59459459459 1.0 0.993070259711 1.32542863611 
-9.71971971972 1.0 0.290684124469 -0.315898596784 
1.39139139139 1.0 0.983950052752 0.978705455589 
0.890890890891 1.0 0.777632176518 0.784931200523 
-8.97897897898 1.0 -0.431178912314 -0.492953856168 
-6.87687687688 1.0 -0.559424700424 -0.751272904639 
-9.95995995996 1.0 0.509997599178 -0.262175035179 
9.75975975976 1.0 -0.328751980598 -0.104626984998 
2.33233233233 1.0 0.723776968945 0.745732378724 
2.31231231231 1.0 0.737445499834 0.758463894914 
8.27827827828 1.0 0.911328515751 0.772672244772 
-2.73273273273 1.0 -0.397563478837 -0.514741331036 
9.5995995996 1.0 -0.173932497848 0.000335251428637 
8.21821821822 1.0 0.934395989648 0.795818969071 
-7.83783783784 1.0 -0.999869691753 -0.7443503623 
-7.05705705706 1.0 -0.698909584547 -0.78094054559 
2.95295295295 1.0 0.187522900919 0.21969500943 
-5.85585585586 1.0 0.41444188151 -0.0942470137947 
-3.55355355355 1.0 0.400406942668 0.846591267703 
5.2952952953 1.0 -0.834866389361 -0.788430850557 
-3.29329329329 1.0 0.151119458915 0.430129697282 
-4.45445445445 1.0 0.966918909573 1.38808347928 
-0.530530530531 1.0 -0.505991015532 -0.589220196558 
-7.95795795796 1.0 -0.994599330244 -0.723835779823 
4.31431431431 1.0 -0.921809046742 -0.932592497956 
0.850850850851 1.0 0.75184168035 0.760446220965 
4.77477477477 1.0 -0.998054637396 -0.989081568474 
-8.33833833834 1.0 -0.884974675839 -0.645817863081 
3.91391391391 1.0 -0.69779981921 -0.709900243495 
-2.11211211211 1.0 -0.857031446499 -1.17522977108 
3.55355355355 1.0 -0.400406942668 -0.398021731194 
-3.09309309309 1.0 -0.0484805492288 0.0809479884244 
3.75375375375 1.0 -0.574637462441 -0.581896271011 
9.67967967968 1.0 -0.252150304413 -0.0522984783111 
1.63163163163 1.0 0.998150103477 0.993292226438 
1.61161161161 1.0 0.999167171889 0.994064620281 
1.93193193193 1.0 0.935496175869 0.938770073399 
-5.37537537538 1.0 0.788157702332 0.501606100673 
8.77877877878 1.0 0.601996584369 0.52325648117 
8.45845845846 1.0 0.822799547447 0.693433081833 
-4.17417417417 1.0 0.858625146533 1.3981272356 
9.6996996997 1.0 -0.271471615699 -0.0654139617955 
7.47747747748 1.0 0.929955638285 0.899128850474 
8.37837837838 1.0 0.865626143701 0.730362252251 
4.09409409409 1.0 -0.81486800406 -0.828700203388 
8.67867867868 1.0 0.678779469621 0.579805996072 
-9.23923923924 1.0 -0.184476035731 -0.429417044254 
5.13513513514 1.0 -0.911965725448 -0.87881731223 
7.95795795796 1.0 0.994599330244 0.873829117763 
-0.650650650651 1.0 -0.605704250039 -0.715017204565 
-1.99199199199 1.0 -0.912600742763 -1.23747495432 
4.61461461461 1.0 -0.995223893414 -0.994702932713 
2.23223223223 1.0 0.789111039566 0.806263446203 
5.21521521522 1.0 -0.87622408965 -0.836644190782 
-1.61161161161 1.0 -0.999167171889 -1.30194577157 
6.17617617618 1.0 -0.106805021793 0.0231367818609 
-7.6976976977 1.0 -0.987812502254 -0.764740825093 
6.4964964965 1.0 0.211697196671 0.346585523384 
-6.57657657658 1.0 -0.289200237681 -0.652663492223 
-7.73773773774 1.0 -0.993251282848 -0.759350629853 
-6.47647647648 1.0 -0.19208980849 -0.603782630509 
-3.79379379379 1.0 0.606937230307 1.1487498595 
3.41341341341 1.0 -0.268485788917 -0.257984922257 
0.15015015015 1.0 0.149586594914 0.159370495566 
2.91291291291 1.0 0.226691833081 0.25971143487 
3.39339339339 1.0 -0.249148316352 -0.237460898618 
-6.65665665666 1.0 -0.36484968073 -0.685697613115 
-1.45145145145 1.0 -0.992886849216 -1.27265923511 
3.71371371371 1.0 -0.541416556108 -0.547023402406 
6.5965965966 1.0 0.308305540605 0.438216000995 
-4.11411411411 1.0 0.826308470068 1.37900198268 
-8.51851851852 1.0 -0.787202470352 -0.604365076574 
-6.25625625626 1.0 0.0269257963344 -0.46439305486 
2.51251251251 1.0 0.588401237484 0.617728375978 
8.25825825826 1.0 0.919387180273 0.780582239804 
-3.15315315315 1.0 0.0115602420643 0.18631989625 
2.73273273273 1.0 0.397563478837 0.431582203507 
-8.65865865866 1.0 -0.693344009372 -0.570997657355 
8.87887887888 1.0 0.519186710331 0.464239421555 
2.57257257257 1.0 0.53880679503 0.569980502808 
4.11411411411 1.0 -0.826308470068 -0.840088103417 
-7.17717717718 1.0 -0.779578080518 -0.790660189487 
-5.53553553554 1.0 0.679917243139 0.292738133844 
-1.59159159159 1.0 -0.999783786273 -1.30003719093 
-1.75175175175 1.0 -0.983672194447 -1.30082653734 
3.51351351351 1.0 -0.363405633971 -0.358764769908 
-4.13413413413 1.0 0.837417761709 1.38622976134 
8.75875875876 1.0 0.617860839267 0.534776983478 
-9.93993993994 1.0 0.492675811867 -0.266559407231 
-6.97697697698 1.0 -0.639456909771 -0.770152366226 
7.65765765766 1.0 0.980790267476 0.910119575191 
-0.31031031031 1.0 -0.305354140677 -0.346733561697 
5.45545545546 1.0 -0.736397402892 -0.67499832753 
-4.97497497497 1.0 0.965721938658 0.997809696538 
-4.65465465465 1.0 0.998333836705 1.28793583106 
-5.91591591592 1.0 0.359068265792 -0.158970268966 
9.15915915916 1.0 0.26250641876 0.289221727972 
-7.25725725726 1.0 -0.827180739833 -0.793265492904 
-3.91391391391 1.0 0.69779981921 1.25995198407 
-1.39139139139 1.0 -0.983950052752 -1.25360664638 
-9.81981981982 1.0 0.384846824231 -0.293225733985 
-4.51451451451 1.0 0.980486642048 1.36564389864 
-3.45345345345 1.0 0.306830209454 0.694771737483 
6.7967967968 1.0 0.491325964149 0.601082095098 
0.11011011011 1.0 0.109887744787 0.117303823999 
1.87187187187 1.0 0.955018091318 0.95605157192 
9.4994994995 1.0 -0.0746520259067 0.0663636749615 
-2.07207207207 1.0 -0.876970223046 -1.19830961153 
5.7957957958 1.0 -0.468320967329 -0.371501075188 
-0.890890890891 1.0 -0.777632176518 -0.942186589786 
0.790790790791 1.0 0.710909644644 0.721415882238 
-2.17217217217 1.0 -0.824557973258 -1.13617710226 
-9.77977977978 1.0 0.347592070824 -0.302247300215 
-0.550550550551 1.0 -0.523156507537 -0.610607600067 
-6.4964964965 1.0 -0.211697196671 -0.614255691641 
-0.41041041041 1.0 -0.398985690337 -0.458235293121 
-1.35135135135 1.0 -0.97601842181 -1.23853893373 
6.37637637638 1.0 0.0930562402792 0.229570842373 
4.81481481481 1.0 -0.994759058541 -0.983454290939 
8.1981981982 1.0 0.941340119153 0.803137809206 
9.1991991992 1.0 0.223670498102 0.263376014771 
-6.15615615616 1.0 0.126687794244 -0.385883327749 
-2.83283283283 1.0 -0.303877337824 -0.359687268113 
0.650650650651 1.0 0.605704250039 0.620066185103 
9.3993993994 1.0 0.0253758371902 0.132406560634 
-3.61361361361 1.0 0.454687183165 0.931085110491 
-6.55655655656 1.0 -0.269979026825 -0.643576134667 
5.67567567568 1.0 -0.570824460166 -0.486721258826 
5.3953953954 1.0 -0.775678794758 -0.720078836138 
-9.0990990991 1.0 -0.319952035985 -0.463547336849 
-7.91791791792 1.0 -0.997956771974 -0.730950219881 
5.23523523524 1.0 -0.866401418913 -0.82514768007 
-8.37837837838 1.0 -0.865626143701 -0.636785120619 
4.73473473473 1.0 -0.99975034402 -0.993023323891 
-3.13313313313 1.0 -0.00845941955823 0.151177209695 
-3.87387387387 1.0 0.668567805308 1.22609814751 
2.05205205205 1.0 0.886414355831 0.894857562162 
9.37937937938 1.0 0.0453829883483 0.145592149691 
6.3963963964 1.0 0.112969411094 0.24952789882 
9.63963963964 1.0 -0.213212289782 -0.0260120800138 
8.97897897898 1.0 0.431178912314 0.403157395333 
-4.39439439439 1.0 0.949864345085 1.40361013451 
3.01301301301 1.0 0.128225638051 0.158721224425 
3.69369369369 1.0 -0.524477262156 -0.529199394273 
2.21221221221 1.0 0.801249393857 0.817418543915 
-0.17017017017 1.0 -0.169350063744 -0.189549654455 
-3.33333333333 1.0 0.190567962875 0.49820713959 
3.65365365365 1.0 -0.489974935275 -0.492819156317 
-4.71471471471 1.0 0.999997295481 1.244533065 
1.71171171171 1.0 0.990087845702 0.986599456412 
6.57657657658 1.0 0.289200237681 0.420378026624 
3.67367367367 1.0 -0.507327764109 -0.511128379666 
-3.41341341341 1.0 0.268485788917 0.63075008357 
-7.75775775776 1.0 -0.995374053792 -0.756519510175 
-2.59259259259 1.0 -0.521834495241 -0.711951136513 
9.61961961962 1.0 -0.193611192318 -0.0128450413441 
9.07907907908 1.0 0.338854295004 0.340394937466 
-6.13613613614 1.0 0.146519791772 -0.369030315912 
-1.13113113113 1.0 -0.904894218889 -1.12348472268 
2.55255255255 1.0 0.555563147622 0.586163354689 
8.81881881882 1.0 0.569550710787 0.49992281854 
-4.63463463463 1.0 0.996978653508 1.30110751325 
9.01901901902 1.0 0.39471619201 0.378233144615 
-4.57457457457 1.0 0.990518615549 1.33655332958 
-0.770770770771 1.0 -0.69668837635 -0.83338710375 
9.41941941942 1.0 0.00535851570584 0.11921021565 
-6.45645645646 1.0 -0.172405433055 -0.592953427956 
-2.15215215215 1.0 -0.835718856574 -1.14978897578 
3.53353353353 1.0 -0.381982835353 -0.378478923844 
-3.01301301301 1.0 -0.128225638051 -0.0584980881351 
-8.23823823824 1.0 -0.927077365617 -0.667844078158 
9.77977977978 1.0 -0.347592070824 -0.117647441681 
0.990990990991 1.0 0.836569314705 0.840594763573 
3.49349349349 1.0 -0.34468278404 -0.338889465087 
-9.31931931932 1.0 -0.105263273301 -0.410062564643 
-5.75575575576 1.0 0.503313872361 0.0198863514256 
-9.53953953954 1.0 0.114509838728 -0.357649526973 
-4.87487487487 1.0 0.986828185163 1.10281545841 
1.81181181181 1.0 0.971096090611 0.970170639904 
1.35135135135 1.0 0.97601842181 0.971223296662 
-6.07607607608 1.0 0.205631771434 -0.316184979565 
-5.13513513514 1.0 0.911965725448 0.809953531284 
-1.31131131131 1.0 -0.966522242485 -1.22161598263 
2.15215215215 1.0 0.835718856574 0.848937937003 
-7.57757757758 1.0 -0.96204298189 -0.778529588483 
1.15115115115 1.0 0.91323356617 0.91248626448 
3.09309309309 1.0 0.0484805492288 0.0760409201325 
7.4974974975 1.0 0.93712958481 0.901670257657 
6.27627627628 1.0 -0.00690897593668 0.127634590611 
-5.8958958959 1.0 0.377679973455 -0.137727614078 
-8.75875875876 1.0 -0.617860839267 -0.54677966293 
-1.79179179179 1.0 -0.975679725882 -1.29575520795 
-9.8998998999 1.0 0.45744688336 -0.275380288574 
4.79479479479 1.0 -0.996606561851 -0.986478304308 
-5.6956956957 1.0 0.554273288059 0.0917119939128 
2.53253253253 1.0 0.572096837274 0.602080849685 
5.37537537538 1.0 -0.788157702332 -0.734442162439 
-0.690690690691 1.0 -0.637069722791 -0.755407820272 
1.11111111111 1.0 0.89619220103 0.896545823612 
-3.47347347347 1.0 0.325821789448 0.726126780403 
4.15415415415 1.0 -0.848191426515 -0.861724489089 
-4.05405405405 1.0 0.791012020637 1.35219514039 
8.93893893894 1.0 0.466950456861 0.427812983115 
6.33633633634 1.0 0.0531260071326 0.18919394008 
-6.27627627628 1.0 0.00690897593668 -0.478944385808 
-1.95195195195 1.0 -0.928235370545 -1.25360881143 
7.77777777778 1.0 0.997097890944 0.903296790182 
-5.77577577578 1.0 0.485914794209 -0.00352532650101 
8.05805805806 1.0 0.979248576653 0.848406508192 
1.21121121121 1.0 0.936042896216 0.933802719081 
2.67267267267 1.0 0.451923110669 0.485260683472 
-3.71371371371 1.0 0.541416556108 1.05910276084 
-1.81181181181 1.0 -0.971096090611 -1.29241130236 
0.39039039039 1.0 0.380549461752 0.397446850392 
5.55555555556 1.0 -0.665101514979 -0.593606482772 
-2.09209209209 1.0 -0.867174611281 -1.18706350638 
9.27927927928 1.0 0.144985860003 0.211274496285 
1.49149149149 1.0 0.996857019318 0.991108468226 
5.15515515516 1.0 -0.903569980268 -0.868852846554 
-3.51351351351 1.0 0.363405633971 0.78739851777 
7.83783783784 1.0 0.999869691753 0.895933760668 
3.25325325325 1.0 -0.111428711879 -0.0916663465654 
-2.63263263263 1.0 -0.487269347053 -0.658192034678 
-4.55455455455 1.0 0.987569983594 1.34697161395 
3.07307307307 1.0 0.0684659772958 0.0968301553541 
7.6976976977 1.0 0.987812502254 0.909051387196 
4.59459459459 1.0 -0.993070259711 -0.993501872218 
-10.0 1.0 0.544021110889 -0.253459232315 
-9.87987987988 1.0 0.439553861488 -0.279816459145 
-3.65365365365 1.0 0.489974935275 0.984306935631 
-1.73173173173 1.0 -0.987077824457 -1.30256051378 
-0.0700700700701 1.0 -0.0700127456343 -0.0780704681365 
-5.97597597598 1.0 0.302399804444 -0.220628841122 
3.87387387387 1.0 -0.668567805308 -0.679739690211 
0.670670670671 1.0 0.62151153354 0.635393856196 
7.1971971972 1.0 0.791959659904 0.826788272348 
-8.2982982983 1.0 -0.902904601864 -0.654729252683 
7.87787787788 1.0 0.99971449835 0.889632242462 
0.930930930931 1.0 0.802176135594 0.808159322692 
-5.0950950951 1.0 0.927657483133 0.858792992342 
-6.83683683684 1.0 -0.525796755923 -0.741914596021 
2.47247247247 1.0 0.620296125676 0.648195980703 
-1.93193193193 1.0 -0.935496175869 -1.26082465207 
-7.0970970971 1.0 -0.726978798959 -0.785004094746 
7.31731731732 1.0 0.859418901282 0.866342579933 
-5.43543543544 1.0 0.749793457774 0.422895085358 
-0.830830830831 1.0 -0.738491823944 -0.889110787503 
-2.97297297297 1.0 -0.167821766571 -0.127280863307 
0.29029029029 1.0 0.286230381945 0.301528956368 
-6.1961961962 1.0 0.0868794431893 -0.418439174577 
3.85385385385 1.0 -0.653546911213 -0.664182010437 
7.55755755756 1.0 0.956387136503 0.907282884454 
7.43743743744 1.0 0.914492625181 0.893023101169 
7.3973973974 1.0 0.897563688968 0.885535923288 
-6.77677677678 1.0 -0.473791717778 -0.725815325381 
-3.49349349349 1.0 0.34468278404 0.757010609009 
-9.05905905906 1.0 -0.357620745349 -0.473340479465 
0.23023023023 1.0 0.228201684929 0.241641152762 
8.3983983984 1.0 0.855429505195 0.721375293725 
2.81281281281 1.0 0.322888465175 0.357035963924 
6.47647647648 1.0 0.19208980849 0.327570919817 
