-9.85985985986 1.0 0.421484671785 0.396028654628 
6.35635635636 1.0 0.0731057736575 0.078103262136 
-2.81281281281 1.0 -0.322888465175 -0.359546923204 
-2.95295295295 1.0 -0.187522900919 -0.150344771709 
1.89189189189 1.0 0.948890220341 0.950822778512 
4.67467467467 1.0 -0.999288899866 -1.01016902185 
-6.3963963964 1.0 -0.112969411094 -0.109810338458 
-5.4954954955 1.0 0.708725363073 0.720665982124 
-8.7987987988 1.0 -0.585891056576 -0.539303922638 
-9.55955955956 1.0 0.13437389375 0.126451755156 
-8.53853853854 1.0 -0.774699305584 -0.724454693918 
-6.53653653654 1.0 -0.250649611665 -0.255717733232 
7.33733733734 1.0 0.869481672757 0.813299568199 
6.83683683684 1.0 0.525796755923 0.526771995462 
1.45145145145 1.0 0.992886849216 0.988678033727 
-7.71771771772 1.0 -0.990730428893 -0.988004743041 
1.65165165165 1.0 0.996732988666 0.994049038896 
-0.0900900900901 1.0 -0.0899682743046 -0.0925241875714 
1.23123123123 1.0 0.942899611382 0.939406873457 
3.59359359359 1.0 -0.436766402789 -0.445423735029 
0.870870870871 1.0 0.764890207772 0.766276275989 
-7.63763763764 1.0 -0.976688773762 -0.980181877913 
0.37037037037 1.0 0.361960713579 0.369753116736 
9.35935935936 1.0 0.0653719505576 0.0274333476655 
3.13313313313 1.0 0.00845941955822 0.0171692104203 
7.81781781782 1.0 0.999346160464 0.869796388829 
-1.17117117117 1.0 -0.921206900567 -1.10388424414 
-2.37237237237 1.0 -0.695575258639 -0.938980919593 
-6.33633633634 1.0 -0.0531260071326 -0.0467130251596 
8.07807807808 1.0 0.974995298193 0.818580025999 
-7.81781781782 1.0 -0.999346160464 -0.988521840229 
-4.29429429429 1.0 0.913864194148 1.04079977209 
-4.77477477477 1.0 0.998054637396 1.03575689125 
-5.7957957958 1.0 0.468320967329 0.48618163335 
-8.6986986987 1.0 -0.66394288333 -0.614644954581 
8.23823823824 1.0 0.927077365617 0.762771350366 
-0.13013013013 1.0 -0.1297631736 -0.134687240986 
0.13013013013 1.0 0.1297631736 0.135490698549 
-8.61861861862 1.0 -0.721633711464 -0.671332526525 
-7.07707707708 1.0 -0.713087090062 -0.739569741644 
8.91891891892 1.0 0.484559073218 0.369140513222 
2.29229229229 1.0 0.750818471552 0.763908943277 
-8.87887887888 1.0 -0.519186710331 -0.475875258112 
8.95895895896 1.0 0.449154692451 0.340063241985 
-0.19019019019 1.0 -0.189045659132 -0.1980902127 
-4.33433433433 1.0 0.929384449502 1.04733159558 
-0.39039039039 1.0 -0.380549461752 -0.408722465408 
-4.53453453453 1.0 0.984225545624 1.06028273156 
4.47447447447 1.0 -0.971831589603 -0.982713542687 
-8.15815815816 1.0 -0.9540939133 -0.917738690872 
4.19419419419 1.0 -0.868714740054 -0.881791143965 
4.91491491491 1.0 -0.979561626072 -0.993215736729 
-5.5955955956 1.0 0.634676409709 0.648863659916 
-9.03903903904 1.0 -0.376243865658 -0.342102188897 
-1.05105105105 1.0 -0.867945718946 -1.02071012896 
-0.870870870871 1.0 -0.764890207772 -0.875463060471 
5.11511511512 1.0 -0.919995965877 -0.937577071867 
-8.55855855856 1.0 -0.761885650774 -0.711527341891 
2.27227227227 1.0 0.763890524376 0.776451017515 
3.15315315315 1.0 -0.0115602420643 -0.00361636018604 
3.99399399399 1.0 -0.752863081707 -0.76698292566 
-8.3983983984 1.0 -0.855429505195 -0.807807124391 
-4.89489489489 1.0 0.983391971377 1.00811293513 
7.11711711712 1.0 0.740579143612 0.71531774409 
0.830830830831 1.0 0.738491823944 0.740555859964 
-1.55155155155 1.0 -0.999814825028 -1.27245708296 
0.03003003003 1.0 0.0300255167065 0.0329081627993 
8.73873873874 1.0 0.633477463068 0.493335472352 
-8.8988988989 1.0 -0.501973484202 -0.459625783205 
-9.51951951952 1.0 0.094599889559 0.0898667535314 
-9.41941941942 1.0 -0.00535851570584 -0.00172675264348 
-6.23623623624 1.0 0.046931825201 0.0581083070458 
3.77377377377 1.0 -0.590905760288 -0.603539922878 
-6.8968968969 1.0 -0.575905704393 -0.599094145435 
-4.83483483483 1.0 0.99251286792 1.02319059701 
0.21021021021 1.0 0.208665487323 0.21573739456 
-1.77177177177 1.0 -0.979872320608 -1.28723623565 
-8.67867867868 1.0 -0.678779469621 -0.629132072476 
0.970970970971 1.0 0.825434213842 0.825182473588 
-1.71171171171 1.0 -0.990087845702 -1.29012400337 
-0.49049049049 1.0 -0.471058607419 -0.512142874376 
6.01601601602 1.0 -0.264002216892 -0.274013357568 
-8.77877877878 1.0 -0.601996584369 -0.554741171997 
7.7977977978 1.0 0.998422103411 0.87152131958 
-0.670670670671 1.0 -0.62151153354 -0.69163554692 
0.950950950951 1.0 0.813968289004 0.814034093409 
-8.11811811812 1.0 -0.965318303844 -0.931535656619 
-9.57957957958 1.0 0.154184093352 0.144715560669 
7.25725725726 1.0 0.827180739833 0.782994031356 
-4.75475475475 1.0 0.999102704803 1.03938370696 
-2.77277277277 1.0 -0.360514923027 -0.418607926414 
3.17317317317 1.0 -0.0315752704827 -0.0244113915395 
-2.49249249249 1.0 -0.604469813648 -0.801243879307 
-3.31331331331 1.0 0.170877953796 0.35568104087 
-3.77377377377 1.0 0.590905760288 0.81453481128 
-5.73573573574 1.0 0.520511228445 0.537534107158 
-3.89389389389 1.0 0.683320745574 0.892364157987 
-5.33533533534 1.0 0.812162990678 0.821546911651 
-9.45945945946 1.0 0.034674546587 0.0349107953273 
-5.41541541542 1.0 0.762889004574 0.773287870607 
-7.67767767768 1.0 -0.984498672401 -0.984925144956 
-3.93393393393 1.0 0.711999223182 0.914641967748 
-9.17917917918 1.0 -0.243137181641 -0.219302367956 
9.71971971972 1.0 -0.290684124469 -0.273460604198 
-7.8978978979 1.0 -0.999035835857 -0.981704862415 
1.51151151151 1.0 0.998243169988 0.99426119739 
-8.27827827828 1.0 -0.911328515751 -0.868364960724 
6.87687687688 1.0 0.559424700424 0.557756234663 
4.45445445445 1.0 -0.966918909573 -0.977902230477 
-0.01001001001 1.0 -0.0100098428432 -0.00867694577643 
-1.11111111111 1.0 -0.89619220103 -1.06381203136 
-3.99399399399 1.0 0.752863081707 0.944758616067 
-4.09409409409 1.0 0.81486800406 0.986511626082 
0.0500500500501 1.0 0.0500291567086 0.0535945900204 
7.15715715716 1.0 0.766884055736 0.736538546621 
-2.93293293293 1.0 -0.207148878373 -0.180257291206 
-6.93693693694 1.0 -0.608168751487 -0.632529343438 
7.57757757758 1.0 0.96204298189 0.86776548879 
4.33433433433 1.0 -0.929384449502 -0.941230947341 
-6.21621621622 1.0 0.066919044364 0.0789270792603 
8.57857857858 1.0 0.748766641479 0.593062606336 
8.0980980981 1.0 0.970351253498 0.81255395737 
1.53153153153 1.0 0.999229236959 0.995366362343 
8.998998999 1.0 0.413030320922 0.310508474392 
6.41641641642 1.0 0.132837305145 0.139646394814 
-6.61661661662 1.0 -0.327287278425 -0.33711022847 
7.67767767768 1.0 0.984498672401 0.874744615737 
6.996996997 1.0 0.654719669029 0.642842529911 
5.05505505506 1.0 -0.941862214566 -0.958201399369 
-3.03303303303 1.0 -0.108346513523 -0.0315457990617 
-5.63563563564 1.0 0.603233924101 0.618312618217 
-6.6966966967 1.0 -0.401827232414 -0.416164054292 
-8.43843843844 1.0 -0.834011915114 -0.785319520543 
-0.33033033033 1.0 -0.32435551719 -0.345875830316 
-7.01701701702 1.0 -0.669720024621 -0.695687530046 
5.87587587588 1.0 -0.396140311588 -0.411993392681 
-5.57557557558 1.0 0.650019222236 0.663751182377 
-4.49449449449 1.0 0.976354771373 1.06022279102 
0.570570570571 1.0 0.540112324789 0.54626686711 
8.11811811812 1.0 0.965318303844 0.80624873782 
9.25925925926 1.0 0.164763965562 0.10861946056 
-5.01501501502 1.0 0.954557149695 0.970479544835 
-4.01401401401 1.0 0.765888052358 0.953938787087 
-4.31431431431 1.0 0.921809046742 1.04423723828 
9.83983983984 1.0 -0.403246556161 -0.374779456683 
1.77177177177 1.0 0.979872320608 0.979147831654 
-3.83383383383 1.0 0.63826408348 0.855545823212 
4.41441441441 1.0 -0.955933085822 -0.967161115706 
-6.63663663664 1.0 -0.346137843492 -0.357120557488 
-8.5985985986 1.0 -0.735347535638 -0.684960874022 
-0.810810810811 1.0 -0.724845989014 -0.822463929212 
-2.33233233233 1.0 -0.723776968945 -0.980356305424 
3.37337337337 1.0 -0.229710988177 -0.230639471253 
4.69469469469 1.0 -0.999843460211 -1.01083905841 
5.01501501502 1.0 -0.954557149695 -0.970084363362 
-6.996996997 1.0 -0.654719669029 -0.680381604236 
2.39239239239 1.0 0.681053382124 0.696541895375 
-3.53353353353 1.0 0.381982835353 0.606875289049 
-4.73473473473 1.0 0.99975034402 1.04272779762 
-6.81681681682 1.0 -0.508663293061 -0.528848339476 
-1.69169169169 1.0 -0.992701051804 -1.28989756998 
5.03503503504 1.0 -0.948399735659 -0.964330115433 
3.03303303303 1.0 0.108346513523 0.120602847153 
-4.61461461461 1.0 0.995223893414 1.05677718421 
5.75575575576 1.0 -0.503313872361 -0.522947298456 
-3.97397397397 1.0 0.739536372707 0.935152692945 
1.67167167167 1.0 0.994916395419 0.992506058545 
-7.45745745746 1.0 -0.922408976872 -0.938036498314 
5.07507507508 1.0 -0.934947206573 -0.951699031799 
6.13613613614 1.0 -0.146519791772 -0.150890394006 
-7.15715715716 1.0 -0.766884055736 -0.793089474138 
6.97697697698 1.0 0.639456909771 0.629512203985 
3.89389389389 1.0 -0.683320745574 -0.697196646635 
-4.25425425425 1.0 0.896879023055 1.03287752718 
7.27727727728 1.0 0.838264195546 0.791143850299 
1.69169169169 1.0 0.992701051804 0.990585956287 
9.0990990991 1.0 0.319952035985 0.23471066236 
-4.91491491491 1.0 0.979561626072 1.00253188914 
-3.69369369369 1.0 0.524477262156 0.753151109414 
-1.57157157157 1.0 -0.999999699498 -1.27659099995 
3.11311311311 1.0 0.0284756907485 0.0379351936608 
9.51951951952 1.0 -0.094599889559 -0.105140395243 
-3.57357357357 1.0 0.41867057176 0.646396269931 
-1.15115115115 1.0 -0.91323356617 -1.09087748316 
-4.15415415415 1.0 0.848191426515 1.00673957238 
-7.1971971972 1.0 -0.791959659904 -0.817608163532 
5.995995996 1.0 -0.2832577738 -0.294172182121 
8.35835835836 1.0 0.875475849797 0.710218877816 
0.01001001001 1.0 0.0100098428432 0.0121489452238 
8.85885885886 1.0 0.536191852752 0.411800860676 
-5.61561561562 1.0 0.61907922661 0.633716679769 
1.07107107107 1.0 0.877714248189 0.875990954184 
-1.47147147147 1.0 -0.995071340501 -1.25075259927 
1.99199199199 1.0 0.912600742763 0.917162413643 
9.43943943944 1.0 -0.0146609534063 -0.0385142928664 
-6.5965965966 1.0 -0.308305540605 -0.316953630751 
-7.7977977978 1.0 -0.998422103411 -0.989230496754 
3.33333333333 1.0 -0.190567962875 -0.189888628847 
-0.850850850851 1.0 -0.75184168035 -0.858024702538 
6.73673673674 1.0 0.438160658811 0.444052346763 
-1.23123123123 1.0 -0.942899611382 -1.14069893985 
2.61261261261 1.0 0.504653050544 0.523161479412 
-7.3973973974 1.0 -0.897563688968 -0.916412667337 
-0.510510510511 1.0 -0.488622728493 -0.532566371966 
1.55155155155 1.0 0.999814825028 0.996093075232 
-9.5995995996 1.0 0.173932497848 0.162954611505 
-9.35935935936 1.0 -0.0653719505576 -0.0565911703812 
8.51851851852 1.0 0.787202470352 0.627471726955 
2.59259259259 1.0 0.521834495241 0.540230129399 
6.67667667668 1.0 0.38341529066 0.391114070061 
2.03203203203 1.0 0.895503224543 0.901189762409 
7.01701701702 1.0 0.669720024621 0.655821662394 
1.59159159159 1.0 0.999783786273 0.996410722458 
-8.81881881882 1.0 -0.569550710787 -0.523693184087 
7.75775775776 1.0 0.995374053792 0.873965991621 
6.63663663664 1.0 0.346137843492 0.354583399956 
-4.07407407407 1.0 0.803100948886 0.978979592293 
-2.79279279279 1.0 -0.341770182763 -0.389152144468 
-7.55755755756 1.0 -0.956387136503 -0.965664423646 
-7.35735735736 1.0 -0.879195966573 -0.899911233789 
-5.21521521522 1.0 0.87622408965 0.885678212624 
5.83583583584 1.0 -0.432577348176 -0.449838088092 
-9.13913913914 1.0 -0.281770446506 -0.254818781311 
4.85485485485 1.0 -0.989868890237 -1.002565608 
-2.61261261261 1.0 -0.504653050544 -0.645783919508 
0.810810810811 1.0 0.724845989014 0.727250278945 
-1.49149149149 1.0 -0.996857019318 -1.25693701184 
-3.25325325325 1.0 0.111428711879 0.278051914747 
-3.59359359359 1.0 0.436766402789 0.665420156113 
8.47847847848 1.0 0.811257411747 0.649425004733 
-1.91191191191 1.0 -0.942382045726 -1.2588189383 
9.53953953954 1.0 -0.114509838728 -0.121880864509 
-0.45045045045 1.0 -0.435371096772 -0.47101441842 
-2.29229229229 1.0 -0.750818471552 -1.01929843355 
-3.19319319319 1.0 0.0515776439174 0.197096634115 
-7.37737737738 1.0 -0.888557889358 -0.908369425432 
6.15615615616 1.0 -0.126687794244 -0.130112200312 
-8.0980980981 1.0 -0.970351253498 -0.937915120083 
1.43143143143 1.0 0.99030442098 0.98606268762 
-8.93893893894 1.0 -0.466950456861 -0.4266946702 
-2.87287287287 1.0 -0.265497380359 -0.270098918095 
-0.47047047047 1.0 -0.453305691794 -0.491623220745 
-5.3953953954 1.0 0.775678794758 0.785763611202 
1.01101101101 1.0 0.84736912878 0.846503154897 
0.630630630631 1.0 0.589654207656 0.594978452965 
8.55855855856 1.0 0.761885650774 0.604724544129 
-5.03503503504 1.0 0.948399735659 0.963241013432 
0.41041041041 1.0 0.398985690337 0.406632393273 
4.29429429429 1.0 -0.913864194148 -0.926059859198 
8.63863863864 1.0 0.707630665292 0.556968047551 
8.71871871872 1.0 0.648840196822 0.506392446089 
-3.07307307307 1.0 -0.0684659772958 0.0270025233555 
-5.65565565566 1.0 0.587146852786 0.602654058135 
-6.0960960961 1.0 0.185999691898 0.201994064625 
-8.25825825826 1.0 -0.919387180273 -0.877398627336 
2.87287287287 1.0 0.265497380359 0.282019080884 
-9.4994994995 1.0 0.0746520259067 0.0715541617981 
-2.51251251251 1.0 -0.588401237484 -0.776459407627 
7.03703703704 1.0 0.684451964588 0.66844553952 
-2.21221221221 1.0 -0.801249393857 -1.08959153451 
1.17117117117 1.0 0.921206900567 0.918275579796 
2.07207207207 1.0 0.876970223046 0.88380790874 
1.03103103103 1.0 0.857829327634 0.856668265549 
-8.01801801802 1.0 -0.986576173517 -0.959874364486 
-9.33933933934 1.0 -0.0853347124856 -0.0748358373527 
3.43343343343 1.0 -0.28771565565 -0.290976016534 
3.05305305305 1.0 0.0884239650333 0.100015230947 
1.27127127127 1.0 0.955476737061 0.951688620492 
-3.05305305305 1.0 -0.0884239650333 -0.00218111140279 
-0.37037037037 1.0 -0.361960713579 -0.387826176065 
0.590590590591 1.0 0.556851671602 0.562741771153 
4.35435435435 1.0 -0.936587366299 -0.948266847682 
5.27527527528 1.0 -0.845718424022 -0.866377304882 
0.510510510511 1.0 0.488622728493 0.495480851592 
6.23623623624 1.0 -0.046931825201 -0.0466847380134 
-1.67167167167 1.0 -0.994916395419 -1.289089072 
-6.31631631632 1.0 -0.0331249483513 -0.0256862296989 
0.33033033033 1.0 0.32435551719 0.332177205472 
-4.85485485485 1.0 0.989868890237 1.0184428198 
8.2982982983 1.0 0.902904601864 0.737577243412 
2.77277277277 1.0 0.360514923027 0.378569956539 
-1.01101101101 1.0 -0.84736912878 -0.990403667696 
-4.27427427427 1.0 0.905553075921 1.03701473382 
-0.610610610611 1.0 -0.573367839051 -0.632992809208 
-8.03803803804 1.0 -0.983109384216 -0.954926535781 
-4.99499499499 1.0 0.960331988856 0.977442216233 
-6.73673673674 1.0 -0.438160658811 -0.454595523894 
7.37737737738 1.0 0.888557889358 0.826158749717 
-1.29129129129 1.0 -0.961192106815 -1.17402590485 
-2.03203203203 1.0 -0.895503224543 -1.20916649436 
3.45345345345 1.0 -0.306830209454 -0.310838610241 
-8.05805805806 1.0 -0.979248576653 -0.949614698668 
4.87487487487 1.0 -0.986828185163 -0.999827204621 
3.63363363363 1.0 -0.472425730458 -0.482180271249 
-4.47447447447 1.0 0.971831589603 1.05972997055 
-7.93793793794 1.0 -0.996477739177 -0.975948751758 
4.93493493493 1.0 -0.975338684403 -0.989343244625 
-7.41741741742 1.0 -0.906209755988 -0.924039208402 
-5.23523523524 1.0 0.866401418913 0.87567967941 
-9.67967967968 1.0 0.252150304413 0.235581680031 
-8.45845845846 1.0 -0.822799547447 -0.773667075693 
5.41541541542 1.0 -0.762889004574 -0.785320349499 
-9.43943943944 1.0 0.0146609534063 0.0165890089649 
2.19219219219 1.0 0.813066617154 0.82339637416 
-2.55255255255 1.0 -0.555563147622 -0.725479989878 
-2.65265265265 1.0 -0.469690351946 -0.590752452349 
5.91591591592 1.0 -0.359068265792 -0.373383171129 
4.49449449449 1.0 -0.976354771373 -0.98715098841 
-9.1991991992 1.0 -0.223670498102 -0.201436079289 
8.7987987988 1.0 0.585891056576 0.453230929058 
0.25025025025 1.0 0.247646422081 0.255122235186 
-0.25025025025 1.0 -0.247646422081 -0.26153084805 
-2.89289289289 1.0 -0.246143932464 -0.240160352644 
-4.21421421421 1.0 0.878456163293 1.02352759342 
-7.11711711712 1.0 -0.740579143612 -0.767062441267 
2.11211211211 1.0 0.857031446499 0.865035006843 
6.45645645646 1.0 0.172405433055 0.180145864124 
0.690690690691 1.0 0.637069722791 0.6414713799 
-1.37137137137 1.0 -0.980180659514 -1.21263498153 
1.37137137137 1.0 0.980180659514 0.975963846497 
3.81381381381 1.0 -0.622725447279 -0.635897264677 
9.87987987988 1.0 -0.439553861488 -0.408482483931 
0.27027027027 1.0 0.266991905564 0.27460918553 
7.2972972973 1.0 0.849011685183 0.798911517101 
8.5985985986 1.0 0.735347535638 0.581213406947 
-6.75675675676 1.0 -0.456067581459 -0.473500306882 
-6.85685685686 1.0 -0.542719485852 -0.564510031814 
8.6986986987 1.0 0.66394288333 0.519287819224 
7.13713713714 1.0 0.753882673169 0.726114853959 
3.29329329329 1.0 -0.151119458915 -0.148809341749 
1.85185185185 1.0 0.960763202681 0.961741113661 
-7.21721721722 1.0 -0.804023831509 -0.829289839024 
5.71571571572 1.0 -0.537499969971 -0.558079930478 
6.71671671672 1.0 0.42007812671 0.426665644495 
-5.25525525526 1.0 0.856231505045 0.865404984374 
-7.85785785786 1.0 -0.999992487454 -0.985904116317 
4.57457457457 1.0 -0.990518615549 -1.00114918347 
2.97297297297 1.0 0.167821766571 0.181912126922 
-6.37637637638 1.0 -0.0930562402792 -0.0887859642206 
-9.3993993994 1.0 -0.0253758371902 -0.0200318458665 
-5.995995996 1.0 0.2832577738 0.301147660907 
-9.63963963964 1.0 0.213212289782 0.199341989523 
-2.69269269269 1.0 -0.433974744115 -0.534415123141 
-0.15015015015 1.0 -0.149586594914 -0.155806756981 
-2.67267267267 1.0 -0.451923110669 -0.562735060899 
4.39439439439 1.0 -0.949864345085 -0.96123305067 
6.1961961962 1.0 -0.0868794431893 -0.0884379936094 
-8.35835835836 1.0 -0.875475849797 -0.829170785332 
-1.03103103103 1.0 -0.857829327634 -1.00570855989 
-2.25225225225 1.0 -0.776656419186 -1.05573081187 
0.43043043043 1.0 0.417262010319 0.424796340605 
-8.998998999 1.0 -0.413030320922 -0.37630004908 
2.17217217217 1.0 0.824557973258 0.83431092196 
-8.31831831832 1.0 -0.894118814814 -0.849369996069 
-8.95895895896 1.0 -0.449154692451 -0.410024036639 
-2.43243243243 1.0 -0.651196684992 -0.872559480124 
2.09209209209 1.0 0.867174611281 0.874594145385 
4.95495495495 1.0 -0.970724838874 -0.985093391509 
1.41141141141 1.0 0.987325090799 0.983071293031 
-3.67367367367 1.0 0.507327764109 0.736588527961 
2.41241241241 1.0 0.666258547712 0.682164622292 
2.71271271271 1.0 0.415852445773 0.434366191288 
-9.47947947948 1.0 0.054674242632 0.0532340212861 
-4.03403403403 1.0 0.778606064409 0.962698674586 
6.91691691692 1.0 0.592155892373 0.587459259621 
6.77677677678 1.0 0.473791717778 0.478006130827 
-0.21021021021 1.0 -0.208665487323 -0.219241437982 
0.49049049049 1.0 0.471058607419 0.478116744603 
7.35735735736 1.0 0.879195966573 0.819920097327 
0.45045045045 1.0 0.435371096772 0.442768842271 
4.63463463463 1.0 -0.996978653508 -1.0076941965 
-5.17517517518 1.0 0.894812095251 0.904846714492 
-4.37437437437 1.0 0.943414910292 1.05250814099 
9.85985985986 1.0 -0.421484671785 -0.391638221402 
4.53453453453 1.0 -0.984225545624 -0.994901574029 
-2.71271271271 1.0 -0.415852445773 -0.505817214461 
-2.75275275275 1.0 -0.379115173303 -0.447888015503 
-5.2952952953 1.0 0.834866389361 0.844027456527 
7.5975975976 1.0 0.967313252172 0.869882764434 
-2.57257257257 1.0 -0.53880679503 -0.699324150336 
8.15815815816 1.0 0.9540939133 0.79281625354 
7.91791791792 1.0 0.997956771974 0.856282028432 
-4.93493493493 1.0 0.975338684403 0.996674004674 
-4.19419419419 1.0 0.868714740054 1.01830506395 
4.89489489489 1.0 -0.983391971377 -0.996710494737 
1.95195195195 1.0 0.928235370545 0.931709175916 
-1.09109109109 1.0 -0.887131000257 -1.04977018685 
6.61661661662 1.0 0.327287278425 0.335973810926 
7.97797797798 1.0 0.992322298019 0.844389286911 
9.57957957958 1.0 -0.154184093352 -0.155442385823 
5.85585585586 1.0 -0.41444188151 -0.431016013656 
-5.83583583584 1.0 0.432577348176 0.450811526042 
0.17017017017 1.0 0.169350063744 0.175844281548 
0.0700700700701 1.0 0.0700127456343 0.0742021287963 
-0.970970970971 1.0 -0.825434213842 -0.958916804713 
3.61361361361 1.0 -0.454687183165 -0.463907496525 
-1.85185185185 1.0 -0.960763202681 -1.27480181922 
-9.83983983984 1.0 0.403246556161 0.378460773904 
2.35235235235 1.0 0.709818357066 0.724404774984 
2.25225225225 1.0 0.776656419186 0.788674128424 
-8.1981981982 1.0 -0.941340119153 -0.902586977515 
5.31531531532 1.0 -0.823679750423 -0.844966095862 
4.43443443443 1.0 -0.961618700226 -0.972717811217 
-7.13713713714 1.0 -0.753882673169 -0.780261944386 
-4.35435435435 1.0 0.936587366299 1.05008716899 
-4.81481481481 1.0 0.994759058541 1.02765940089 
-5.67567567568 1.0 0.570824460166 0.586743796052 
9.03903903904 1.0 0.376243865658 0.280503458289 
-6.67667667668 1.0 -0.38341529066 -0.396658356562 
5.17517517518 1.0 -0.894812095251 -0.913617734389 
-9.65965965966 1.0 0.232727934358 0.217482263805 
-1.63163163163 1.0 -0.998150103477 -1.2857569465 
-3.37337337337 1.0 0.229710988177 0.429626554068 
9.33933933934 1.0 0.0853347124856 0.0437917651732 
-7.51751751752 1.0 -0.943927941216 -0.955878306348 
4.55455455455 1.0 -0.987569983594 -0.998213514729 
-5.07507507508 1.0 0.934947206573 0.947936482382 
4.21421421421 1.0 -0.878456163293 -0.891362609553 
5.35535535536 1.0 -0.800320725902 -0.822145275067 
7.05705705706 1.0 0.698909584547 0.680710400978 
9.11911911912 1.0 0.30092154409 0.219250327773 
6.25625625626 1.0 -0.0269257963344 -0.0258079521438 
-6.2962962963 1.0 -0.0131106134944 -0.00468020139176 
7.21721721722 1.0 0.804023831509 0.765550160809 
-2.91291291291 1.0 -0.226691833081 -0.210204438547 
5.63563563564 1.0 -0.603233924101 -0.625202308126 
5.8958958959 1.0 -0.377679973455 -0.392779331553 
-5.55555555556 1.0 0.665101514979 0.678377070118 
-5.81581581582 1.0 0.450539443112 0.468607032895 
5.33533533534 1.0 -0.812162990678 -0.833730570201 
5.5955955956 1.0 -0.634676409709 -0.657084948587 
-5.93593593594 1.0 0.340312647942 0.358703822478 
-9.6996996997 1.0 0.271471615699 0.253636393999 
-7.61761761762 1.0 -0.972195835089 -0.977182885368 
-3.39339339339 1.0 0.249148316352 0.453405373765 
3.79379379379 1.0 -0.606937230307 -0.619856046103 
1.83183183183 1.0 0.96612325186 0.966648515225 
-3.73373373373 1.0 0.558138856901 0.784811278653 
5.1951951952 1.0 -0.885695580449 -0.904896142831 
-8.47847847848 1.0 -0.811257411747 -0.761749122127 
5.65565565566 1.0 -0.587146852786 -0.608831796954 
-7.27727727728 1.0 -0.838264195546 -0.861973482737 
-2.45245245245 1.0 -0.635873830576 -0.849310892686 
-6.91691691692 1.0 -0.592155892373 -0.615959666892 
-9.97997997998 1.0 0.527114985665 0.499739419515 
-9.7997997998 1.0 0.366292850383 0.343110177218 
8.17817817818 1.0 0.947906971008 0.78569671307 
4.05405405405 1.0 -0.791012020637 -0.804991649589 
-7.87787787788 1.0 -0.99971449835 -0.984000686611 
9.91991991992 1.0 -0.475156566095 -0.442117927729 
1.25125125125 1.0 0.949378423874 0.945729701167 
-1.87187187187 1.0 -0.955018091318 -1.27011760174 
1.73173173173 1.0 0.987077824457 0.985616893931 
-9.15915915916 1.0 -0.26250641876 -0.237098348477 
-5.47547547548 1.0 0.722706208904 0.734227274748 
-2.13213213213 1.0 -0.846544793956 -1.14942031735 
9.7997997998 1.0 -0.366292850383 -0.341028178753 
-1.89189189189 1.0 -0.948890220341 -1.26479167875 
-1.41141141141 1.0 -0.987325090799 -1.22928653828 
4.99499499499 1.0 -0.960331988856 -0.975463412565 
-1.19119119119 1.0 -0.928811026462 -1.11652907854 
-2.19219219219 1.0 -0.813066617154 -1.10554205375 
4.27427427427 1.0 -0.905553075921 -0.917927505753 
-6.51651651652 1.0 -0.231219739195 -0.23508784396 
-7.65765765766 1.0 -0.980790267476 -0.982762213839 
1.79179179179 1.0 0.975679725882 0.975353082464 
-0.790790790791 1.0 -0.710909644644 -0.804357209 
-0.710710710711 1.0 -0.65237258226 -0.729935799176 
9.47947947948 1.0 -0.054674242632 -0.0717543731087 
5.47547547548 1.0 -0.722706208904 -0.745462313606 
-7.23723723724 1.0 -0.81576576016 -0.840580571742 
-1.43143143143 1.0 -0.99030442098 -1.23691872379 
-7.43743743744 1.0 -0.914492625181 -0.931247561449 
9.21921921922 1.0 0.204114170152 0.140626007643 
1.31131131131 1.0 0.966522242485 0.962507399414 
7.61761761762 1.0 0.972195835089 0.871636766637 
0.19019019019 1.0 0.189045659132 0.195851390377 
7.41741741742 1.0 0.906209755988 0.837493013788 
9.65965965966 1.0 -0.232727934358 -0.222809032185 
3.27327327327 1.0 -0.131300397197 -0.12817173439 
-0.630630630631 1.0 -0.589654207656 -0.652689449486 
6.21621621622 1.0 -0.066919044364 -0.0675653615076 
1.97197197197 1.0 0.920602539794 0.924615017723 
0.550550550551 1.0 0.523156507537 0.529561436327 
0.0900900900901 1.0 0.0899682743046 0.0947246989966 
3.83383383383 1.0 -0.63826408348 -0.65165758704 
2.79279279279 1.0 0.341770182763 0.359594642576 
-1.27127127127 1.0 -0.955476737061 -1.16331873961 
4.07407407407 1.0 -0.803100948886 -0.816994408669 
0.770770770771 1.0 0.69668837635 0.699770919087 
4.75475475475 1.0 -0.999102704803 -1.01057752284 
-8.63863863864 1.0 -0.707630665292 -0.657481317764 
-5.1951951952 1.0 0.885695580449 0.895400555208 
4.71471471471 1.0 -0.999997295481 -1.01113057885 
-0.35035035035 1.0 -0.343226895963 -0.366875056066 
-9.27927927928 1.0 -0.144985860003 -0.129371389218 
-9.91991991992 1.0 0.475156566095 0.448265190594 
-1.51151151151 1.0 -0.998243169988 -1.26262159818 
-6.01601601602 1.0 0.264002216892 0.281619789801 
8.53853853854 1.0 0.774699305584 0.616195496751 
-1.21121121121 1.0 -0.936042896216 -1.12880348648 
-6.43643643644 1.0 -0.152651959622 -0.151779737131 
-6.17617617618 1.0 0.106805021793 0.120338799993 
2.63263263263 1.0 0.487269347053 0.505854152098 
-0.27027027027 1.0 -0.266991905564 -0.282656112796 
9.8998998999 1.0 -0.45744688336 -0.425309842861 
-0.930930930931 1.0 -0.802176135594 -0.926314942977 
-6.41641641642 1.0 -0.132837305145 -0.130811968111 
-3.43343343343 1.0 0.28771565565 0.49960493139 
5.73573573574 1.0 -0.520511228445 -0.540638610121 
2.37237237237 1.0 0.695575258639 0.710623349919 
8.65865865866 1.0 0.693344009372 0.544579263814 
-1.83183183183 1.0 -0.96612325186 -1.27884981198 
8.43843843844 1.0 0.834011915114 0.670554219439 
4.51451451451 1.0 -0.980486642048 -0.991213875286 
-3.35335335335 1.0 0.210181594637 0.405406348625 
-7.53753753754 1.0 -0.950347982805 -0.960982293749 
-8.85885885886 1.0 -0.536191852752 -0.491973329478 
2.69269269269 1.0 0.433974744115 0.452563693795 
9.45945945946 1.0 -0.034674546587 -0.0551146246857 
0.750750750751 1.0 0.682187883844 0.685606437168 
9.17917917918 1.0 0.243137181641 0.172327245648 
-5.11511511512 1.0 0.919995965877 0.931528529609 
7.0970970971 1.0 0.726978798959 0.704149524639 
3.73373373373 1.0 -0.558138856901 -0.570108058994 
0.710710710711 1.0 0.65237258226 0.656451765047 
7.17717717718 1.0 0.779578080518 0.746586791044 
-5.51551551552 1.0 0.694460468753 0.706836183694 
9.13913913914 1.0 0.281770446506 0.203697464866 
6.31631631632 1.0 0.0331249483513 0.0366807541907 
5.81581581582 1.0 -0.450539443112 -0.468450749773 
9.95995995996 1.0 -0.509997599178 -0.475666950311 
-0.0500500500501 1.0 -0.0500291567086 -0.0505041800661 
-8.21821821822 1.0 -0.934395989648 -0.894514346465 
-6.71671671672 1.0 -0.42007812671 -0.435479966639 
-3.21321321321 1.0 0.0715593456609 0.224426183503 
5.95595595596 1.0 -0.32142063693 -0.334083049069 
6.8968968969 1.0 0.575905704393 0.572770890951 
-5.71571571572 1.0 0.537499969971 0.554180460401 
-8.17817817818 1.0 -0.947906971008 -0.910329943613 
-0.570570570571 1.0 -0.540112324789 -0.593189116445 
-6.95695695696 1.0 -0.623937863975 -0.648794874165 
2.45245245245 1.0 0.635873830576 0.652540224146 
-3.75375375375 1.0 0.574637462441 0.799913673245 
-9.11911911912 1.0 -0.30092154409 -0.272458394513 
6.95695695696 1.0 0.623937863975 0.615835050731 
7.07707707708 1.0 0.713087090062 0.692612784968 
4.37437437437 1.0 -0.943414910292 -0.954934603574 
1.91191191191 1.0 0.942382045726 0.944814788756 
3.97397397397 1.0 -0.739536372707 -0.753658629963 
7.45745745746 1.0 0.922408976872 0.84730946778 
9.97997997998 1.0 -0.527114985665 -0.492403305053 
0.530530530531 1.0 0.505991015532 0.512630930912 
2.01201201201 1.0 0.904233186475 0.909353315071 
6.85685685686 1.0 0.542719485852 0.542421197802 
-7.2972972973 1.0 -0.849011685183 -0.872068526366 
-4.95495495495 1.0 0.970724838874 0.990539606201 
-0.29029029029 1.0 -0.286230381945 -0.303759741788 
2.43243243243 1.0 0.651196684992 0.667495892759 
-1.97197197197 1.0 -0.920602539794 -1.2369747984 
4.65465465465 1.0 -0.998333836705 -1.00912065775 
6.81681681682 1.0 0.508663293061 0.510815149271 
6.0960960961 1.0 -0.185999691898 -0.192271143362 
3.21321321321 1.0 -0.0715593456609 -0.0659891301485 
5.93593593594 1.0 -0.340312647942 -0.353814480336 
8.61861861862 1.0 0.721633711464 0.569180655562 
6.11611611612 1.0 -0.166293065952 -0.171613863423 
9.55955955956 1.0 -0.13437389375 -0.138649142257 
0.910910910911 1.0 0.790062479764 0.790780107276 
-9.73973973974 1.0 0.309780130585 0.289596713665 
1.33133133133 1.0 0.971465007816 0.96736391931 
4.13413413413 1.0 -0.837417761709 -0.850956732743 
8.31831831832 1.0 0.894118814814 0.72869311097 
-6.05605605606 1.0 0.225181436261 0.242094135348 
4.25425425425 1.0 -0.896879023055 -0.909432688373 
-0.03003003003 1.0 -0.0300255167065 -0.0295633734378 
7.53753753754 1.0 0.950347982805 0.86243175419 
6.6966966967 1.0 0.401827232414 0.409016696154 
-1.65165165165 1.0 -0.996732988666 -1.28770623824 
1.13113113113 1.0 0.904894218889 0.902408653365 
8.8988988989 1.0 0.501973484202 0.383491500447 
-0.910910910911 1.0 -0.790062479764 -0.909616156555 
1.19119119119 1.0 0.928811026462 0.925677616996 
5.4954954955 1.0 -0.708725363073 -0.731519892264 
8.41841841842 1.0 0.844890020967 0.680800325436 
2.49249249249 1.0 0.604469813648 0.621786939789 
9.73973973974 1.0 -0.309780130585 -0.2903542677 
-9.75975975976 1.0 0.328751980598 0.307495009189 
-8.91891891892 1.0 -0.484559073218 -0.443230418342 
-7.997997998 1.0 -0.989647555109 -0.96445426908 
0.47047047047 1.0 0.453305691794 0.460544198699 
-0.590590590591 1.0 -0.556851671602 -0.613156929955 
-8.57857857858 1.0 -0.748766641479 -0.698360944273 
-7.77777777778 1.0 -0.997097890944 -0.989535493959 
-0.750750750751 1.0 -0.682187883844 -0.767530006761 
-1.25125125125 1.0 -0.949378423874 -1.15220688399 
-2.39239239239 1.0 -0.681053382124 -0.917408725711 
-7.03703703704 1.0 -0.684451964588 -0.710658773841 
8.83883883884 1.0 0.552982096013 0.425752258185 
9.31931931932 1.0 0.105263273301 0.0600926828976 
-7.5975975976 1.0 -0.967313252172 -0.973764180227 
-9.61961961962 1.0 0.193611192318 0.181164775191 
4.01401401401 1.0 -0.765888052358 -0.779982377346 
6.03603603604 1.0 -0.244640851113 -0.253732995881 
-9.2992992993 1.0 -0.125149645879 -0.111230880775 
9.05905905906 1.0 0.357620745349 0.265340548847 
-1.07107107107 1.0 -0.877714248189 -1.03540010615 
-2.99299299299 1.0 -0.148053371305 -0.0907254107129 
2.83283283283 1.0 0.303877337824 0.321125535096 
8.01801801802 1.0 0.986576173517 0.834945012158 
6.53653653654 1.0 0.250649611665 0.259467063 
2.65265265265 1.0 0.469690351946 0.488314411847 
3.31331331331 1.0 -0.170877953796 -0.169385014811 
-9.37937937938 1.0 -0.0453829883483 -0.038321570279 
-8.83883883884 1.0 -0.552982096013 -0.507914478709 
5.43543543544 1.0 -0.749793457774 -0.77236653299 
5.77577577578 1.0 -0.485914794209 -0.505013600064 
-5.05505505506 1.0 0.941862214566 0.955726659018 
-2.85285285285 1.0 -0.284744420138 -0.299993830037 
5.6956956957 1.0 -0.554273288059 -0.575263914578 
-5.87587587588 1.0 0.396140311588 0.414577963218 
7.93793793794 1.0 0.996477739177 0.85262588244 
2.75275275275 1.0 0.379115173303 0.397362014828 
-4.69469469469 1.0 0.999843460211 1.04856275811 
-6.7967967968 1.0 -0.491325964149 -0.510636701629 
8.4984984985 1.0 0.799390133963 0.638549484141 
6.43643643644 1.0 0.152651959622 0.159956708689 
7.73773773774 1.0 0.993251282848 0.874679197257 
-5.45545545546 1.0 0.736397402892 0.747518762408 
0.730730730731 1.0 0.667413978747 0.671165098222 
6.51651651652 1.0 0.231219739195 0.239874088621 
-4.67467467467 1.0 0.999288899866 1.05105078556 
4.23423423423 1.0 -0.887845512006 -0.90057711242 
6.07607607608 1.0 -0.205631771434 -0.212850883513 
0.610610610611 1.0 0.573367839051 0.578980748166 
5.61561561562 1.0 -0.61907922661 -0.641288707437 
-2.27227227227 1.0 -0.763890524376 -1.03783254762 
3.19319319319 1.0 -0.0515776439174 -0.0452057146698 
-7.47747747748 1.0 -0.929955638285 -0.944405044716 
-5.31531531532 1.0 0.823679750423 0.83292493996 
9.81981981982 1.0 -0.384846824231 -0.357908621746 
-2.53253253253 1.0 -0.572096837274 -0.751198396568 
-3.85385385385 1.0 0.653546911213 0.868278575319 
-4.41441441441 1.0 0.955933085822 1.05636227616 
-2.47247247247 1.0 -0.620296125676 -0.825533515552 
-8.13813813814 1.0 -0.959898466376 -0.924808733441 
-2.01201201201 1.0 -0.904233186475 -1.21910334185 
3.23323323323 1.0 -0.0915123672906 -0.0867514201779 
1.75175175175 1.0 0.983672194447 0.982569429624 
-2.05205205205 1.0 -0.886414355831 -1.19855972645 
4.17417417417 1.0 -0.858625146533 -0.871864818663 
0.31031031031 1.0 0.305354140677 0.313142560196 
1.29129129129 1.0 0.961192106815 0.957281764975 
-0.950950950951 1.0 -0.813968289004 -0.942751185033 
-5.35535535536 1.0 0.800320725902 0.809893711792 
-9.21921921922 1.0 -0.204114170152 -0.18350468763 
-8.07807807808 1.0 -0.974995298193 -0.943942861233 
-6.11611611612 1.0 0.166293065952 0.181749116866 
2.93293293293 1.0 0.207148878373 0.222312124781 
7.71771771772 1.0 0.990730428893 0.875048744049 
2.85285285285 1.0 0.284744420138 0.301647840412 
7.63763763764 1.0 0.976688773762 0.873029987611 
-0.43043043043 1.0 -0.417262010319 -0.450323426048 
3.95395395395 1.0 -0.725913266541 -0.740013516288 
7.8978978979 1.0 0.999035835857 0.859625192389 
7.85785785786 1.0 0.999992487454 0.86535815847 
4.83483483483 1.0 -0.99251286792 -1.00492549908 
5.53553553554 1.0 -0.679917243139 -0.702676077949 
-9.01901901902 1.0 -0.39471619201 -0.359257629365 
4.03403403403 1.0 -0.778606064409 -0.792653160937 
-4.79479479479 1.0 0.996606561851 1.03184845878 
-6.35635635636 1.0 -0.0731057736575 -0.0677498800447 
-3.11311311311 1.0 -0.0284756907485 0.0847375970653 
5.0950950951 1.0 -0.927657483133 -0.944823920851 
6.05605605606 1.0 -0.225181436261 -0.23334186157 
-3.81381381381 1.0 0.622725447279 0.84234706007 
3.57357357357 1.0 -0.41867057176 -0.426737145431 
7.51751751752 1.0 0.943927941216 0.859210936466 
-8.73873873874 1.0 -0.633477463068 -0.585073127778 
-7.97797797798 1.0 -0.992322298019 -0.968662430238 
-0.23023023023 1.0 -0.228201684929 -0.240390463693 
-7.33733733734 1.0 -0.869481672757 -0.891040112096 
-2.35235235235 1.0 -0.709818357066 -0.959967409614 
6.55655655656 1.0 0.269979026825 0.278883896196 
-0.730730730731 1.0 -0.667413978747 -0.748824950956 
-1.33133133133 1.0 -0.971465007816 -1.19419165905 
-2.41241241241 1.0 -0.666258547712 -0.895263657136 
9.2992992993 1.0 0.125149645879 0.0763330132278 
6.93693693694 1.0 0.608168751487 0.601815742541 
3.47347347347 1.0 -0.325821789448 -0.330560493379 
1.57157157157 1.0 0.999999699498 0.996441202671 
5.97597597598 1.0 -0.302399804444 -0.314198880404 
6.65665665666 1.0 0.36484968073 0.372966604484 
8.03803803804 1.0 0.983109384216 0.829779370287 
8.33833833834 1.0 0.884974675839 0.719572370607 
6.75675675676 1.0 0.456067581459 0.461168511584 
-2.23223223223 1.0 -0.789111039566 -1.07298594144 
-4.23423423423 1.0 0.887845512006 1.02838342852 
-0.11011011011 1.0 -0.109887744787 -0.113590957306 
5.51551551552 1.0 -0.694460468753 -0.717256293033 
2.99299299299 1.0 0.148053371305 0.161560875991 
-3.23323323323 1.0 0.0915123672906 0.251416603334 
10.0 1.0 -0.544021110889 -0.509111220479 
-9.07907907908 1.0 -0.338854295004 -0.307473924096 
2.13213213213 1.0 0.846544793956 0.85513300115 
3.93393393393 1.0 -0.711999223182 -0.726051817011 
-3.27327327327 1.0 0.131300397197 0.304317044433 
-5.95595595596 1.0 0.32142063693 0.339696650538 
1.47147147147 1.0 0.995071340501 0.990916612777 
-7.4974974975 1.0 -0.93712958481 -0.95035247494 
-3.17317317317 1.0 0.0315752704827 0.169444827034 
-5.27527527528 1.0 0.845718424022 0.854854201075 
9.93993993994 1.0 -0.492675811867 -0.458904399377 
5.25525525526 1.0 -0.856231505045 -0.876548157012 
0.35035035035 1.0 0.343226895963 0.351049336762 
6.2962962963 1.0 0.0131106134944 0.0158866635598 
-3.95395395395 1.0 0.725913266541 0.925115595466 
-8.71871871872 1.0 -0.648840196822 -0.599956809076 
1.09109109109 1.0 0.887131000257 0.885142072685 
4.97497497497 1.0 -0.965721938658 -0.980466613252 
7.23723723724 1.0 0.81576576016 0.77446255626 
-3.63363363363 1.0 0.472425730458 0.701989687175 
-8.4984984985 1.0 -0.799390133963 -0.749570892581 
-8.41841841842 1.0 -0.844890020967 -0.796701257785 
-6.03603603604 1.0 0.244640851113 0.261932738443 
7.997997998 1.0 0.989647555109 0.83981624064 
-7.31731731732 1.0 -0.859418901282 -0.881758353032 
-2.31231231231 1.0 -0.737445499834 -1.00013665378 
3.35335335335 1.0 -0.210181594637 -0.210310114768 
-5.15515515516 1.0 0.903569980268 0.914016725419 
8.13813813814 1.0 0.959898466376 0.799668216992 
-1.53153153153 1.0 -0.999229236959 -1.26779779464 
-0.990990990991 1.0 -0.836569314705 -0.974803684425 
1.05105105105 1.0 0.867945718946 0.86649862933 
-9.25925925926 1.0 -0.164763965562 -0.147467232234 
9.23923923924 1.0 0.184476035731 0.124659302538 
5.57557557558 1.0 -0.650019222236 -0.672585240899 
2.89289289289 1.0 0.246143932464 0.262247744603 
-4.43443443443 1.0 0.961618700226 1.05780306114 
-4.59459459459 1.0 0.993070259711 1.05810041944 
-9.71971971972 1.0 0.290684124469 0.27164263637 
1.39139139139 1.0 0.983950052752 0.979704690974 
0.890890890891 1.0 0.777632176518 0.778682383182 
-8.97897897898 1.0 -0.431178912314 -0.393224004783 
-6.87687687688 1.0 -0.559424700424 -0.58194133359 
-9.95995995996 1.0 0.509997599178 0.482670730919 
9.75975975976 1.0 -0.328751980598 -0.307248465853 
2.33233233233 1.0 0.723776968945 0.737882106603 
2.31231231231 1.0 0.737445499834 0.751051423574 
8.27827827828 1.0 0.911328515751 0.746220906147 
-2.73273273273 1.0 -0.397563478837 -0.476966367969 
9.5995995996 1.0 -0.173932497848 -0.172257777078 
8.21821821822 1.0 0.934395989648 0.770670386848 
-7.83783783784 1.0 -0.999869691753 -0.987412130212 
-7.05705705706 1.0 -0.698909584547 -0.725288395623 
2.95295295295 1.0 0.187522900919 0.202165630933 
-5.85585585586 1.0 0.41444188151 0.432800089628 
-3.55355355355 1.0 0.400406942668 0.626880765684 
5.2952952953 1.0 -0.834866389361 -0.855849174315 
-3.29329329329 1.0 0.151119458915 0.330197833229 
-4.45445445445 1.0 0.966918909573 1.05892448393 
-0.530530530531 1.0 -0.505991015532 -0.552886657045 
-7.95795795796 1.0 -0.994599330244 -0.972495129144 
4.31431431431 1.0 -0.921809046742 -0.933828163464 
0.850850850851 1.0 0.75184168035 0.753565996902 
4.77477477477 1.0 -0.998054637396 -1.0097327748 
-8.33833833834 1.0 -0.884974675839 -0.839418451744 
3.91391391391 1.0 -0.69779981921 -0.711777974878 
-2.11211211211 1.0 -0.857031446499 -1.16271169951 
3.55355355355 1.0 -0.400406942668 -0.407856080048 
-3.09309309309 1.0 -0.0484805492288 0.0559826728534 
3.75375375375 1.0 -0.574637462441 -0.586955112707 
9.67967967968 1.0 -0.252150304413 -0.239685337746 
1.63163163163 1.0 0.998150103477 0.995214393971 
1.61161161161 1.0 0.999167171889 0.996001721539 
1.93193193193 1.0 0.935496175869 0.938443024902 
-5.37537537538 1.0 0.788157702332 0.797965769395 
8.77877877878 1.0 0.601996584369 0.466751131153 
8.45845845846 1.0 0.822799547447 0.660094512585 
-4.17417417417 1.0 0.858625146533 1.01271077682 
9.6996996997 1.0 -0.271471615699 -0.256570082547 
7.47747747748 1.0 0.929955638285 0.851651542441 
8.37837837838 1.0 0.865626143701 0.700636480819 
4.09409409409 1.0 -0.81486800406 -0.828658190473 
8.67867867868 1.0 0.678779469621 0.532017970582 
-9.23923923924 1.0 -0.184476035731 -0.165513361782 
5.13513513514 1.0 -0.911965725448 -0.929959593342 
7.95795795796 1.0 0.994599330244 0.84866040651 
-0.650650650651 1.0 -0.605704250039 -0.672239496557 
-1.99199199199 1.0 -0.912600742763 -1.22837200707 
4.61461461461 1.0 -0.995223893414 -1.00588991125 
2.23223223223 1.0 0.789111039566 0.800574884465 
5.21521521522 1.0 -0.87622408965 -0.895809512582 
-1.61161161161 1.0 -0.999167171889 -1.28324920722 
6.17617617618 1.0 -0.106805021793 -0.109290848874 
-7.6976976977 1.0 -0.987812502254 -0.98667211288 
6.4964964965 1.0 0.211697196671 0.220115639893 
-6.57657657658 1.0 -0.289200237681 -0.296661883119 
-7.73773773774 1.0 -0.993251282848 -0.988924838735 
-6.47647647648 1.0 -0.19208980849 -0.193568908093 
-3.79379379379 1.0 0.606937230307 0.828678047234 
3.41341341341 1.0 -0.268485788917 -0.270982200897 
0.15015015015 1.0 0.149586594914 0.155722051321 
2.91291291291 1.0 0.226691833081 0.242342486889 
3.39339339339 1.0 -0.249148316352 -0.250866776693 
-6.65665665666 1.0 -0.36484968073 -0.376973580593 
-1.45145145145 1.0 -0.992886849216 -1.24407696049 
3.71371371371 1.0 -0.541416556108 -0.553005429795 
6.5965965966 1.0 0.308305540605 0.317147436739 
-4.11411411411 1.0 0.826308470068 0.993645350991 
-8.51851851852 1.0 -0.787202470352 -0.737137651666 
-6.25625625626 1.0 0.0269257963344 0.037227411802 
2.51251251251 1.0 0.588401237484 0.605999171096 
8.25825825826 1.0 0.919387180273 0.754620232161 
-3.15315315315 1.0 0.0115602420643 0.141488510565 
2.73273273273 1.0 0.397563478837 0.415963227221 
-8.65865865866 1.0 -0.693344009372 -0.643412682503 
8.87887887888 1.0 0.519186710331 0.397712776164 
2.57257257257 1.0 0.53880679503 0.55705402468 
4.11411411411 1.0 -0.826308470068 -0.839979928703 
-7.17717717718 1.0 -0.779578080518 -0.805539843906 
-5.53553553554 1.0 0.679917243139 0.692739337751 
-1.59159159159 1.0 -0.999783786273 -1.28019114814 
-1.75175175175 1.0 -0.983672194447 -1.28880061161 
3.51351351351 1.0 -0.363405633971 -0.369544858684 
-4.13413413413 1.0 0.837417761709 1.00038620442 
8.75875875876 1.0 0.617860839267 0.48012050389 
-9.93993993994 1.0 0.492675811867 0.465511744738 
-6.97697697698 1.0 -0.639456909771 -0.664748218824 
7.65765765766 1.0 0.980790267476 0.874065033023 
-0.31031031031 1.0 -0.305354140677 -0.324835179621 
5.45545545546 1.0 -0.736397402892 -0.759079227769 
-4.97497497497 1.0 0.965721938658 0.984128947092 
-4.65465465465 1.0 0.998333836705 1.05325039504 
-5.91591591592 1.0 0.359068265792 0.377523924873 
9.15915915916 1.0 0.26250641876 0.188055351001 
-7.25725725726 1.0 -0.827180739833 -0.851476357092 
-3.91391391391 1.0 0.69779981921 0.903726541444 
-1.39139139139 1.0 -0.983950052752 -1.22118906714 
-9.81981981982 1.0 0.384846824231 0.360820207734 
-4.51451451451 1.0 0.980486642048 1.06040605894 
-3.45345345345 1.0 0.306830209454 0.52201087577 
6.7967967968 1.0 0.491325964149 0.494557485222 
0.11011011011 1.0 0.109887744787 0.115156237695 
1.87187187187 1.0 0.955018091318 0.956465391957 
9.4994994995 1.0 -0.0746520259067 -0.0884306012614 
-2.07207207207 1.0 -0.876970223046 -1.18728190007 
5.7957957958 1.0 -0.468320967329 -0.486845377637 
-0.890890890891 1.0 -0.777632176518 -0.892662863481 
0.790790790791 1.0 0.710909644644 0.713653764144 
-2.17217217217 1.0 -0.824557973258 -1.12083280573 
-9.77977977978 1.0 0.347592070824 0.325333983902 
-0.550550550551 1.0 -0.523156507537 -0.573096623715 
-6.4964964965 1.0 -0.211697196671 -0.21436780078 
-0.41041041041 1.0 -0.398985690337 -0.429557154082 
-1.35135135135 1.0 -0.97601842181 -1.20363295509 
6.37637637638 1.0 0.0930562402792 0.0987080924966 
4.81481481481 1.0 -0.994759058541 -1.00690672194 
8.1981981982 1.0 0.941340119153 0.778313466218 
9.1991991992 1.0 0.223670498102 0.156516390178 
-6.15615615616 1.0 0.126687794244 0.140912511882 
-2.83283283283 1.0 -0.303877337824 -0.329818660116 
0.650650650651 1.0 0.605704250039 0.61072959884 
9.3993993994 1.0 0.0253758371902 -0.00544373915346 
-3.61361361361 1.0 0.454687183165 0.683951424023 
-6.55655655656 1.0 -0.269979026825 -0.276246171317 
5.67567567568 1.0 -0.570824460166 -0.592183477976 
5.3953953954 1.0 -0.775678794758 -0.797937013705 
-9.0990990991 1.0 -0.319952035985 -0.290011885712 
-7.91791791792 1.0 -0.997956771974 -0.979019793225 
5.23523523524 1.0 -0.866401418913 -0.886359563315 
-8.37837837838 1.0 -0.865626143701 -0.818631995261 
4.73473473473 1.0 -0.99975034402 -1.01104343578 
-3.13313313313 1.0 -0.00845941955823 0.113246288831 
-3.87387387387 1.0 0.668567805308 0.880549791923 
2.05205205205 1.0 0.886414355831 0.892673886236 
9.37937937938 1.0 0.0453829883483 0.0110204974707 
6.3963963964 1.0 0.112969411094 0.119226345435 
9.63963963964 1.0 -0.213212289782 -0.205943855234 
8.97897897898 1.0 0.431178912314 0.325343836011 
-4.39439439439 1.0 0.949864345085 1.05459854777 
3.01301301301 1.0 0.128225638051 0.141121275216 
3.69369369369 1.0 -0.524477262156 -0.535654116152 
2.21221221221 1.0 0.801249393857 0.812150016527 
-0.17017017017 1.0 -0.169350063744 -0.17694319462 
-3.33333333333 1.0 0.190567962875 0.380754347004 
3.65365365365 1.0 -0.489974935275 -0.500234100258 
-4.71471471471 1.0 0.999997295481 1.04578793335 
1.71171171171 1.0 0.990087845702 0.988289334735 
6.57657657658 1.0 0.289200237681 0.298114111981 
3.67367367367 1.0 -0.507327764109 -0.518061229803 
-3.41341341341 1.0 0.268485788917 0.47673410793 
-7.75775775776 1.0 -0.995374053792 -0.989434375233 
-2.59259259259 1.0 -0.521834495241 -0.672751627153 
9.61961961962 1.0 -0.193611192318 -0.189092522832 
9.07907907908 1.0 0.338854295004 0.250075173572 
-6.13613613614 1.0 0.146519791772 0.161385646306 
-1.13113113113 1.0 -0.904894218889 -1.07751726582 
2.55255255255 1.0 0.555563147622 0.57362727298 
8.81881881882 1.0 0.569550710787 0.439563456886 
-4.63463463463 1.0 0.996978653508 1.05515982792 
9.01901901902 1.0 0.39471619201 0.295560554832 
-4.57457457457 1.0 0.990518615549 1.05912734194 
-0.770770770771 1.0 -0.69668837635 -0.786043322842 
9.41941941942 1.0 0.00535851570584 -0.0219563371221 
-6.45645645646 1.0 -0.172405433055 -0.172702462363 
-2.15215215215 1.0 -0.835718856574 -1.13545991848 
3.53353353353 1.0 -0.381982835353 -0.388789078153 
-3.01301301301 1.0 -0.128225638051 -0.0610684591341 
-8.23823823824 1.0 -0.927077365617 -0.886116669385 
9.77977977978 1.0 -0.347592070824 -0.324140619665 
0.990990990991 1.0 0.836569314705 0.836006712297 
3.49349349349 1.0 -0.34468278404 -0.350132312383 
-9.31931931932 1.0 -0.105263273301 -0.0930507108401 
-5.75575575576 1.0 0.503313872361 0.520649504261 
-9.53953953954 1.0 0.114509838728 0.108167396418 
-4.87487487487 1.0 0.986828185163 1.01341674063 
1.81181181181 1.0 0.971096090611 0.971186255742 
1.35135135135 1.0 0.97601842181 0.971849850147 
-6.07607607608 1.0 0.205631771434 0.222111865227 
-5.13513513514 1.0 0.911965725448 0.92291064212 
-1.31131131131 1.0 -0.966522242485 -1.18431975777 
2.15215215215 1.0 0.835718856574 0.844890736117 
-7.57757757758 1.0 -0.96204298189 -0.969924908385 
1.15115115115 1.0 0.91323356617 0.910518417103 
3.09309309309 1.0 0.0484805492288 0.0586715169211 
7.4974974975 1.0 0.93712958481 0.85561814125 
6.27627627628 1.0 -0.00690897593668 -0.00494686138828 
-5.8958958959 1.0 0.377679973455 0.396150651297 
-8.75875875876 1.0 -0.617860839267 -0.56999941225 
-1.79179179179 1.0 -0.975679725882 -1.28506073353 
-9.8998998999 1.0 0.45744688336 0.430933880724 
4.79479479479 1.0 -0.996606561851 -1.00850916815 
-5.6956956957 1.0 0.554273288059 0.570584848895 
2.53253253253 1.0 0.572096837274 0.589944164858 
5.37537537538 1.0 -0.788157702332 -0.81021307212 
-0.690690690691 1.0 -0.637069722791 -0.710870148128 
1.11111111111 1.0 0.89619220103 0.893948943617 
-3.47347347347 1.0 0.325821789448 0.543945809246 
4.15415415415 1.0 -0.848191426515 -0.861585881759 
-4.05405405405 1.0 0.791012020637 0.971043774508 
8.93893893894 1.0 0.466950456861 0.354663277997 
6.33633633634 1.0 0.0531260071326 0.0574235596346 
-6.27627627628 1.0 0.00690897593668 0.0162944873345 
-1.95195195195 1.0 -0.928235370545 -1.24491456444 
7.77777777778 1.0 0.997097890944 0.872912287798 
-5.77577577578 1.0 0.485914794209 0.503530610539 
8.05805805806 1.0 0.979248576653 0.824323105272 
1.21121121121 1.0 0.936042896216 0.93272213544 
2.67267267267 1.0 0.451923110669 0.470548711571 
-3.71371371371 1.0 0.541416556108 0.769224628259 
-1.81181181181 1.0 -0.971096090611 -1.28226740329 
0.39039039039 1.0 0.380549461752 0.388282731676 
5.55555555556 1.0 -0.665101514979 -0.687784046657 
-2.09209209209 1.0 -0.867174611281 -1.17533250722 
9.27927927928 1.0 0.144985860003 0.092509648352 
1.49149149149 1.0 0.996857019318 0.99277782695 
5.15515515516 1.0 -0.903569980268 -0.921972703054 
-3.51351351351 1.0 0.363405633971 0.586382162224 
7.83783783784 1.0 0.999869691753 0.867740860604 
3.25325325325 1.0 -0.111428711879 -0.10748236083 
-2.63263263263 1.0 -0.487269347053 -0.618443236315 
-4.55455455455 1.0 0.987569983594 1.05985561035 
3.07307307307 1.0 0.0684659772958 0.0793681729588 
7.6976976977 1.0 0.987812502254 0.875071549708 
4.59459459459 1.0 -0.993070259711 -1.00370811924 
-10.0 1.0 0.544021110889 0.516715163651 
-9.87987987988 1.0 0.439553861488 0.413520709792 
-3.65365365365 1.0 0.489974935275 0.719535140539 
-1.73173173173 1.0 -0.987077824457 -1.28976080977 
-0.0700700700701 1.0 -0.0700127456343 -0.071493185846 
-5.97597597598 1.0 0.302399804444 0.3205089831 
3.87387387387 1.0 -0.668567805308 -0.682312706244 
0.670670670671 1.0 0.62151153354 0.626228960969 
7.1971971972 1.0 0.791959659904 0.756257827303 
-8.2982982983 1.0 -0.902904601864 -0.859020466602 
7.87787787788 1.0 0.99971449835 0.862651759988 
0.930930930931 1.0 0.802176135594 0.802565342904 
-5.0950950951 1.0 0.927657483133 0.939870455588 
-6.83683683684 1.0 -0.525796755923 -0.546809278185 
2.47247247247 1.0 0.620296125676 0.637302293161 
-1.93193193193 1.0 -0.935496175869 -1.25219466432 
-7.0970970971 1.0 -0.726978798959 -0.753496447609 
7.31731731732 1.0 0.859418901282 0.806296768745 
-5.43543543544 1.0 0.749793457774 0.760539296557 
-0.830830830831 1.0 -0.738491823944 -0.840355702287 
-2.97297297297 1.0 -0.167821766571 -0.12049242347 
0.29029029029 1.0 0.286230381945 0.293951260257 
-6.1961961962 1.0 0.0868794431893 0.099673816698 
3.85385385385 1.0 -0.653546911213 -0.667131247645 
7.55755755756 1.0 0.956387136503 0.865282567353 
7.43743743744 1.0 0.914492625181 0.842590405958 
7.3973973974 1.0 0.897563688968 0.832016123442 
-6.77677677678 1.0 -0.473791717778 -0.492184059639 
-3.49349349349 1.0 0.34468278404 0.565404414087 
-9.05905905906 1.0 -0.357620745349 -0.324839152401 
0.23023023023 1.0 0.228201684929 0.235496326618 
8.3983983984 1.0 0.855429505195 0.690829019671 
2.81281281281 1.0 0.322888465175 0.340443848984 
6.47647647648 1.0 0.19208980849 0.200202561731 
