-9.85985985986 1.0 0.421484671785 0.594937879993 
6.35635635636 1.0 0.0731057736575 0.101032809285 
-2.81281281281 1.0 -0.322888465175 -0.354932014049 
-2.95295295295 1.0 -0.187522900919 -0.154675288225 
1.89189189189 1.0 0.948890220341 0.952088478451 
4.67467467467 1.0 -0.999288899866 -0.997628415473 
-6.3963963964 1.0 -0.112969411094 -0.123942893036 
-5.4954954955 1.0 0.708725363073 0.69095659898 
-8.7987987988 1.0 -0.585891056576 -0.400937094232 
-9.55955955956 1.0 0.13437389375 0.31394603219 
-8.53853853854 1.0 -0.774699305584 -0.606904533446 
-6.53653653654 1.0 -0.250649611665 -0.265472831309 
7.33733733734 1.0 0.869481672757 0.878190466881 
6.83683683684 1.0 0.525796755923 0.567949729197 
1.45145145145 1.0 0.992886849216 0.990509693599 
-7.71771771772 1.0 -0.990730428893 -0.934643162846 
1.65165165165 1.0 0.996732988666 0.995908248086 
-0.0900900900901 1.0 -0.0899682743046 -0.0891533429343 
1.23123123123 1.0 0.942899611382 0.940560137426 
3.59359359359 1.0 -0.436766402789 -0.440681364197 
0.870870870871 1.0 0.764890207772 0.765252464533 
-7.63763763764 1.0 -0.976688773762 -0.932431954081 
0.37037037037 1.0 0.361960713579 0.367148198313 
9.35935935936 1.0 0.0653719505576 0.149615159779 
3.13313313313 1.0 0.00845941955822 0.0175889241998 
7.81781781782 1.0 0.999346160464 0.956798618098 
-1.17117117117 1.0 -0.921206900567 -1.06107477169 
-2.37237237237 1.0 -0.695575258639 -0.906883780303 
-6.33633633634 1.0 -0.0531260071326 -0.0625233465719 
8.07807807808 1.0 0.974995298193 0.916120360007 
-7.81781781782 1.0 -0.999346160464 -0.927926351006 
-4.29429429429 1.0 0.913864194148 1.0046131937 
-4.77477477477 1.0 0.998054637396 1.00132447207 
-5.7957957958 1.0 0.468320967329 0.459797399395 
-8.6986986987 1.0 -0.66394288333 -0.484177264768 
8.23823823824 1.0 0.927077365617 0.866091894509 
-0.13013013013 1.0 -0.1297631736 -0.130328990924 
0.13013013013 1.0 0.1297631736 0.134798871104 
-8.61861861862 1.0 -0.721633711464 -0.547292283341 
-7.07707707708 1.0 -0.713087090062 -0.726050391841 
8.91891891892 1.0 0.484559073218 0.489126433601 
2.29229229229 1.0 0.750818471552 0.763550176258 
-8.87887887888 1.0 -0.519186710331 -0.331335765393 
8.95895895896 1.0 0.449154692451 0.460555654661 
-0.19019019019 1.0 -0.189045659132 -0.192111991417 
-4.33433433433 1.0 0.929384449502 1.01122525652 
-0.39039039039 1.0 -0.380549461752 -0.396249670728 
-4.53453453453 1.0 0.984225545624 1.0247964932 
4.47447447447 1.0 -0.971831589603 -0.970601459111 
-8.15815815816 1.0 -0.9540939133 -0.83100952419 
4.19419419419 1.0 -0.868714740054 -0.87117618788 
4.91491491491 1.0 -0.979561626072 -0.980768556601 
-5.5955955956 1.0 0.634676409709 0.620124077279 
-9.03903903904 1.0 -0.376243865658 -0.185742589576 
-1.05105105105 1.0 -0.867945718946 -0.98192601735 
-0.870870870871 1.0 -0.764890207772 -0.843607794743 
5.11511511512 1.0 -0.919995965877 -0.925528353218 
-8.55855855856 1.0 -0.761885650774 -0.592350436235 
2.27227227227 1.0 0.763890524376 0.776169116548 
3.15315315315 1.0 -0.0115602420643 -0.00305502325923 
3.99399399399 1.0 -0.752863081707 -0.758033197994 
-8.3983983984 1.0 -0.855429505195 -0.70167690916 
-4.89489489489 1.0 0.983391971377 0.974292225758 
7.11711711712 1.0 0.740579143612 0.769578317234 
0.830830830831 1.0 0.738491823944 0.739269735298 
-1.55155155155 1.0 -0.999814825028 -1.22181317559 
0.03003003003 1.0 0.0300255167065 0.033775035547 
8.73873873874 1.0 0.633477463068 0.610334529887 
-8.8988988989 1.0 -0.501973484202 -0.313567626291 
-9.51951951952 1.0 0.094599889559 0.27545139296 
-9.41941941942 1.0 -0.00535851570584 0.178700012611 
-6.23623623624 1.0 0.046931825201 0.0397524983518 
3.77377377377 1.0 -0.590905760288 -0.596829042887 
-6.8968968969 1.0 -0.575905704393 -0.594464302035 
-4.83483483483 1.0 0.99251286792 0.989057596093 
0.21021021021 1.0 0.208665487323 0.214134216944 
-1.77177177177 1.0 -0.979872320608 -1.23641896697 
-8.67867867868 1.0 -0.678779469621 -0.500263700349 
0.970970970971 1.0 0.825434213842 0.824826853838 
-1.71171171171 1.0 -0.990087845702 -1.23899725613 
-0.49049049049 1.0 -0.471058607419 -0.495902431315 
6.01601601602 1.0 -0.264002216892 -0.258803641721 
-8.77877877878 1.0 -0.601996584369 -0.417939531854 
7.7977977978 1.0 0.998422103411 0.957661799801 
-0.670670670671 1.0 -0.62151153354 -0.668080422966 
0.950950950951 1.0 0.813968289004 0.813545230132 
-8.11811811812 1.0 -0.965318303844 -0.847983016656 
-9.57957957958 1.0 0.154184093352 0.333131069607 
7.25725725726 1.0 0.827180739833 0.84401953853 
-4.75475475475 1.0 0.999102704803 1.00485437569 
-2.77277277277 1.0 -0.360514923027 -0.411361641822 
3.17317317317 1.0 -0.0315752704827 -0.0237029797456 
-2.49249249249 1.0 -0.604469813648 -0.775992711366 
-3.31331331331 1.0 0.170877953796 0.33274955815 
-3.77377377377 1.0 0.590905760288 0.780216439163 
-5.73573573574 1.0 0.520511228445 0.510376923491 
-3.89389389389 1.0 0.683320745574 0.856926063969 
-5.33533533534 1.0 0.812162990678 0.790503973352 
-9.45945945946 1.0 0.034674546587 0.217465522656 
-5.41541541542 1.0 0.762889004574 0.742881928126 
-7.67767767768 1.0 -0.984498672401 -0.93438956085 
-3.93393393393 1.0 0.711999223182 0.878949059883 
-9.17917917918 1.0 -0.243137181641 -0.0533322073883 
9.71971971972 1.0 -0.290684124469 -0.155218251357 
-7.8978978979 1.0 -0.999035835857 -0.915158977594 
1.51151151151 1.0 0.998243169988 0.996159204496 
-8.27827827828 1.0 -0.911328515751 -0.771992572885 
6.87687687688 1.0 0.559424700424 0.600735836365 
4.45445445445 1.0 -0.966918909573 -0.965862037483 
-0.01001001001 1.0 -0.0100098428432 -0.00705244269895 
-1.11111111111 1.0 -0.89619220103 -1.02294228514 
-3.99399399399 1.0 0.752863081707 0.908777737472 
-4.09409409409 1.0 0.81486800406 0.95026513332 
0.0500500500501 1.0 0.0500291567086 0.0541115567071 
7.15715715716 1.0 0.766884055736 0.792726957613 
-2.93293293293 1.0 -0.207148878373 -0.183347042606 
-6.93693693694 1.0 -0.608168751487 -0.626020042412 
7.57757757758 1.0 0.96204298189 0.944033433283 
4.33433433433 1.0 -0.929384449502 -0.929736345976 
-6.21621621622 1.0 0.066919044364 0.0600983292342 
8.57857857858 1.0 0.748766641479 0.706490641075 
8.0980980981 1.0 0.970351253498 0.910848562139 
1.53153153153 1.0 0.999229236959 0.997275132834 
8.998998999 1.0 0.413030320922 0.431448159897 
6.41641641642 1.0 0.132837305145 0.164428935555 
-6.61661661662 1.0 -0.327287278425 -0.344062758637 
7.67767767768 1.0 0.984498672401 0.955583328834 
6.996996997 1.0 0.654719669029 0.691382084238 
5.05505505506 1.0 -0.941862214566 -0.946017277636 
-3.03303303303 1.0 -0.108346513523 -0.0406658289063 
-5.63563563564 1.0 0.603233924101 0.589996216193 
-6.6966966967 1.0 -0.401827232414 -0.420089754037 
-8.43843843844 1.0 -0.834011915114 -0.675924962873 
-0.33033033033 1.0 -0.32435551719 -0.335513073638 
-7.01701701702 1.0 -0.669720024621 -0.685253940522 
5.87587587588 1.0 -0.396140311588 -0.398615259135 
-5.57557557558 1.0 0.650019222236 0.634807925838 
-4.49449449449 1.0 0.976354771373 1.02458881154 
0.570570570571 1.0 0.540112324789 0.543673599628 
8.11811811812 1.0 0.965318303844 0.905288832885 
9.25925925926 1.0 0.164763965562 0.230970400485 
-5.01501501502 1.0 0.954557149695 0.937323555403 
-4.01401401401 1.0 0.765888052358 0.917884769516 
-4.31431431431 1.0 0.921809046742 1.00808852248 
9.83983983984 1.0 -0.403246556161 -0.25898214224 
1.77177177177 1.0 0.979872320608 0.98078064511 
-3.83383383383 1.0 0.63826408348 0.820596229924 
4.41441441441 1.0 -0.955933085822 -0.955281018024 
-6.63663663664 1.0 -0.346137843492 -0.363337508891 
-8.5985985986 1.0 -0.735347535638 -0.562538462452 
-0.810810810811 1.0 -0.724845989014 -0.793068707724 
-2.33233233233 1.0 -0.723776968945 -0.946165328138 
3.37337337337 1.0 -0.229710988177 -0.228194790572 
4.69469469469 1.0 -0.999843460211 -0.998283201793 
5.01501501502 1.0 -0.954557149695 -0.957815365678 
-6.996996997 1.0 -0.654719669029 -0.670949596753 
2.39239239239 1.0 0.681053382124 0.695835144138 
-3.53353353353 1.0 0.381982835353 0.576861919478 
-4.73473473473 1.0 0.99975034402 1.00810303679 
-6.81681681682 1.0 -0.508663293061 -0.527809857379 
-1.69169169169 1.0 -0.992701051804 -1.23872846539 
5.03503503504 1.0 -0.948399735659 -0.952102834606 
3.03303303303 1.0 0.108346513523 0.120400241423 
-4.61461461461 1.0 0.995223893414 1.02161336759 
5.75575575576 1.0 -0.503313872361 -0.51059088583 
-3.97397397397 1.0 0.739536372707 0.899256008543 
1.67167167167 1.0 0.994916395419 0.994338982981 
-7.45745745746 1.0 -0.922408976872 -0.902295343602 
5.07507507508 1.0 -0.934947206573 -0.939559243053 
6.13613613614 1.0 -0.146519791772 -0.133500878162 
-7.15715715716 1.0 -0.766884055736 -0.775269799024 
6.97697697698 1.0 0.639456909771 0.677111506008 
3.89389389389 1.0 -0.683320745574 -0.689225080615 
-4.25425425425 1.0 0.896879023055 0.996629917035 
7.27727727728 1.0 0.838264195546 0.853137027519 
1.69169169169 1.0 0.992701051804 0.992387799921 
9.0990990991 1.0 0.319952035985 0.356504036647 
-4.91491491491 1.0 0.979561626072 0.968818166923 
-3.69369369369 1.0 0.524477262156 0.719926914496 
-1.57157157157 1.0 -0.999999699498 -1.22578624066 
3.11311311311 1.0 0.0284756907485 0.0382188612045 
9.51951951952 1.0 -0.094599889559 0.0159316806404 
-3.57357357357 1.0 0.41867057176 0.615439855148 
-1.15115115115 1.0 -0.91323356617 -1.04869721296 
-4.15415415415 1.0 0.848191426515 0.970440207326 
-7.1971971972 1.0 -0.791959659904 -0.797560205854 
5.995995996 1.0 -0.2832577738 -0.279269639008 
8.35835835836 1.0 0.875475849797 0.817467209918 
0.01001001001 1.0 0.0100098428432 0.0133849854306 
8.85885885886 1.0 0.536191852752 0.530917986643 
-5.61561561562 1.0 0.61907922661 0.605185986696 
1.07107107107 1.0 0.877714248189 0.876278131538 
-1.47147147147 1.0 -0.995071340501 -1.20102531651 
1.99199199199 1.0 0.912600742763 0.918047223707 
9.43943943944 1.0 -0.0146609534063 0.0832419047853 
-6.5965965966 1.0 -0.308305540605 -0.324627713468 
-7.7977977978 1.0 -0.998422103411 -0.930100484569 
3.33333333333 1.0 -0.190567962875 -0.187825551061 
-0.850850850851 1.0 -0.75184168035 -0.826983941952 
6.73673673674 1.0 0.438160658811 0.480870535583 
-1.23123123123 1.0 -0.942899611382 -1.09611398523 
2.61261261261 1.0 0.504653050544 0.52200541545 
-7.3973973974 1.0 -0.897563688968 -0.884472940032 
-0.510510510511 1.0 -0.488622728493 -0.515540867804 
1.55155155155 1.0 0.999814825028 0.998007025729 
-9.5995995996 1.0 0.173932497848 0.352268776671 
-9.35935935936 1.0 -0.0653719505576 0.120486279607 
8.51851851852 1.0 0.787202470352 0.739353732129 
2.59259259259 1.0 0.521834495241 0.539092301587 
6.67667667668 1.0 0.38341529066 0.425433054171 
2.03203203203 1.0 0.895503224543 0.901910142015 
7.01701701702 1.0 0.669720024621 0.70530592924 
1.59159159159 1.0 0.999783786273 0.998318600521 
-8.81881881882 1.0 -0.569550710787 -0.383769479512 
7.75775775776 1.0 0.995374053792 0.958363551525 
6.63663663664 1.0 0.346137843492 0.387291676223 
-4.07407407407 1.0 0.803100948886 0.94276721184 
-2.79279279279 1.0 -0.341770182763 -0.383223675735 
-7.55755755756 1.0 -0.956387136503 -0.923360592364 
-7.35735735736 1.0 -0.879195966573 -0.870447216663 
-5.21521521522 1.0 0.87622408965 0.853772296525 
5.83583583584 1.0 -0.432577348176 -0.436853055978 
-9.13913913914 1.0 -0.281770446506 -0.0915150360515 
4.85485485485 1.0 -0.989868890237 -0.9900440553 
-2.61261261261 1.0 -0.504653050544 -0.628034975914 
0.810810810811 1.0 0.724845989014 0.725835965411 
-1.49149149149 1.0 -0.996857019318 -1.20694035079 
-3.25325325325 1.0 0.111428711879 0.257638537143 
-3.59359359359 1.0 0.436766402789 0.634028788159 
8.47847847848 1.0 0.811257411747 0.760216785747 
-1.91191191191 1.0 -0.942382045726 -1.20981731223 
9.53953953954 1.0 -0.114509838728 -0.00102010615977 
-0.45045045045 1.0 -0.435371096772 -0.456314710849 
-2.29229229229 1.0 -0.750818471552 -0.983119750058 
-3.19319319319 1.0 0.0515776439174 0.17945271485 
-7.37737737738 1.0 -0.888557889358 -0.877673482182 
6.15615615616 1.0 -0.126687794244 -0.112302027312 
-8.0980980981 1.0 -0.970351253498 -0.855942295875 
1.43143143143 1.0 0.99030442098 0.987860765461 
-8.93893893894 1.0 -0.466950456861 -0.277632037498 
-2.87287287287 1.0 -0.265497380359 -0.269383355369 
-0.47047047047 1.0 -0.453305691794 -0.476158289034 
-5.3953953954 1.0 0.775678794758 0.755193202664 
1.01101101101 1.0 0.84736912878 0.846410483284 
0.630630630631 1.0 0.589654207656 0.592593168071 
8.55855855856 1.0 0.761885650774 0.717649339474 
-5.03503503504 1.0 0.948399735659 0.930201406314 
0.41041041041 1.0 0.398985690337 0.403930200986 
4.29429429429 1.0 -0.913864194148 -0.914790391901 
8.63863863864 1.0 0.707630665292 0.671831423986 
8.71871871872 1.0 0.648840196822 0.622990684428 
-3.07307307307 1.0 -0.0684659772958 0.0156082633171 
-5.65565565566 1.0 0.587146852786 0.574557537966 
-6.0960960961 1.0 0.185999691898 0.180565385011 
-8.25825825826 1.0 -0.919387180273 -0.78264343268 
2.87287287287 1.0 0.265497380359 0.281136396659 
-9.4994994995 1.0 0.0746520259067 0.256150710717 
-2.51251251251 1.0 -0.588401237484 -0.752420366683 
7.03703703704 1.0 0.684451964588 0.718878568996 
-2.21221221221 1.0 -0.801249393857 -1.04977817162 
1.17117117117 1.0 0.921206900567 0.919134638665 
2.07207207207 1.0 0.876970223046 0.884359852296 
1.03103103103 1.0 0.857829327634 0.856704518627 
-8.01801801802 1.0 -0.986576173517 -0.884158177249 
-9.33933933934 1.0 -0.0853347124856 0.101084270299 
3.43343343343 1.0 -0.28771565565 -0.287933384046 
3.05305305305 1.0 0.0884239650333 0.0999253188437 
1.27127127127 1.0 0.955476737061 0.953014001317 
-3.05305305305 1.0 -0.0884239650333 -0.0124491943756 
-0.37037037037 1.0 -0.361960713579 -0.376070541977 
0.590590590591 1.0 0.556851671602 0.560209360484 
4.35435435435 1.0 -0.936587366299 -0.936667735355 
5.27527527528 1.0 -0.845718424022 -0.854680154096 
0.510510510511 1.0 0.488622728493 0.492762540847 
6.23623623624 1.0 -0.046931825201 -0.0270255217986 
-1.67167167167 1.0 -0.994916395419 -1.23790756103 
-6.31631631632 1.0 -0.0331249483513 -0.0420303147315 
0.33033033033 1.0 0.32435551719 0.329727359926 
-4.85485485485 1.0 0.989868890237 0.98441248385 
8.2982982983 1.0 0.902904601864 0.842907735385 
2.77277277277 1.0 0.360514923027 0.377464103579 
-1.01101101101 1.0 -0.84736912878 -0.953081353521 
-4.27427427427 1.0 0.905553075921 1.00079509082 
-0.610610610611 1.0 -0.573367839051 -0.611925933602 
-8.03803803804 1.0 -0.983109384216 -0.877656098387 
-4.99499499499 1.0 0.960331988856 0.944171518377 
-6.73673673674 1.0 -0.438160658811 -0.456923068803 
7.37737737738 1.0 0.888557889358 0.892974060305 
-1.29129129129 1.0 -0.961192106815 -1.12784661669 
-2.03203203203 1.0 -0.895503224543 -1.16297256297 
3.45345345345 1.0 -0.306830209454 -0.307590755481 
-8.05805805806 1.0 -0.979248576653 -0.870783237526 
4.87487487487 1.0 -0.986828185163 -0.98732724047 
3.63363363363 1.0 -0.472425730458 -0.476999743264 
-4.47447447447 1.0 0.971831589603 1.02402595479 
-7.93793793794 1.0 -0.996477739177 -0.906377126277 
4.93493493493 1.0 -0.975338684403 -0.976926856983 
-7.41741741742 1.0 -0.906209755988 -0.890843945792 
-5.23523523524 1.0 0.866401418913 0.843910801365 
-9.67967967968 1.0 0.252150304413 0.428262566997 
-8.45845845846 1.0 -0.822799547447 -0.662639946258 
5.41541541542 1.0 -0.762889004574 -0.773812600951 
-9.43943943944 1.0 0.0146609534063 0.198090411821 
2.19219219219 1.0 0.813066617154 0.823438559745 
-2.55255255255 1.0 -0.555563147622 -0.703915203756 
-2.65265265265 1.0 -0.469690351946 -0.575600090405 
5.91591591592 1.0 -0.359068265792 -0.359555934665 
4.49449449449 1.0 -0.976354771373 -0.974972428141 
-9.1991991992 1.0 -0.223670498102 -0.0341582210649 
8.7987987988 1.0 0.585891056576 0.571351286151 
0.25025025025 1.0 0.247646422081 0.253170093922 
-0.25025025025 1.0 -0.247646422081 -0.253772661442 
-2.89289289289 1.0 -0.246143932464 -0.240725654014 
-4.21421421421 1.0 0.878456163293 0.987240619714 
-7.11711711712 1.0 -0.740579143612 -0.751419211028 
2.11211211211 1.0 0.857031446499 0.86541646617 
6.45645645646 1.0 0.172405433055 0.206241199392 
0.690690690691 1.0 0.637069722791 0.639361897847 
-1.37137137137 1.0 -0.980180659514 -1.16463826768 
1.37137137137 1.0 0.980180659514 0.977626724926 
3.81381381381 1.0 -0.622725447279 -0.628758137432 
9.87987987988 1.0 -0.439553861488 -0.293620078134 
0.27027027027 1.0 0.266991905564 0.272508145788 
7.2972972973 1.0 0.849011685183 0.861871687952 
8.5985985986 1.0 0.735347535638 0.695132381993 
-6.75675675676 1.0 -0.456067581459 -0.475007549964 
-6.85685685686 1.0 -0.542719485852 -0.56170391389 
8.6986986987 1.0 0.66394288333 0.63547193998 
7.13713713714 1.0 0.753882673169 0.781338488611 
3.29329329329 1.0 -0.151119458915 -0.147112231452 
1.85185185185 1.0 0.960763202681 0.963142166404 
-7.21721721722 1.0 -0.804023831509 -0.808108536072 
5.71571571572 1.0 -0.537499969971 -0.545964703796 
6.71671671672 1.0 0.42007812671 0.462640218318 
-5.25525525526 1.0 0.856231505045 0.833775709917 
-7.85785785786 1.0 -0.999992487454 -0.922350774828 
4.57457457457 1.0 -0.990518615549 -0.988758165682 
2.97297297297 1.0 0.167821766571 0.181407953845 
-6.37637637638 1.0 -0.0930562402792 -0.103490663794 
-9.3993993994 1.0 -0.0253758371902 0.159299209069 
-5.995995996 1.0 0.2832577738 0.277841582362 
-9.63963963964 1.0 0.213212289782 0.390385279832 
-2.69269269269 1.0 -0.433974744115 -0.521887214433 
-0.15015015015 1.0 -0.149586594914 -0.150926797283 
-2.67267267267 1.0 -0.451923110669 -0.548892226784 
4.39439439439 1.0 -0.949864345085 -0.949441173506 
6.1961961962 1.0 -0.0868794431893 -0.0697366238761 
-8.35835835836 1.0 -0.875475849797 -0.726301123602 
-1.03103103103 1.0 -0.857829327634 -0.967648713157 
-2.25225225225 1.0 -0.776656419186 -1.01767636878 
0.43043043043 1.0 0.417262010319 0.422065989305 
-8.998998999 1.0 -0.413030320922 -0.222820123978 
2.17217217217 1.0 0.824557973258 0.834437103998 
-8.31831831832 1.0 -0.894118814814 -0.749753948382 
-8.95895895896 1.0 -0.449154692451 -0.259476567999 
-2.43243243243 1.0 -0.651196684992 -0.843787048009 
2.09209209209 1.0 0.867174611281 0.875060980208 
4.95495495495 1.0 -0.970724838874 -0.972710446548 
1.41141141141 1.0 0.987325090799 0.984830036167 
-3.67367367367 1.0 0.507327764109 0.703687387628 
2.41241241241 1.0 0.666258547712 0.681397072514 
2.71271271271 1.0 0.415852445773 0.433198927594 
-9.47947947948 1.0 0.054674242632 0.236820534245 
-4.03403403403 1.0 0.778606064409 0.926582037326 
6.91691691692 1.0 0.592155892373 0.632268735688 
6.77677677678 1.0 0.473791717778 0.516541114761 
-0.21021021021 1.0 -0.208665487323 -0.212687235416 
0.49049049049 1.0 0.471058607419 0.475377769772 
7.35735735736 1.0 0.879195966573 0.885774135225 
0.45045045045 1.0 0.435371096772 0.44002331849 
4.63463463463 1.0 -0.996978653508 -0.995198475537 
-5.17517517518 1.0 0.894812095251 0.872674002627 
-4.37437437437 1.0 0.943414910292 1.01649903904 
9.85985985986 1.0 -0.421484671785 -0.276301009397 
4.53453453453 1.0 -0.984225545624 -0.982606180484 
-2.71271271271 1.0 -0.415852445773 -0.494608034279 
-2.75275275275 1.0 -0.379115173303 -0.439321263764 
-5.2952952953 1.0 0.834866389361 0.812685529972 
7.5975975976 1.0 0.967313252172 0.947074721868 
-2.57257257257 1.0 -0.53880679503 -0.679018797855 
8.15815815816 1.0 0.9540939133 0.89332040936 
7.91791791792 1.0 0.997956771974 0.947489525681 
-4.93493493493 1.0 0.975338684403 0.96306874623 
-4.19419419419 1.0 0.868714740054 0.982007374017 
4.89489489489 1.0 -0.983391971377 -0.984235387132 
1.95195195195 1.0 0.928235370545 0.932752469885 
-1.09109109109 1.0 -0.887131000257 -1.00958038631 
6.61661661662 1.0 0.327287278425 0.367894545778 
7.97797797798 1.0 0.992322298019 0.93803163204 
9.57957957958 1.0 -0.154184093352 -0.0350523940158 
5.85585585586 1.0 -0.41444188151 -0.417841276084 
-5.83583583584 1.0 0.432577348176 0.424978307223 
0.17017017017 1.0 0.169350063744 0.174660457072 
0.0700700700701 1.0 0.0700127456343 0.0743883849061 
-0.970970970971 1.0 -0.825434213842 -0.923106228674 
3.61361361361 1.0 -0.454687183165 -0.458946330342 
-1.85185185185 1.0 -0.960763202681 -1.22483179657 
-9.83983983984 1.0 0.403246556161 0.576770057856 
2.35235235235 1.0 0.709818357066 0.723829062399 
2.25225225225 1.0 0.776656419186 0.788470989436 
-8.1981981982 1.0 -0.941340119153 -0.812660690344 
5.31531531532 1.0 -0.823679750423 -0.833340379922 
4.43443443443 1.0 -0.961618700226 -0.960754942859 
-7.13713713714 1.0 -0.753882673169 -0.763537017585 
-4.35435435435 1.0 0.936587366299 1.01402745238 
-4.81481481481 1.0 0.994759058541 0.993425160915 
-5.67567567568 1.0 0.570824460166 0.558872941224 
9.03903903904 1.0 0.376243865658 0.401830351163 
-6.67667667668 1.0 -0.38341529066 -0.40136192084 
5.17517517518 1.0 -0.894812095251 -0.90170721128 
-9.65965965966 1.0 0.232727934358 0.409355831666 
-1.63163163163 1.0 -0.998150103477 -1.23463931205 
-3.37337337337 1.0 0.229710988177 0.404431759905 
9.33933933934 1.0 0.0853347124856 0.166039594999 
-7.51751751752 1.0 -0.943927941216 -0.916232913499 
4.55455455455 1.0 -0.987569983594 -0.985867683365 
-5.07507507508 1.0 0.934947206573 0.915134890598 
4.21421421421 1.0 -0.878456163293 -0.880606529615 
5.35535535536 1.0 -0.800320725902 -0.810578672611 
7.05705705706 1.0 0.698909584547 0.732095838373 
9.11911911912 1.0 0.30092154409 0.341168349274 
6.25625625626 1.0 -0.0269257963344 -0.00564484828413 
-6.2962962963 1.0 -0.0131106134944 -0.0215455541902 
7.21721721722 1.0 0.804023831509 0.824639577355 
-2.91291291291 1.0 -0.226691833081 -0.212038655881 
5.63563563564 1.0 -0.603233924101 -0.613438452429 
5.8958958959 1.0 -0.377679973455 -0.379183798205 
-5.55555555556 1.0 0.665101514979 0.649235173134 
-5.81581581582 1.0 0.450539443112 0.442494593335 
5.33533533534 1.0 -0.812162990678 -0.822136140042 
5.5955955956 1.0 -0.634676409709 -0.645437689139 
-5.93593593594 1.0 0.340312647942 0.334385671929 
-9.6996996997 1.0 0.271471615699 0.447101584588 
-7.61761761762 1.0 -0.972195835089 -0.930810330106 
-3.39339339339 1.0 0.249148316352 0.427512577861 
3.79379379379 1.0 -0.606937230307 -0.612930226293 
1.83183183183 1.0 0.96612325186 0.968112696279 
-3.73373373373 1.0 0.558138856901 0.751001709356 
5.1951951952 1.0 -0.885695580449 -0.893030870375 
-8.47847847848 1.0 -0.811257411747 -0.649089713732 
5.65565565566 1.0 -0.587146852786 -0.596995481145 
-7.27727727728 1.0 -0.838264195546 -0.837316493076 
-2.45245245245 1.0 -0.635873830576 -0.821691835722 
-6.91691691692 1.0 -0.592155892373 -0.610397035608 
-9.97997997998 1.0 0.527114985665 0.701771939157 
-9.7997997998 1.0 0.366292850383 0.540150725288 
8.17817817818 1.0 0.947906971008 0.886919150016 
4.05405405405 1.0 -0.791012020637 -0.795497299925 
-7.87787787788 1.0 -0.99971449835 -0.918955318862 
9.91991991992 1.0 -0.475156566095 -0.328248704402 
1.25125125125 1.0 0.949378423874 0.946971543407 
-1.87187187187 1.0 -0.955018091318 -1.22043838874 
1.73173173173 1.0 0.987077824457 0.98734282069 
-9.15915915916 1.0 -0.26250641876 -0.0724530269031 
-5.47547547548 1.0 0.722706208904 0.704337638918 
-2.13213213213 1.0 -0.846544793956 -1.10645484048 
9.7997997998 1.0 -0.366292850383 -0.224355278915 
-1.89189189189 1.0 -0.948890220341 -1.21543521822 
-1.41141141141 1.0 -0.987325090799 -1.18052260357 
4.99499499499 1.0 -0.960331988856 -0.963154399709 
-1.19119119119 1.0 -0.928811026462 -1.07310866502 
-2.19219219219 1.0 -0.813066617154 -1.06489433216 
4.27427427427 1.0 -0.905553075921 -0.906778578938 
-6.51651651652 1.0 -0.231219739195 -0.24550894446 
-7.65765765766 1.0 -0.980790267476 -0.933624569824 
1.79179179179 1.0 0.975679725882 0.976933350173 
-0.790790790791 1.0 -0.710909644644 -0.775791261613 
-0.710710710711 1.0 -0.65237258226 -0.704709619643 
9.47947947948 1.0 -0.054674242632 0.0496920391226 
5.47547547548 1.0 -0.722706208904 -0.733968114581 
-7.23723723724 1.0 -0.81576576016 -0.818253249406 
-1.43143143143 1.0 -0.99030442098 -1.18780822931 
-7.43743743744 1.0 -0.914492625181 -0.896785120056 
9.21921921922 1.0 0.204114170152 0.262932410746 
1.31131131131 1.0 0.966522242485 0.963984158851 
7.61761761762 1.0 0.972195835089 0.949748003712 
0.19019019019 1.0 0.189045659132 0.194448940163 
7.41741741742 1.0 0.906209755988 0.906224166886 
9.65965965966 1.0 -0.232727934358 -0.10355178041 
3.27327327327 1.0 -0.131300397197 -0.126651239309 
-0.630630630631 1.0 -0.589654207656 -0.630796759686 
6.21621621622 1.0 -0.066919044364 -0.0483933993566 
1.97197197197 1.0 0.920602539794 0.925579933377 
0.550550550551 1.0 0.523156507537 0.526916529378 
0.0900900900901 1.0 0.0899682743046 0.0945993427932 
3.83383383383 1.0 -0.63826408348 -0.644307011885 
2.79279279279 1.0 0.341770182763 0.358521174507 
-1.27127127127 1.0 -0.955476737061 -1.11764978372 
4.07407407407 1.0 -0.803100948886 -0.807326553786 
0.770770770771 1.0 0.69668837635 0.698108689418 
4.75475475475 1.0 -0.999102704803 -0.998003329456 
-8.63863863864 1.0 -0.707630665292 -0.531827151952 
-5.1951951952 1.0 0.885695580449 0.863360061353 
4.71471471471 1.0 -0.999997295481 -0.998564121915 
-0.35035035035 1.0 -0.343226895963 -0.355822963659 
-9.27927927928 1.0 -0.144985860003 0.0429581334795 
-9.91991991992 1.0 0.475156566095 0.648837483106 
-1.51151151151 1.0 -0.998243169988 -1.21238211401 
-6.01601601602 1.0 0.264002216892 0.258669552837 
8.53853853854 1.0 0.774699305584 0.728604899952 
-1.21121121121 1.0 -0.936042896216 -1.08479103688 
-6.43643643644 1.0 -0.152651959622 -0.164728669161 
-6.17617617618 1.0 0.106805021793 0.100598897536 
2.63263263263 1.0 0.487269347053 0.504685010996 
-0.27027027027 1.0 -0.266991905564 -0.274270695034 
9.8998998999 1.0 -0.45744688336 -0.310936813088 
-0.930930930931 1.0 -0.802176135594 -0.892059643037 
-6.41641641642 1.0 -0.132837305145 -0.144359308732 
-3.43343343343 1.0 0.28771565565 0.472399731056 
5.73573573574 1.0 -0.520511228445 -0.528408574537 
2.37237237237 1.0 0.695575258639 0.709980614453 
8.65865865866 1.0 0.693344009372 0.659895812383 
-1.83183183183 1.0 -0.96612325186 -1.22862076389 
8.43843843844 1.0 0.834011915114 0.780209524108 
4.51451451451 1.0 -0.980486642048 -0.978974223869 
-3.35335335335 1.0 0.210181594637 0.380937695099 
-7.53753753754 1.0 -0.950347982805 -0.92001316588 
-8.85885885886 1.0 -0.536191852752 -0.348962796583 
2.69269269269 1.0 0.433974744115 0.451387593664 
9.45945945946 1.0 -0.034674546587 0.0664947575701 
0.750750750751 1.0 0.682187883844 0.683825520293 
9.17917917918 1.0 0.243137181641 0.294525546942 
-5.11511511512 1.0 0.919995965877 0.898972387777 
7.0970970971 1.0 0.726978798959 0.757449123547 
3.73373373373 1.0 -0.558138856901 -0.563831024895 
0.710710710711 1.0 0.65237258226 0.654446678737 
7.17717717718 1.0 0.779578080518 0.803741328149 
-5.51551551552 1.0 0.694460468753 0.677311396099 
9.13913913914 1.0 0.281770446506 0.325724573025 
6.31631631632 1.0 0.0331249483513 0.0584547158931 
5.81581581582 1.0 -0.450539443112 -0.455642058897 
9.95995995996 1.0 -0.509997599178 -0.362848046967 
-0.0500500500501 1.0 -0.0500291567086 -0.0480448915764 
-8.21821821822 1.0 -0.934395989648 -0.802982534677 
-6.71671671672 1.0 -0.42007812671 -0.438613663048 
-3.21321321321 1.0 0.0715593456609 0.205831632131 
5.95595595596 1.0 -0.32142063693 -0.319748372473 
6.8968968969 1.0 0.575905704393 0.61666214418 
-5.71571571572 1.0 0.537499969971 0.526779073404 
-8.17817817818 1.0 -0.947906971008 -0.822004641486 
-0.570570570571 1.0 -0.540112324789 -0.573758807086 
-6.95695695696 1.0 -0.623937863975 -0.641325078725 
2.45245245245 1.0 0.635873830576 0.651661545771 
-3.75375375375 1.0 0.574637462441 0.765840462818 
-9.11911911912 1.0 -0.30092154409 -0.110512549116 
6.95695695696 1.0 0.623937863975 0.662498975561 
7.07707707708 1.0 0.713087090062 0.744953876486 
4.37437437437 1.0 -0.943414910292 -0.943236392387 
1.91191191191 1.0 0.942382045726 0.946008708532 
3.97397397397 1.0 -0.739536372707 -0.744897952853 
7.45745745746 1.0 0.922408976872 0.917945763361 
9.97997997998 1.0 -0.527114985665 -0.380130610133 
0.530530530531 1.0 0.505991015532 0.509944158624 
2.01201201201 1.0 0.904233186475 0.910156532449 
6.85685685686 1.0 0.542719485852 0.584496149327 
-7.2972972973 1.0 -0.849011685183 -0.846228088663 
-4.95495495495 1.0 0.970724838874 0.957044316205 
-0.29029029029 1.0 -0.286230381945 -0.294730835637 
2.43243243243 1.0 0.651196684992 0.666670967109 
-1.97197197197 1.0 -0.920602539794 -1.18923123774 
4.65465465465 1.0 -0.998333836705 -0.996600062422 
6.81681681682 1.0 0.508663293061 0.551103528885 
6.0960960961 1.0 -0.185999691898 -0.175673353424 
3.21321321321 1.0 -0.0715593456609 -0.0649707639641 
5.93593593594 1.0 -0.340312647942 -0.339740952597 
8.61861861862 1.0 0.721633711464 0.683578126147 
6.11611611612 1.0 -0.166293065952 -0.154628448533 
9.55955955956 1.0 -0.13437389375 -0.0180157584359 
0.910910910911 1.0 0.790062479764 0.7900232857 
-9.73973973974 1.0 0.309780130585 0.484561313527 
1.33133133133 1.0 0.971465007816 0.968908274045 
4.13413413413 1.0 -0.837417761709 -0.840794462557 
8.31831831832 1.0 0.894118814814 0.834673312884 
-6.05605605606 1.0 0.225181436261 0.219884610518 
4.25425425425 1.0 -0.896879023055 -0.89840954889 
-0.03003003003 1.0 -0.0300255167065 -0.0275311104957 
7.53753753754 1.0 0.950347982805 0.936838294618 
6.6966966967 1.0 0.401827232414 0.44415806527 
-1.65165165165 1.0 -0.996732988666 -1.23654198382 
1.13113113113 1.0 0.904894218889 0.903049939521 
8.8988988989 1.0 0.501973484202 0.503202246446 
-0.910910910911 1.0 -0.790062479764 -0.876152762504 
1.19119119119 1.0 0.928811026462 0.926639294149 
5.4954954955 1.0 -0.708725363073 -0.720018245643 
8.41841841842 1.0 0.844890020967 0.789870417402 
2.49249249249 1.0 0.604469813648 0.620812400854 
9.73973973974 1.0 -0.309780130585 -0.172481295712 
-9.75975975976 1.0 0.328751980598 0.503174676926 
-8.91891891892 1.0 -0.484559073218 -0.295664384954 
-7.997997998 1.0 -0.989647555109 -0.890285317341 
0.47047047047 1.0 0.453305691794 0.457795975125 
-0.590590590591 1.0 -0.556851671602 -0.592911127779 
-8.57857857858 1.0 -0.748766641479 -0.577559800972 
-7.77777777778 1.0 -0.997097890944 -0.931861769514 
-0.750750750751 1.0 -0.682187883844 -0.740631186904 
-1.25125125125 1.0 -0.949378423874 -1.10706956371 
-2.39239239239 1.0 -0.681053382124 -0.886396229625 
-7.03703703704 1.0 -0.684451964588 -0.699210048231 
8.83883883884 1.0 0.552982096013 0.544551181136 
9.31931931932 1.0 0.105263273301 0.182390406528 
-7.5975975976 1.0 -0.967313252172 -0.928758513314 
-9.61961961962 1.0 0.193611192318 0.371354901959 
4.01401401401 1.0 -0.765888052358 -0.770847245224 
6.03603603604 1.0 -0.244640851113 -0.238200340899 
-9.2992992993 1.0 -0.125149645879 0.0623149464351 
9.05905905906 1.0 0.357620745349 0.386838272203 
-1.07107107107 1.0 -0.877714248189 -0.995905760796 
-2.99299299299 1.0 -0.148053371305 -0.0974878632335 
2.83283283283 1.0 0.303877337824 0.320135114415 
8.01801801802 1.0 0.986576173517 0.930171298801 
6.53653653654 1.0 0.250649611665 0.28836504484 
2.65265265265 1.0 0.469690351946 0.487137488449 
3.31331331331 1.0 -0.170877953796 -0.167506978041 
-9.37937937938 1.0 -0.0453829883483 0.139892956518 
-8.83883883884 1.0 -0.552982096013 -0.366442707092 
5.43543543544 1.0 -0.749793457774 -0.760868873015 
5.77577577578 1.0 -0.485914794209 -0.492518864029 
-5.05505505506 1.0 0.941862214566 0.922805164051 
-2.85285285285 1.0 -0.284744420138 -0.297986930703 
5.6956956957 1.0 -0.554273288059 -0.563252314622 
-5.87587587588 1.0 0.396140311588 0.389326326509 
7.93793793794 1.0 0.996477739177 0.944652656662 
2.75275275275 1.0 0.379115173303 0.396229785799 
-4.69469469469 1.0 0.999843460211 1.01375172376 
-6.7967967968 1.0 -0.491325964149 -0.510460916265 
8.4984984985 1.0 0.799390133963 0.74989223271 
6.43643643644 1.0 0.152651959622 0.185388049434 
7.73773773774 1.0 0.993251282848 0.958195915669 
-5.45545545546 1.0 0.736397402892 0.717453054101 
0.730730730731 1.0 0.667413978747 0.669269715763 
6.51651651652 1.0 0.231219739195 0.268049977747 
-4.67467467467 1.0 0.999288899866 1.01614899621 
4.23423423423 1.0 -0.887845512006 -0.889684945256 
6.07607607608 1.0 -0.205631771434 -0.196624343804 
0.610610610611 1.0 0.573367839051 0.576517852079 
5.61561561562 1.0 -0.61907922661 -0.629587733334 
-2.27227227227 1.0 -0.763890524376 -1.00070166396 
3.19319319319 1.0 -0.0515776439174 -0.0443449114776 
-7.47747747748 1.0 -0.929955638285 -0.907373752353 
-5.31531531532 1.0 0.823679750423 0.801730991259 
9.81981981982 1.0 -0.384846824231 -0.241666037077 
-2.53253253253 1.0 -0.572096837274 -0.728388590709 
-3.85385385385 1.0 0.653546911213 0.833151147128 
-4.41441441441 1.0 0.955933085822 1.02046543894 
-2.47247247247 1.0 -0.620296125676 -0.79908860202 
-8.13813813814 1.0 -0.959898466376 -0.839670551537 
-2.01201201201 1.0 -0.904233186475 -1.17236044183 
3.23323323323 1.0 -0.0915123672906 -0.0855704738195 
1.75175175175 1.0 0.983672194447 0.984250859304 
-2.05205205205 1.0 -0.886414355831 -1.15294714284 
4.17417417417 1.0 -0.858625146533 -0.861395936593 
0.31031031031 1.0 0.305354140677 0.310793064948 
1.29129129129 1.0 0.961192106815 0.958685495304 
-0.950950950951 1.0 -0.813968289004 -0.907713213481 
-5.35535535536 1.0 0.800320725902 0.77900494454 
-9.21921921922 1.0 -0.204114170152 -0.0149366668775 
-8.07807807808 1.0 -0.974995298193 -0.863543851971 
-6.11611611612 1.0 0.166293065952 0.160726437342 
2.93293293293 1.0 0.207148878373 0.221637814756 
7.71771771772 1.0 0.990730428893 0.957678591651 
2.85285285285 1.0 0.284744420138 0.30070818298 
7.63763763764 1.0 0.976688773762 0.952055572247 
-0.43043043043 1.0 -0.417262010319 -0.436377939986 
3.95395395395 1.0 -0.725913266541 -0.731445363468 
7.8978978979 1.0 0.999035835857 0.950005950826 
7.85785785786 1.0 0.999992487454 0.954063659347 
4.83483483483 1.0 -0.99251286792 -0.992385814072 
5.53553553554 1.0 -0.679917243139 -0.691139110942 
-9.01901901902 1.0 -0.39471619201 -0.204331034886 
4.03403403403 1.0 -0.778606064409 -0.78333643558 
-4.79479479479 1.0 0.996606561851 0.997514409219 
-6.35635635636 1.0 -0.0731057736575 -0.0830137885731 
-3.11311311311 1.0 -0.0284756907485 0.0711603394026 
5.0950950951 1.0 -0.927657483133 -0.932729361793 
6.05605605606 1.0 -0.225181436261 -0.217470319391 
-3.81381381381 1.0 0.622725447279 0.807591154161 
3.57357357357 1.0 -0.41867057176 -0.422212750342 
7.51751751752 1.0 0.943927941216 0.932680510705 
-8.73873873874 1.0 -0.633477463068 -0.451424813668 
-7.97797797798 1.0 -0.992322298019 -0.896033466243 
-0.23023023023 1.0 -0.228201684929 -0.233242816245 
-7.33733733734 1.0 -0.869481672757 -0.862796057524 
-2.35235235235 1.0 -0.709818357066 -0.926810485032 
6.55655655656 1.0 0.269979026825 0.308517744962 
-0.730730730731 1.0 -0.667413978747 -0.722762206595 
-1.33133133133 1.0 -0.971465007816 -1.14705782374 
-2.41241241241 1.0 -0.666258547712 -0.865359727939 
9.2992992993 1.0 0.125149645879 0.198664531841 
6.93693693694 1.0 0.608168751487 0.647549584442 
3.47347347347 1.0 -0.325821789448 -0.327104856232 
1.57157157157 1.0 0.999999699498 0.998354825977 
5.97597597598 1.0 -0.302399804444 -0.299587944128 
6.65665665666 1.0 0.36484968073 0.406474425972 
8.03803803804 1.0 0.983109384216 0.925785400249 
8.33833833834 1.0 0.884974675839 0.826191901617 
6.75675675676 1.0 0.456067581459 0.498840310471 
-2.23223223223 1.0 -0.789111039566 -1.03403716269 
-4.23423423423 1.0 0.887845512006 0.992113264207 
-0.11011011011 1.0 -0.109887744787 -0.109735812329 
5.51551551552 1.0 -0.694460468753 -0.705740528998 
2.99299299299 1.0 0.148053371305 0.161151083579 
-3.23323323323 1.0 0.0915123672906 0.231898784891 
10.0 1.0 -0.544021110889 -0.397398554387 
-9.07907907908 1.0 -0.338854295004 -0.148291148185 
2.13213213213 1.0 0.846544793956 0.855429063461 
3.93393393393 1.0 -0.711999223182 -0.717679482783 
-3.27327327327 1.0 0.131300397197 0.283036084202 
-5.95595595596 1.0 0.32142063693 0.315706833534 
1.47147147147 1.0 0.995071340501 0.992776106106 
-7.4974974975 1.0 -0.93712958481 -0.912019732171 
-3.17317317317 1.0 0.0315752704827 0.152778486517 
-5.27527527528 1.0 0.845718424022 0.82336720562 
9.93993993994 1.0 -0.492675811867 -0.345553268187 
5.25525525526 1.0 -0.856231505045 -0.864811596362 
0.35035035035 1.0 0.343226895963 0.348514497976 
6.2962962963 1.0 0.0131106134944 0.0371072224171 
-3.95395395395 1.0 0.725913266541 0.889314712272 
-8.71871871872 1.0 -0.648840196822 -0.467895641637 
1.09109109109 1.0 0.887131000257 0.885550570118 
4.97497497497 1.0 -0.965721938658 -0.968119537438 
7.23723723724 1.0 0.81576576016 0.834520034626 
-3.63363363363 1.0 0.472425730458 0.669798652073 
-8.4984984985 1.0 -0.799390133963 -0.635279927279 
-8.41841841842 1.0 -0.844890020967 -0.688939142885 
-6.03603603604 1.0 0.244640851113 0.239347947541 
7.997997998 1.0 0.989647555109 0.934254583658 
-7.31731731732 1.0 -0.859418901282 -0.854722192814 
-2.31231231231 1.0 -0.737445499834 -0.964938171536 
3.35335335335 1.0 -0.210181594637 -0.208058085408 
-5.15515515516 1.0 0.903569980268 0.881714059457 
8.13813813814 1.0 0.959898466376 0.899444877282 
-1.53153153153 1.0 -0.999229236959 -1.217342435 
-0.990990990991 1.0 -0.836569314705 -0.93823139167 
1.05105105105 1.0 0.867945718946 0.866661614863 
-9.25925925926 1.0 -0.164763965562 0.0236269869362 
9.23923923924 1.0 0.184476035731 0.246995946174 
5.57557557558 1.0 -0.650019222236 -0.660982943352 
2.89289289289 1.0 0.246143932464 0.261428268299 
-4.43443443443 1.0 0.961618700226 1.02196743857 
-4.59459459459 1.0 0.993070259711 1.02285292231 
-9.71971971972 1.0 0.290684124469 0.465869073408 
1.39139139139 1.0 0.983950052752 0.981418358379 
0.890890890891 1.0 0.777632176518 0.777791718794 
-8.97897897898 1.0 -0.431178912314 -0.241203945995 
-6.87687687688 1.0 -0.559424700424 -0.57823034378 
-9.95995995996 1.0 0.509997599178 0.684238831337 
9.75975975976 1.0 -0.328751980598 -0.189760263816 
2.33233233233 1.0 0.723776968945 0.73737620947 
2.31231231231 1.0 0.737445499834 0.750617915803 
8.27827827828 1.0 0.911328515751 0.850891454196 
-2.73273273273 1.0 -0.397563478837 -0.467078111872 
9.5995995996 1.0 -0.173932497848 -0.0521271491876 
8.21821821822 1.0 0.934395989648 0.873301163156 
-7.83783783784 1.0 -0.999869691753 -0.925342140696 
-7.05705705706 1.0 -0.698909584547 -0.712811056633 
2.95295295295 1.0 0.187522900919 0.20157327569 
-5.85585585586 1.0 0.41444188151 0.407253732949 
-3.55355355355 1.0 0.400406942668 0.596383498052 
5.2952952953 1.0 -0.834866389361 -0.844189093845 
-3.29329329329 1.0 0.151119458915 0.30807746288 
-4.45445445445 1.0 0.966918909573 1.0231531966 
-0.530530530531 1.0 -0.505991015532 -0.535067300188 
-7.95795795796 1.0 -0.994599330244 -0.90139867982 
4.31431431431 1.0 -0.921809046742 -0.922443456176 
0.850850850851 1.0 0.75184168035 0.752410204427 
4.77477477477 1.0 -0.998054637396 -0.997161181291 
-8.33833833834 1.0 -0.884974675839 -0.738176656127 
3.91391391391 1.0 -0.69779981921 -0.703604567235 
-2.11211211211 1.0 -0.857031446499 -1.11903648994 
3.55355355355 1.0 -0.400406942668 -0.403548587996 
-3.09309309309 1.0 -0.0484805492288 0.0434850622682 
3.75375375375 1.0 -0.574637462441 -0.580460573235 
9.67967967968 1.0 -0.252150304413 -0.120750760073 
1.63163163163 1.0 0.998150103477 0.997094945741 
1.61161161161 1.0 0.999167171889 0.997898537912 
1.93193193193 1.0 0.935496175869 0.939562731989 
-5.37537537538 1.0 0.788157702332 0.767234466397 
8.77877877878 1.0 0.601996584369 0.58451138308 
8.45845845846 1.0 0.822799547447 0.770323762961 
-4.17417417417 1.0 0.858625146533 0.976408829037 
9.6996996997 1.0 -0.271471615699 -0.137973831834 
7.47747747748 1.0 0.929955638285 0.923235763289 
8.37837837838 1.0 0.865626143701 0.808502938583 
4.09409409409 1.0 -0.81486800406 -0.818821091944 
8.67867867868 1.0 0.678779469621 0.647774814548 
-9.23923923924 1.0 -0.184476035731 0.0043269032737 
5.13513513514 1.0 -0.911965725448 -0.917957031119 
7.95795795796 1.0 0.994599330244 0.941498846197 
-0.650650650651 1.0 -0.605704250039 -0.64951710339 
-1.99199199199 1.0 -0.912600742763 -1.18111256027 
4.61461461461 1.0 -0.995223893414 -0.993424022137 
2.23223223223 1.0 0.789111039566 0.800452171011 
5.21521521522 1.0 -0.87622408965 -0.883988543025 
-1.61161161161 1.0 -0.999167171889 -1.23220724527 
6.17617617618 1.0 -0.106805021793 -0.0910434036706 
-7.6976976977 1.0 -0.987812502254 -0.934728503827 
6.4964964965 1.0 0.211697196671 0.247583525946 
-6.57657657658 1.0 -0.289200237681 -0.305043539709 
-7.73773773774 1.0 -0.993251282848 -0.934135483737 
-6.47647647648 1.0 -0.19208980849 -0.205280973584 
-3.79379379379 1.0 0.606937230307 0.794132329962 
3.41341341341 1.0 -0.268485788917 -0.268141992907 
0.15015015015 1.0 0.149586594914 0.154775020187 
2.91291291291 1.0 0.226691833081 0.241592467456 
3.39339339339 1.0 -0.249148316352 -0.248225962117 
-6.65665665666 1.0 -0.36484968073 -0.382440887338 
-1.45145145145 1.0 -0.992886849216 -1.19464520603 
3.71371371371 1.0 -0.541416556108 -0.546946826319 
6.5965965966 1.0 0.308305540605 0.348293010846 
-4.11411411411 1.0 0.826308470068 0.957373288078 
-8.51851851852 1.0 -0.787202470352 -0.621216287915 
-6.25625625626 1.0 0.0269257963344 0.0193563659135 
2.51251251251 1.0 0.588401237484 0.604982898007 
8.25825825826 1.0 0.919387180273 0.858620748856 
-3.15315315315 1.0 0.0115602420643 0.125826200613 
2.73273273273 1.0 0.397563478837 0.414810556055 
-8.65865865866 1.0 -0.693344009372 -0.516148979998 
8.87887887888 1.0 0.519186710331 0.517133884042 
2.57257257257 1.0 0.53880679503 0.555939448512 
4.11411411411 1.0 -0.826308470068 -0.829977982801 
-7.17717717718 1.0 -0.779578080518 -0.786612460608 
-5.53553553554 1.0 0.679917243139 0.663403655298 
-1.59159159159 1.0 -0.999783786273 -1.22925358905 
-1.75175175175 1.0 -0.983672194447 -1.23784952462 
3.51351351351 1.0 -0.363405633971 -0.365666945653 
-4.13413413413 1.0 0.837417761709 0.964096662094 
8.75875875876 1.0 0.617860839267 0.597506944599 
-9.93993993994 1.0 0.492675811867 0.666593149928 
-6.97697697698 1.0 -0.639456909771 -0.656304165952 
7.65765765766 1.0 0.980790267476 0.953999839354 
-0.31031031031 1.0 -0.305354140677 -0.315146994519 
5.45545545546 1.0 -0.736397402892 -0.747586220457 
-4.97497497497 1.0 0.965721938658 0.950745164098 
-4.65465465465 1.0 0.998333836705 1.01825951169 
-5.91591591592 1.0 0.359068265792 0.352886172586 
9.15915915916 1.0 0.26250641876 0.31017590949 
-7.25725725726 1.0 -0.827180739833 -0.827990439394 
-3.91391391391 1.0 0.69779981921 0.868154364772 
-1.39139139139 1.0 -0.983950052752 -1.1727965461 
-9.81981981982 1.0 0.384846824231 0.558506619838 
-4.51451451451 1.0 0.980486642048 1.02484472107 
-3.45345345345 1.0 0.306830209454 0.494190731465 
6.7967967968 1.0 0.491325964149 0.533964805116 
0.11011011011 1.0 0.109887744787 0.114738239573 
1.87187187187 1.0 0.955018091318 0.95780021103 
9.4994994995 1.0 -0.0746520259067 0.0328367017172 
-2.07207207207 1.0 -0.876970223046 -1.14228296708 
5.7957957958 1.0 -0.468320967329 -0.474200002218 
-0.890890890891 1.0 -0.777632176518 -0.859999765555 
0.790790790791 1.0 0.710909644644 0.712113910459 
-2.17217217217 1.0 -0.824557973258 -1.07938137269 
-9.77977977978 1.0 0.347592070824 0.521705628219 
-0.550550550551 1.0 -0.523156507537 -0.554475400023 
-6.4964964965 1.0 -0.211697196671 -0.225441194651 
-0.41041041041 1.0 -0.398985690337 -0.416354194821 
-1.35135135135 1.0 -0.97601842181 -1.1560559667 
6.37637637638 1.0 0.0930562402792 0.122239531281 
4.81481481481 1.0 -0.994759058541 -0.994352540323 
8.1981981982 1.0 0.941340119153 0.880244825019 
9.1991991992 1.0 0.223670498102 0.278776660243 
-6.15615615616 1.0 0.126687794244 0.120734019392 
-2.83283283283 1.0 -0.303877337824 -0.326511464032 
0.650650650651 1.0 0.605704250039 0.608429460201 
9.3993993994 1.0 0.0253758371902 0.116557593493 
-3.61361361361 1.0 0.454687183165 0.652148716301 
-6.55655655656 1.0 -0.269979026825 -0.285321478554 
5.67567567568 1.0 -0.570824460166 -0.580264715381 
5.3953953954 1.0 -0.775678794758 -0.786414145527 
-9.0990990991 1.0 -0.319952035985 -0.129439840693 
-7.91791791792 1.0 -0.997956771974 -0.910965090346 
5.23523523524 1.0 -0.866401418913 -0.874581612452 
-8.37837837838 1.0 -0.865626143701 -0.714132730429 
4.73473473473 1.0 -0.99975034402 -0.998470909176 
-3.13313313313 1.0 -0.00845941955823 0.0986138894639 
-3.87387387387 1.0 0.668567805308 0.845259740572 
2.05205205205 1.0 0.886414355831 0.893310426418 
9.37937937938 1.0 0.0453829883483 0.133120148468 
6.3963963964 1.0 0.112969411094 0.143375513948 
9.63963963964 1.0 -0.213212289782 -0.0863796581426 
8.97897897898 1.0 0.431178912314 0.446067341712 
-4.39439439439 1.0 0.949864345085 1.01864381382 
3.01301301301 1.0 0.128225638051 0.140812022166 
3.69369369369 1.0 -0.524477262156 -0.529814625606 
2.21221221221 1.0 0.801249393857 0.812109157089 
-0.17017017017 1.0 -0.169350063744 -0.171523155055 
-3.33333333333 1.0 0.190567962875 0.357040106357 
3.65365365365 1.0 -0.489974935275 -0.494833896714 
-4.71471471471 1.0 0.999997295481 1.01106925801 
1.71171171171 1.0 0.990087845702 0.990055457427 
6.57657657658 1.0 0.289200237681 0.328497272397 
3.67367367367 1.0 -0.507327764109 -0.512441288659 
-3.41341341341 1.0 0.268485788917 0.450171258349 
-7.75775775776 1.0 -0.995374053792 -0.933207588451 
-2.59259259259 1.0 -0.521834495241 -0.653718707342 
9.61961961962 1.0 -0.193611192318 -0.069237179095 
9.07907907908 1.0 0.338854295004 0.371728420301 
-6.13613613614 1.0 0.146519791772 0.140779628057 
-1.13113113113 1.0 -0.904894218889 -1.03598379746 
2.55255255255 1.0 0.555563147622 0.572540813015 
8.81881881882 1.0 0.569550710787 0.55803008098 
-4.63463463463 1.0 0.996978653508 1.02008157725 
9.01901901902 1.0 0.39471619201 0.416701402869 
-4.57457457457 1.0 0.990518615549 1.02379814345 
-0.770770770771 1.0 -0.69668837635 -0.758309805516 
9.41941941942 1.0 0.00535851570584 0.0999305118434 
-6.45645645646 1.0 -0.172405433055 -0.185039672912 
-2.15215215215 1.0 -0.835718856574 -1.09323579266 
3.53353353353 1.0 -0.381982835353 -0.384697163917 
-3.01301301301 1.0 -0.128225638051 -0.0690195817818 
-8.23823823824 1.0 -0.927077365617 -0.792975112425 
9.77977977978 1.0 -0.347592070824 -0.207052476892 
0.990990990991 1.0 0.836569314705 0.835783289107 
3.49349349349 1.0 -0.34468278404 -0.346466574222 
-9.31931931932 1.0 -0.105263273301 0.0816920857998 
-5.75575575576 1.0 0.503313872361 0.493743108745 
-9.53953953954 1.0 0.114509838728 0.294718000315 
-4.87487487487 1.0 0.986828185163 0.979490498648 
1.81181181181 1.0 0.971096090611 0.972710244892 
1.35135135135 1.0 0.97601842181 0.973456270642 
-6.07607607608 1.0 0.205631771434 0.200287640261 
-5.13513513514 1.0 0.911965725448 0.890480194916 
-1.31131131131 1.0 -0.966522242485 -1.13765199674 
2.15215215215 1.0 0.835718856574 0.845101624674 
-7.57757757758 1.0 -0.96204298189 -0.926275523843 
1.15115115115 1.0 0.91323356617 0.911270598603 
3.09309309309 1.0 0.0484805492288 0.0588248301174 
7.4974974975 1.0 0.93712958481 0.928146866396 
6.27627627628 1.0 -0.00690897593668 0.0157367138551 
-5.8958958959 1.0 0.377679973455 0.371201809927 
-8.75875875876 1.0 -0.617860839267 -0.434770775596 
-1.79179179179 1.0 -0.975679725882 -1.23440826382 
-9.8998998999 1.0 0.45744688336 0.630974514208 
4.79479479479 1.0 -0.996606561851 -0.995944296358 
-5.6956956957 1.0 0.554273288059 0.542945638801 
2.53253253253 1.0 0.572096837274 0.588890527572 
5.37537537538 1.0 -0.788157702332 -0.798670453958 
-0.690690690691 1.0 -0.637069722791 -0.686480136288 
1.11111111111 1.0 0.89619220103 0.894475575876 
-3.47347347347 1.0 0.325821789448 0.515537783984 
4.15415415415 1.0 -0.848191426515 -0.85126792924 
-4.05405405405 1.0 0.791012020637 0.934874517253 
8.93893893894 1.0 0.466950456861 0.474909791947 
6.33633633634 1.0 0.0531260071326 0.0797672291652 
-6.27627627628 1.0 0.00690897593668 -0.00107979713532 
-1.95195195195 1.0 -0.928235370545 -1.19671930434 
7.77777777778 1.0 0.997097890944 0.958184490415 
-5.77577577578 1.0 0.485914794209 0.476881795114 
8.05805805806 1.0 0.979248576653 0.921100532729 
1.21121121121 1.0 0.936042896216 0.933781949067 
2.67267267267 1.0 0.451923110669 0.469369428607 
-3.71371371371 1.0 0.541416556108 0.735697843306 
-1.81181181181 1.0 -0.971096090611 -1.23181093735 
0.39039039039 1.0 0.380549461752 0.385622187202 
5.55555555556 1.0 -0.665101514979 -0.676218374249 
-2.09209209209 1.0 -0.867174611281 -1.13097941559 
9.27927927928 1.0 0.144985860003 0.214858893722 
1.49149149149 1.0 0.996857019318 0.994659424585 
5.15515515516 1.0 -0.903569980268 -0.910016309954 
-3.51351351351 1.0 0.363405633971 0.556877971598 
7.83783783784 1.0 0.999869691753 0.95559814956 
3.25325325325 1.0 -0.111428711879 -0.106133980699 
-2.63263263263 1.0 -0.487269347053 -0.601988320266 
-4.55455455455 1.0 0.987569983594 1.02444679341 
3.07307307307 1.0 0.0684659772958 0.0793969282695 
7.6976976977 1.0 0.987812502254 0.956808670037 
4.59459459459 1.0 -0.993070259711 -0.991277105322 
-10.0 1.0 0.544021110889 0.719189980169 
-9.87987987988 1.0 0.439553861488 0.613007021855 
-3.65365365365 1.0 0.489974935275 0.686978172116 
-1.73173173173 1.0 -0.987077824457 -1.23870664705 
-0.0700700700701 1.0 -0.0700127456343 -0.0685876707233 
-5.97597597598 1.0 0.302399804444 0.296856450533 
3.87387387387 1.0 -0.668567805308 -0.674545697511 
0.670670670671 1.0 0.62151153354 0.624020942886 
7.1971971972 1.0 0.791959659904 0.814379482827 
-8.2982982983 1.0 -0.902904601864 -0.761027676106 
7.87787787788 1.0 0.99971449835 0.952198468786 
0.930930930931 1.0 0.802176135594 0.801942602776 
-5.0950950951 1.0 0.927657483133 0.907190624372 
-6.83683683684 1.0 -0.525796755923 -0.544894008341 
2.47247247247 1.0 0.620296125676 0.636373680447 
-1.93193193193 1.0 -0.935496175869 -1.20358007307 
-7.0970970971 1.0 -0.726978798959 -0.738921772278 
7.31731731732 1.0 0.859418901282 0.870222947248 
-5.43543543544 1.0 0.749793457774 0.730301537468 
-0.830830830831 1.0 -0.738491823944 -0.810135248901 
-2.97297297297 1.0 -0.167821766571 -0.12604760041 
0.29029029029 1.0 0.286230381945 0.291717898041 
-6.1961961962 1.0 0.0868794431893 0.0803837644836 
3.85385385385 1.0 -0.653546911213 -0.659571306335 
7.55755755756 1.0 0.956387136503 0.940621969654 
7.43743743744 1.0 0.914492625181 0.912275596297 
7.3973973974 1.0 0.897563688968 0.899790562449 
-6.77677677678 1.0 -0.473791717778 -0.492856855413 
-3.49349349349 1.0 0.34468278404 0.536435182937 
-9.05905905906 1.0 -0.357620745349 -0.167060674302 
0.23023023023 1.0 0.228201684929 0.233710025108 
8.3983983984 1.0 0.855429505195 0.799302780006 
2.81281281281 1.0 0.322888465175 0.339408839875 
6.47647647648 1.0 0.19208980849 0.226976834887 
