-9.85985985986 1.0 0.421484671785 0.44259725538 
6.35635635636 1.0 0.0731057736575 0.0470441416739 
-2.81281281281 1.0 -0.322888465175 -0.343667546108 
-2.95295295295 1.0 -0.187522900919 -0.164664875891 
1.89189189189 1.0 0.948890220341 0.94751347497 
4.67467467467 1.0 -0.999288899866 -1.00888666488 
-6.3963963964 1.0 -0.112969411094 -0.0960331660119 
-5.4954954955 1.0 0.708725363073 0.713586870263 
-8.7987987988 1.0 -0.585891056576 -0.561078194466 
-9.55955955956 1.0 0.13437389375 0.141739648319 
-8.53853853854 1.0 -0.774699305584 -0.744874897543 
-6.53653653654 1.0 -0.250649611665 -0.239327780129 
7.33733733734 1.0 0.869481672757 0.815218302678 
6.83683683684 1.0 0.525796755923 0.510578876708 
1.45145145145 1.0 0.992886849216 0.992320994454 
-7.71771771772 1.0 -0.990730428893 -0.981918613028 
1.65165165165 1.0 0.996732988666 0.995412558135 
-0.0900900900901 1.0 -0.0899682743046 -0.086168012128 
1.23123123123 1.0 0.942899611382 0.942930062221 
3.59359359359 1.0 -0.436766402789 -0.442834552407 
0.870870870871 1.0 0.764890207772 0.763833518437 
-7.63763763764 1.0 -0.976688773762 -0.97141428883 
0.37037037037 1.0 0.361960713579 0.359308498652 
9.35935935936 1.0 0.0653719505576 -0.0118857661246 
3.13313313313 1.0 0.00845941955822 0.00974321170466 
7.81781781782 1.0 0.999346160464 0.880557672383 
-1.17117117117 1.0 -0.921206900567 -0.953806811843 
-2.37237237237 1.0 -0.695575258639 -0.820855875329 
-6.33633633634 1.0 -0.0531260071326 -0.0341773753086 
8.07807807808 1.0 0.974995298193 0.82892866256 
-7.81781781782 1.0 -0.999346160464 -0.986010023741 
-4.29429429429 1.0 0.913864194148 0.989631320931 
-4.77477477477 1.0 0.998054637396 1.00725600273 
-5.7957957958 1.0 0.468320967329 0.486233978714 
-8.6986986987 1.0 -0.66394288333 -0.636610593977 
8.23823823824 1.0 0.927077365617 0.770994585046 
-0.13013013013 1.0 -0.1297631736 -0.125168126609 
0.13013013013 1.0 0.1297631736 0.129525260895 
-8.61861861862 1.0 -0.721633711464 -0.692790860132 
-7.07707707708 1.0 -0.713087090062 -0.719570452084 
8.91891891892 1.0 0.484559073218 0.354121866608 
2.29229229229 1.0 0.750818471552 0.752737721916 
-8.87887887888 1.0 -0.519186710331 -0.496780829519 
8.95895895896 1.0 0.449154692451 0.323070077121 
-0.19019019019 1.0 -0.189045659132 -0.183297198265 
-4.33433433433 1.0 0.929384449502 0.998308204597 
-0.39039039039 1.0 -0.380549461752 -0.372037947731 
-4.53453453453 1.0 0.984225545624 1.02138877023 
4.47447447447 1.0 -0.971831589603 -0.977514349594 
-8.15815815816 1.0 -0.9540939133 -0.92783968548 
4.19419419419 1.0 -0.868714740054 -0.873848451618 
4.91491491491 1.0 -0.979561626072 -0.998377123315 
-5.5955955956 1.0 0.634676409709 0.644181803768 
-9.03903903904 1.0 -0.376243865658 -0.35921029238 
-1.05105105105 1.0 -0.867945718946 -0.886938770425 
-0.870870870871 1.0 -0.764890207772 -0.768617778426 
5.11511511512 1.0 -0.919995965877 -0.94909902789 
-8.55855855856 1.0 -0.761885650774 -0.73225378425 
2.27227227227 1.0 0.763890524376 0.765579372663 
3.15315315315 1.0 -0.0115602420643 -0.0106247526437 
3.99399399399 1.0 -0.752863081707 -0.759202273116 
-8.3983983984 1.0 -0.855429505195 -0.825308078507 
-4.89489489489 1.0 0.983391971377 0.984053283749 
7.11711711712 1.0 0.740579143612 0.709842304842 
0.830830830831 1.0 0.738491823944 0.737185737702 
-1.55155155155 1.0 -0.999814825028 -1.08743952539 
0.03003003003 1.0 0.0300255167065 0.0314892011491 
8.73873873874 1.0 0.633477463068 0.486467932047 
-8.8988988989 1.0 -0.501973484202 -0.48020969145 
-9.51951951952 1.0 0.094599889559 0.101606762713 
-9.41941941942 1.0 -0.00535851570584 0.00187258183941 
-6.23623623624 1.0 0.046931825201 0.0684596028944 
3.77377377377 1.0 -0.590905760288 -0.597907868281 
-6.8968968969 1.0 -0.575905704393 -0.578860744604 
-4.83483483483 1.0 0.99251286792 0.996969918462 
0.21021021021 1.0 0.208665487323 0.207333219123 
-1.77177177177 1.0 -0.979872320608 -1.0987223812 
-8.67867867868 1.0 -0.678779469621 -0.651023604161 
0.970970970971 1.0 0.825434213842 0.824928918831 
-1.71171171171 1.0 -0.990087845702 -1.10110710187 
-0.49049049049 1.0 -0.471058607419 -0.462346323646 
6.01601601602 1.0 -0.264002216892 -0.307753356793 
-8.77877877878 1.0 -0.601996584369 -0.576631045909 
7.7977977978 1.0 0.998422103411 0.88215690665 
-0.670670670671 1.0 -0.62151153354 -0.61566260749 
0.950950950951 1.0 0.813968289004 0.813363929347 
-8.11811811812 1.0 -0.965318303844 -0.940210691989 
-9.57957957958 1.0 0.154184093352 0.161837521507 
7.25725725726 1.0 0.827180739833 0.78240414916 
-4.75475475475 1.0 0.999102704803 1.01009523873 
-2.77277277277 1.0 -0.360514923027 -0.393467163361 
3.17317317317 1.0 -0.0315752704827 -0.0309949538261 
-2.49249249249 1.0 -0.604469813648 -0.709481452655 
-3.31331331331 1.0 0.170877953796 0.289120446771 
-3.77377377377 1.0 0.590905760288 0.738374315025 
-5.73573573574 1.0 0.520511228445 0.53616827689 
-3.89389389389 1.0 0.683320745574 0.820520199307 
-5.33533533534 1.0 0.812162990678 0.810501139115 
-9.45945945946 1.0 0.034674546587 0.0416386957154 
-5.41541541542 1.0 0.762889004574 0.764252419199 
-7.67767767768 1.0 -0.984498672401 -0.977475023837 
-3.93393393393 1.0 0.711999223182 0.844562468513 
-9.17917917918 1.0 -0.243137181641 -0.230713705184 
9.71971971972 1.0 -0.290684124469 -0.335362090229 
-7.8978978979 1.0 -0.999035835857 -0.982167909131 
1.51151151151 1.0 0.998243169988 0.997433828465 
-8.27827827828 1.0 -0.911328515751 -0.882463840736 
6.87687687688 1.0 0.559424700424 0.543103757718 
4.45445445445 1.0 -0.966918909573 -0.972396435389 
-0.01001001001 1.0 -0.0100098428432 -0.0077893877014 
-1.11111111111 1.0 -0.89619220103 -0.921666907871 
-3.99399399399 1.0 0.752863081707 0.877544237887 
-4.09409409409 1.0 0.81486800406 0.924472686335 
0.0500500500501 1.0 0.0500291567086 0.0511281961119 
7.15715715716 1.0 0.766884055736 0.732513125067 
-2.93293293293 1.0 -0.207148878373 -0.190524141877 
-6.93693693694 1.0 -0.608168751487 -0.612207599048 
7.57757757758 1.0 0.96204298189 0.875569554549 
4.33433433433 1.0 -0.929384449502 -0.934235907257 
-6.21621621622 1.0 0.066919044364 0.0888280931702 
8.57857857858 1.0 0.748766641479 0.592318561093 
8.0980980981 1.0 0.970351253498 0.822713862402 
1.53153153153 1.0 0.999229236959 0.998338637291 
8.998998999 1.0 0.413030320922 0.291486387916 
6.41641641642 1.0 0.132837305145 0.109860008559 
-6.61661661662 1.0 -0.327287278425 -0.319457513679 
7.67767767768 1.0 0.984498672401 0.884160314825 
6.996996997 1.0 0.654719669029 0.632838447583 
5.05505505506 1.0 -0.941862214566 -0.967753161232 
-3.03303303303 1.0 -0.108346513523 -0.0610133435666 
-5.63563563564 1.0 0.603233924101 0.614580835816 
-6.6966966967 1.0 -0.401827232414 -0.397456777969 
-8.43843843844 1.0 -0.834011915114 -0.803783343284 
-0.33033033033 1.0 -0.32435551719 -0.31641306644 
-7.01701701702 1.0 -0.669720024621 -0.675427013759 
5.87587587588 1.0 -0.396140311588 -0.444539603392 
-5.57557557558 1.0 0.650019222236 0.658592824207 
-4.49449449449 1.0 0.976354771373 1.01939924439 
0.570570570571 1.0 0.540112324789 0.537382341022 
8.11811811812 1.0 0.965318303844 0.816197740129 
9.25925925926 1.0 0.164763965562 0.0752533891322 
-5.01501501502 1.0 0.954557149695 0.950414212465 
-4.01401401401 1.0 0.765888052358 0.887726319481 
-4.31431431431 1.0 0.921809046742 0.994144827861 
9.83983983984 1.0 -0.403246556161 -0.444364591897 
1.77177177177 1.0 0.979872320608 0.978344304929 
-3.83383383383 1.0 0.63826408348 0.781335283304 
4.41441441441 1.0 -0.955933085822 -0.96109145722 
-6.63663663664 1.0 -0.346137843492 -0.339183427812 
-8.5985985986 1.0 -0.735347535638 -0.706207279117 
-0.810810810811 1.0 -0.724845989014 -0.724908647263 
-2.33233233233 1.0 -0.723776968945 -0.854108721976 
3.37337337337 1.0 -0.229710988177 -0.232754372827 
4.69469469469 1.0 -0.999843460211 -1.01002766122 
5.01501501502 1.0 -0.954557149695 -0.978347612153 
-6.996996997 1.0 -0.654719669029 -0.660075415775 
2.39239239239 1.0 0.681053382124 0.684113792013 
-3.53353353353 1.0 0.381982835353 0.529079177567 
-4.73473473473 1.0 0.99975034402 1.01263770188 
-6.81681681682 1.0 -0.508663293061 -0.509017551233 
-1.69169169169 1.0 -0.992701051804 -1.10096431393 
5.03503503504 1.0 -0.948399735659 -0.973234744132 
3.03303303303 1.0 0.108346513523 0.111224149051 
-4.61461461461 1.0 0.995223893414 1.02157664635 
5.75575575576 1.0 -0.503313872361 -0.553515476278 
-3.97397397397 1.0 0.739536372707 0.86695801595 
1.67167167167 1.0 0.994916395419 0.993541593371 
-7.45745745746 1.0 -0.922408976872 -0.924054145337 
5.07507507508 1.0 -0.934947206573 -0.961903115067 
6.13613613614 1.0 -0.146519791772 -0.184599137834 
-7.15715715716 1.0 -0.766884055736 -0.773733016723 
6.97697697698 1.0 0.639456909771 0.618736318202 
3.89389389389 1.0 -0.683320745574 -0.690151167902 
-4.25425425425 1.0 0.896879023055 0.979540213387 
7.27727727728 1.0 0.838264195546 0.791202998733 
1.69169169169 1.0 0.992701051804 0.991278880846 
9.0990990991 1.0 0.319952035985 0.210394069145 
-4.91491491491 1.0 0.979561626072 0.979167296079 
-3.69369369369 1.0 0.524477262156 0.675206819597 
-1.57157157157 1.0 -0.999999699498 -1.09067135672 
3.11311311311 1.0 0.0284756907485 0.0300995956471 
9.51951951952 1.0 -0.094599889559 -0.154334628409 
-3.57357357357 1.0 0.41867057176 0.568021226899 
-1.15115115115 1.0 -0.91323356617 -0.943390018728 
-4.15415415415 1.0 0.848191426515 0.947941679978 
-7.1971971972 1.0 -0.791959659904 -0.798700408328 
5.995995996 1.0 -0.2832577738 -0.327820736678 
8.35835835836 1.0 0.875475849797 0.715945423462 
0.01001001001 1.0 0.0100098428432 0.0118478121825 
8.85885885886 1.0 0.536191852752 0.399636907219 
-5.61561561562 1.0 0.61907922661 0.629510284943 
1.07107107107 1.0 0.877714248189 0.877591496495 
-1.47147147147 1.0 -0.995071340501 -1.07040522982 
1.99199199199 1.0 0.912600742763 0.911675644941 
9.43943943944 1.0 -0.0146609534063 -0.0827254875572 
-6.5965965966 1.0 -0.308305540605 -0.299598349353 
-7.7977977978 1.0 -0.998422103411 -0.985988190114 
3.33333333333 1.0 -0.190567962875 -0.192909843815 
-0.850850850851 1.0 -0.75184168035 -0.754269293988 
6.73673673674 1.0 0.438160658811 0.42410284491 
-1.23123123123 1.0 -0.942899611382 -0.98321228185 
2.61261261261 1.0 0.504653050544 0.509591882537 
-7.3973973974 1.0 -0.897563688968 -0.900997321852 
-0.510510510511 1.0 -0.488622728493 -0.480005036805 
1.55155155155 1.0 0.999814825028 0.998844319501 
-9.5995995996 1.0 0.173932497848 0.181949848611 
-9.35935935936 1.0 -0.0653719505576 -0.0573561148049 
8.51851851852 1.0 0.787202470352 0.628725390662 
2.59259259259 1.0 0.521834495241 0.526665560222 
6.67667667668 1.0 0.38341529066 0.369016603668 
2.03203203203 1.0 0.895503224543 0.894842025897 
7.01701701702 1.0 0.669720024621 0.646586007371 
1.59159159159 1.0 0.999783786273 0.998660901241 
-8.81881881882 1.0 -0.569550710787 -0.545311837384 
7.75775775776 1.0 0.995374053792 0.884283258691 
6.63663663664 1.0 0.346137843492 0.331114772171 
-4.07407407407 1.0 0.803100948886 0.915877130458 
-2.79279279279 1.0 -0.341770182763 -0.368668376907 
-7.55755755756 1.0 -0.956387136503 -0.954423043695 
-7.35735735736 1.0 -0.879195966573 -0.883635566648 
-5.21521521522 1.0 0.87622408965 0.871469685996 
5.83583583584 1.0 -0.432577348176 -0.481816418338 
-9.13913913914 1.0 -0.281770446506 -0.268088522927 
4.85485485485 1.0 -0.989868890237 -1.00596787429 
-2.61261261261 1.0 -0.504653050544 -0.582366917315 
0.810810810811 1.0 0.724845989014 0.723412335594 
-1.49149149149 1.0 -0.996857019318 -1.07526747441 
-3.25325325325 1.0 0.111428711879 0.217221640931 
-3.59359359359 1.0 0.436766402789 0.586900704591 
8.47847847848 1.0 0.811257411747 0.651915322799 
-1.91191191191 1.0 -0.942382045726 -1.07606059861 
9.53953953954 1.0 -0.114509838728 -0.172332421355 
-0.45045045045 1.0 -0.435371096772 -0.426611807729 
-2.29229229229 1.0 -0.750818471552 -0.885327866229 
-3.19319319319 1.0 0.0515776439174 0.143218122909 
-7.37737737738 1.0 -0.888557889358 -0.892514186508 
6.15615615616 1.0 -0.126687794244 -0.16371781334 
-8.0980980981 1.0 -0.970351253498 -0.945864364318 
1.43143143143 1.0 0.99030442098 0.989816883505 
-8.93893893894 1.0 -0.466950456861 -0.446506214416 
-2.87287287287 1.0 -0.265497380359 -0.267648467806 
-0.47047047047 1.0 -0.453305691794 -0.444547024176 
-5.3953953954 1.0 0.775678794758 0.776231417215 
1.01101101101 1.0 0.84736912878 0.847040803438 
0.630630630631 1.0 0.589654207656 0.587161547853 
8.55855855856 1.0 0.761885650774 0.604665158713 
-5.03503503504 1.0 0.948399735659 0.943802641546 
0.41041041041 1.0 0.398985690337 0.396188755196 
4.29429429429 1.0 -0.913864194148 -0.918705720591 
8.63863863864 1.0 0.707630665292 0.55406005341 
8.71871871872 1.0 0.648840196822 0.500351012405 
-3.07307307307 1.0 -0.0684659772958 -0.00933978065355 
-5.65565565566 1.0 0.587146852786 0.599396215883 
-6.0960960961 1.0 0.185999691898 0.20913097983 
-8.25825825826 1.0 -0.919387180273 -0.890866467028 
2.87287287287 1.0 0.265497380359 0.270157381627 
-9.4994994995 1.0 0.0746520259067 0.0815815961911 
-2.51251251251 1.0 -0.588401237484 -0.689321470298 
7.03703703704 1.0 0.684451964588 0.659974023052 
-2.21221221221 1.0 -0.801249393857 -0.941503763929 
1.17117117117 1.0 0.921206900567 0.921248360317 
2.07207207207 1.0 0.876970223046 0.876617352236 
1.03103103103 1.0 0.857829327634 0.857577911146 
-8.01801801802 1.0 -0.986576173517 -0.964858968028 
-9.33933933934 1.0 -0.0853347124856 -0.0769663608383 
3.43343343343 1.0 -0.28771565565 -0.291745764583 
3.05305305305 1.0 0.0884239650333 0.0910065265594 
1.27127127127 1.0 0.955476737061 0.955456957134 
-3.05305305305 1.0 -0.0884239650333 -0.0351473759818 
-0.37037037037 1.0 -0.361960713579 -0.353606582627 
0.590590590591 1.0 0.556851671602 0.554190620796 
4.35435435435 1.0 -0.936587366299 -0.941477458905 
5.27527527528 1.0 -0.845718424022 -0.883255024495 
0.510510510511 1.0 0.488622728493 0.485758380067 
6.23623623624 1.0 -0.046931825201 -0.0795982023167 
-1.67167167167 1.0 -0.994916395419 -1.10036225796 
-6.31631631632 1.0 -0.0331249483513 -0.0135771224364 
0.33033033033 1.0 0.32435551719 0.321920926482 
-4.85485485485 1.0 0.989868890237 0.99295540033 
8.2982982983 1.0 0.902904601864 0.744646708774 
2.77277277277 1.0 0.360514923027 0.365674770775 
-1.01101101101 1.0 -0.84736912878 -0.862418833246 
-4.27427427427 1.0 0.905553075921 0.98476426955 
-0.610610610611 1.0 -0.573367839051 -0.566028528313 
-8.03803803804 1.0 -0.983109384216 -0.960659490902 
-4.99499499499 1.0 0.960331988856 0.956739415916 
-6.73673673674 1.0 -0.438160658811 -0.435448924367 
7.37737737738 1.0 0.888557889358 0.829238668383 
-1.29129129129 1.0 -0.961192106815 -1.00973237876 
-2.03203203203 1.0 -0.895503224543 -1.03663595875 
3.45345345345 1.0 -0.306830209454 -0.311166906815 
-8.05805805806 1.0 -0.979248576653 -0.956091883743 
4.87487487487 1.0 -0.986828185163 -1.00380624636 
3.63363363363 1.0 -0.472425730458 -0.478833509564 
-4.47447447447 1.0 0.971831589603 1.01792189097 
-7.93793793794 1.0 -0.996477739177 -0.977918526957 
4.93493493493 1.0 -0.975338684403 -0.995109287299 
-7.41741741742 1.0 -0.906209755988 -0.909082887788 
-5.23523523524 1.0 0.866401418913 0.862013189574 
-9.67967967968 1.0 0.252150304413 0.262447904665 
-8.45845845846 1.0 -0.822799547447 -0.792575664814 
5.41541541542 1.0 -0.762889004574 -0.806789412612 
-9.43943943944 1.0 0.0146609534063 0.0217310102441 
2.19219219219 1.0 0.813066617154 0.813862908245 
-2.55255255255 1.0 -0.555563147622 -0.647731508501 
-2.65265265265 1.0 -0.469690351946 -0.536970688961 
5.91591591592 1.0 -0.359068265792 -0.406399620847 
4.49449449449 1.0 -0.976354771373 -0.98227457643 
-9.1991991992 1.0 -0.223670498102 -0.211848706319 
8.7987987988 1.0 0.585891056576 0.443786436033 
0.25025025025 1.0 0.247646422081 0.245872102873 
-0.25025025025 1.0 -0.247646422081 -0.240844007826 
-2.89289289289 1.0 -0.246143932464 -0.24203626229 
-4.21421421421 1.0 0.878456163293 0.968007068024 
-7.11711711712 1.0 -0.740579143612 -0.747342204628 
2.11211211211 1.0 0.857031446499 0.857027640356 
6.45645645646 1.0 0.172405433055 0.151326101535 
0.690690690691 1.0 0.637069722791 0.634890834913 
-1.37137137137 1.0 -0.980180659514 -1.04033476293 
1.37137137137 1.0 0.980180659514 0.979908531348 
3.81381381381 1.0 -0.622725447279 -0.629733259951 
9.87987987988 1.0 -0.439553861488 -0.480622337902 
0.27027027027 1.0 0.266991905564 0.265024300355 
7.2972972973 1.0 0.849011685183 0.799605503072 
8.5985985986 1.0 0.735347535638 0.57976622774 
-6.75675675676 1.0 -0.456067581459 -0.454157687504 
-6.85685685686 1.0 -0.542719485852 -0.544441193244 
8.6986986987 1.0 0.66394288333 0.51405563555 
7.13713713714 1.0 0.753882673169 0.72136909655 
3.29329329329 1.0 -0.151119458915 -0.152737070581 
1.85185185185 1.0 0.960763202681 0.95929028122 
-7.21721721722 1.0 -0.804023831509 -0.810638219666 
5.71571571572 1.0 -0.537499969971 -0.587816184913 
6.71671671672 1.0 0.42007812671 0.405989312956 
-5.25525525526 1.0 0.856231505045 0.852274083521 
-7.85785785786 1.0 -0.999992487454 -0.984870896005 
4.57457457457 1.0 -0.990518615549 -0.997721228301 
2.97297297297 1.0 0.167821766571 0.171496494233 
-6.37637637638 1.0 -0.0930562402792 -0.0754158168228 
-9.3993993994 1.0 -0.0253758371902 -0.0179314963613 
-5.995995996 1.0 0.2832577738 0.305932672537 
-9.63963963964 1.0 0.213212289782 0.222198615766 
-2.69269269269 1.0 -0.433974744115 -0.490264298794 
-0.15015015015 1.0 -0.149586594914 -0.144599782065 
-2.67267267267 1.0 -0.451923110669 -0.513773041111 
4.39439439439 1.0 -0.949864345085 -0.954906504136 
6.1961961962 1.0 -0.0868794431893 -0.121753234876 
-8.35835835836 1.0 -0.875475849797 -0.845617817707 
-1.03103103103 1.0 -0.857829327634 -0.874812149762 
-2.25225225225 1.0 -0.776656419186 -0.914470470375 
0.43043043043 1.0 0.417262010319 0.414419074275 
-8.998998999 1.0 -0.413030320922 -0.394623833168 
2.17217217217 1.0 0.824557973258 0.825143356433 
-8.31831831832 1.0 -0.894118814814 -0.864680241222 
-8.95895895896 1.0 -0.449154692451 -0.429383964175 
-2.43243243243 1.0 -0.651196684992 -0.767282864762 
2.09209209209 1.0 0.867174611281 0.866991455524 
4.95495495495 1.0 -0.970724838874 -0.991472447353 
1.41141141141 1.0 0.987325090799 0.986913116816 
-3.67367367367 1.0 0.507327764109 0.658369202438 
2.41241241241 1.0 0.666258547712 0.669536983474 
2.71271271271 1.0 0.415852445773 0.421071371722 
-9.47947947948 1.0 0.054674242632 0.0615905708319 
-4.03403403403 1.0 0.778606064409 0.897507133554 
6.91691691692 1.0 0.592155892373 0.574357082139 
6.77677677678 1.0 0.473791717778 0.459537780796 
-0.21021021021 1.0 -0.208665487323 -0.202551594593 
0.49049049049 1.0 0.471058607419 0.468176555651 
7.35735735736 1.0 0.879195966573 0.822427631675 
0.45045045045 1.0 0.435371096772 0.432499052616 
4.63463463463 1.0 -0.996978653508 -1.0055108532 
-5.17517517518 1.0 0.894812095251 0.889533291849 
-4.37437437437 1.0 0.943414910292 1.00559794646 
9.85985985986 1.0 -0.421484671785 -0.462501508803 
4.53453453453 1.0 -0.984225545624 -0.990718391763 
-2.71271271271 1.0 -0.415852445773 -0.466461551323 
-2.75275275275 1.0 -0.379115173303 -0.418044761753 
-5.2952952953 1.0 0.834866389361 0.831949849333 
7.5975975976 1.0 0.967313252172 0.87805123359 
-2.57257257257 1.0 -0.53880679503 -0.626326933847 
8.15815815816 1.0 0.9540939133 0.80227728294 
7.91791791792 1.0 0.997956771974 0.867334845037 
-4.93493493493 1.0 0.975338684403 0.973992310464 
-4.19419419419 1.0 0.868714740054 0.961690909664 
4.89489489489 1.0 -0.983391971377 -1.00127605984 
1.95195195195 1.0 0.928235370545 0.927093336241 
-1.09109109109 1.0 -0.887131000257 -0.910371360663 
6.61661661662 1.0 0.327287278425 0.311840774133 
7.97797797798 1.0 0.992322298019 0.855346598692 
9.57957957958 1.0 -0.154184093352 -0.208419990633 
5.85585585586 1.0 -0.41444188151 -0.463290218276 
-5.83583583584 1.0 0.432577348176 0.451809922208 
0.17017017017 1.0 0.169350063744 0.168531392247 
0.0700700700701 1.0 0.0700127456343 0.0707581185349 
-0.970970970971 1.0 -0.825434213842 -0.8368523495 
3.61361361361 1.0 -0.454687183165 -0.460934449578 
-1.85185185185 1.0 -0.960763202681 -1.0887744158 
-9.83983983984 1.0 0.403246556161 0.422717815715 
2.35235235235 1.0 0.709818357066 0.712429027605 
2.25225225225 1.0 0.776656419186 0.778116735206 
-8.1981981982 1.0 -0.941340119153 -0.914072843719 
5.31531531532 1.0 -0.823679750423 -0.863176837544 
4.43443443443 1.0 -0.961618700226 -0.96692179687 
-7.13713713714 1.0 -0.753882673169 -0.760712983836 
-4.35435435435 1.0 0.936587366299 1.00212481127 
-4.81481481481 1.0 0.994759058541 1.00069220816 
-5.67567567568 1.0 0.570824460166 0.583959382622 
9.03903903904 1.0 0.376243865658 0.259400435072 
-6.67667667668 1.0 -0.38341529066 -0.378193453966 
5.17517517518 1.0 -0.894812095251 -0.927140427108 
-9.65965965966 1.0 0.232727934358 0.242325543445 
-1.63163163163 1.0 -0.998150103477 -1.09780396241 
-3.37337337337 1.0 0.229710988177 0.358530266572 
9.33933933934 1.0 0.0853347124856 0.00567882400094 
-7.51751751752 1.0 -0.943927941216 -0.943490432515 
4.55455455455 1.0 -0.987569983594 -0.99440031873 
-5.07507507508 1.0 0.934947206573 0.929721936138 
4.21421421421 1.0 -0.878456163293 -0.883501988472 
5.35535535536 1.0 -0.800320725902 -0.841675129846 
7.05705705706 1.0 0.698909584547 0.672997840026 
9.11911911912 1.0 0.30092154409 0.193839220108 
6.25625625626 1.0 -0.0269257963344 -0.058479209343 
-6.2962962963 1.0 -0.0131106134944 0.00699676928731 
7.21721721722 1.0 0.804023831509 0.763622135803 
-2.91291291291 1.0 -0.226691833081 -0.216321385443 
5.63563563564 1.0 -0.603233924101 -0.653049502461 
5.8958958959 1.0 -0.377679973455 -0.425573129943 
-5.55555555556 1.0 0.665101514979 0.672740962751 
-5.81581581582 1.0 0.450539443112 0.469132323817 
5.33533533534 1.0 -0.812162990678 -0.852602984354 
5.5955955956 1.0 -0.634676409709 -0.683887186428 
-5.93593593594 1.0 0.340312647942 0.362069498891 
-9.6996996997 1.0 0.271471615699 0.282561065037 
-7.61761761762 1.0 -0.972195835089 -0.967775738043 
-3.39339339339 1.0 0.249148316352 0.381054525346 
3.79379379379 1.0 -0.606937230307 -0.613950713391 
1.83183183183 1.0 0.96612325186 0.964619861769 
-3.73373373373 1.0 0.558138856901 0.707629830803 
5.1951951952 1.0 -0.885695580449 -0.919089585596 
-8.47847847848 1.0 -0.811257411747 -0.781076706407 
5.65565565566 1.0 -0.587146852786 -0.637177529234 
-7.27727727728 1.0 -0.838264195546 -0.844216430084 
-2.45245245245 1.0 -0.635873830576 -0.748472856386 
-6.91691691692 1.0 -0.592155892373 -0.595672408728 
-9.97997997998 1.0 0.527114985665 0.560721114957 
-9.7997997998 1.0 0.366292850383 0.382830441749 
8.17817817818 1.0 0.947906971008 0.794880863479 
4.05405405405 1.0 -0.791012020637 -0.796975924199 
-7.87787787788 1.0 -0.99971449835 -0.983713835631 
9.91991991992 1.0 -0.475156566095 -0.516804862388 
1.25125125125 1.0 0.949378423874 0.949387840462 
-1.87187187187 1.0 -0.955018091318 -1.08504453555 
1.73173173173 1.0 0.987077824457 0.985584726689 
-9.15915915916 1.0 -0.26250641876 -0.249462052243 
-5.47547547548 1.0 0.722706208904 0.726663085251 
-2.13213213213 1.0 -0.846544793956 -0.989158862399 
9.7997997998 1.0 -0.366292850383 -0.408053567338 
-1.89189189189 1.0 -0.948890220341 -1.08080804537 
-1.41141141141 1.0 -0.987325090799 -1.05349026652 
4.99499499499 1.0 -0.960331988856 -0.983091584818 
-1.19119119119 1.0 -0.928811026462 -0.963919818179 
-2.19219219219 1.0 -0.813066617154 -0.954221820496 
4.27427427427 1.0 -0.905553075921 -0.910420147218 
-6.51651651652 1.0 -0.231219739195 -0.219042302542 
-7.65765765766 1.0 -0.980790267476 -0.974647191708 
1.79179179179 1.0 0.975679725882 0.974149176167 
-0.790790790791 1.0 -0.710909644644 -0.709905798528 
-0.710710710711 1.0 -0.65237258226 -0.647851608828 
9.47947947948 1.0 -0.054674242632 -0.118447128361 
5.47547547548 1.0 -0.722706208904 -0.76880434902 
-7.23723723724 1.0 -0.81576576016 -0.822206188362 
-1.43143143143 1.0 -0.99030442098 -1.05951047365 
-7.43743743744 1.0 -0.914492625181 -0.916769035052 
9.21921921922 1.0 0.204114170152 0.109581873836 
1.31131131131 1.0 0.966522242485 0.966421254521 
7.61761761762 1.0 0.972195835089 0.880148820688 
0.19019019019 1.0 0.189045659132 0.187961480305 
7.41741741742 1.0 0.906209755988 0.841666504064 
9.65965965966 1.0 -0.232727934358 -0.280874453322 
3.27327327327 1.0 -0.131300397197 -0.132550772997 
-0.630630630631 1.0 -0.589654207656 -0.582747279602 
6.21621621622 1.0 -0.066919044364 -0.100693560277 
1.97197197197 1.0 0.920602539794 0.919562991036 
0.550550550551 1.0 0.523156507537 0.520369053847 
0.0900900900901 1.0 0.0899682743046 0.090372195618 
3.83383383383 1.0 -0.63826408348 -0.645249892081 
2.79279279279 1.0 0.341770182763 0.346870362456 
-1.27127127127 1.0 -0.955476737061 -1.00122245202 
4.07407407407 1.0 -0.803100948886 -0.808935549798 
0.770770770771 1.0 0.69668837635 0.694998499804 
4.75475475475 1.0 -0.999102704803 -1.01125693821 
-8.63863863864 1.0 -0.707630665292 -0.679118378471 
-5.1951951952 1.0 0.885695580449 0.880643174863 
4.71471471471 1.0 -0.999997295481 -1.0108033565 
-0.35035035035 1.0 -0.343226895963 -0.33506330234 
-9.27927927928 1.0 -0.144985860003 -0.135326732567 
-9.91991991992 1.0 0.475156566095 0.501929697974 
-1.51151151151 1.0 -0.998243169988 -1.07973139725 
-6.01601601602 1.0 0.264002216892 0.286877035044 
8.53853853854 1.0 0.774699305584 0.616802083849 
-1.21121121121 1.0 -0.936042896216 -0.97372350519 
-6.43643643644 1.0 -0.152651959622 -0.137211357747 
-6.17617617618 1.0 0.106805021793 0.129328964741 
2.63263263263 1.0 0.487269347053 0.492299622057 
-0.27027027027 1.0 -0.266991905564 -0.259871174203 
9.8998998999 1.0 -0.45744688336 -0.498724353052 
-0.930930930931 1.0 -0.802176135594 -0.810279273754 
-6.41641641642 1.0 -0.132837305145 -0.116635222478 
-3.43343343343 1.0 0.28771565565 0.425116990398 
5.73573573574 1.0 -0.520511228445 -0.570800823356 
2.37237237237 1.0 0.695575258639 0.698412691068 
8.65865865866 1.0 0.693344009372 0.540914037644 
-1.83183183183 1.0 -0.96612325186 -1.09200226093 
8.43843843844 1.0 0.834011915114 0.674203221893 
4.51451451451 1.0 -0.980486642048 -0.986676208818 
-3.35335335335 1.0 0.210181594637 0.335691899531 
-7.53753753754 1.0 -0.950347982805 -0.949159657755 
-8.85885885886 1.0 -0.536191852752 -0.513158215878 
2.69269269269 1.0 0.433974744115 0.439174279036 
9.45945945946 1.0 -0.034674546587 -0.100563933256 
0.750750750751 1.0 0.682187883844 0.68037130353 
9.17917917918 1.0 0.243137181641 0.143567105579 
-5.11511511512 1.0 0.919995965877 0.91450011079 
7.0970970971 1.0 0.726978798959 0.69793584627 
3.73373373373 1.0 -0.558138856901 -0.565064755302 
0.710710710711 1.0 0.65237258226 0.650310462433 
7.17717717718 1.0 0.779578080518 0.743271593921 
-5.51551551552 1.0 0.694460468753 0.700239940266 
9.13913913914 1.0 0.281770446506 0.177180711863 
6.31631631632 1.0 0.0331249483513 0.00489804790138 
5.81581581582 1.0 -0.450539443112 -0.500109917889 
9.95995995996 1.0 -0.509997599178 -0.552890770724 
-0.0500500500501 1.0 -0.0500291567086 -0.0470253697493 
-8.21821821822 1.0 -0.934395989648 -0.906674629937 
-6.71671671672 1.0 -0.42007812671 -0.416545301247 
-3.21321321321 1.0 0.0715593456609 0.168094136556 
5.95595595596 1.0 -0.32142063693 -0.367468091906 
6.8968968969 1.0 0.575905704393 0.558892854961 
-5.71571571572 1.0 0.537499969971 0.552341933268 
-8.17817817818 1.0 -0.947906971008 -0.921129031344 
-0.570570570571 1.0 -0.540112324789 -0.532091450329 
-6.95695695696 1.0 -0.623937863975 -0.62845830462 
2.45245245245 1.0 0.635873830576 0.639568810137 
-3.75375375375 1.0 0.574637462441 0.723212335443 
-9.11911911912 1.0 -0.30092154409 -0.286587897193 
6.95695695696 1.0 0.623937863975 0.604284915086 
7.07707707708 1.0 0.713087090062 0.685653121575 
4.37437437437 1.0 -0.943414910292 -0.948368094441 
1.91191191191 1.0 0.942382045726 0.941071391304 
3.97397397397 1.0 -0.739536372707 -0.745991137233 
7.45745745746 1.0 0.922408976872 0.852505257815 
9.97997997998 1.0 -0.527114985665 -0.570890962116 
0.530530530531 1.0 0.505991015532 0.503158479049 
2.01201201201 1.0 0.904233186475 0.903434298755 
6.85685685686 1.0 0.542719485852 0.526996692256 
-7.2972972973 1.0 -0.849011685183 -0.854651275394 
-4.95495495495 1.0 0.970724838874 0.96852896113 
-0.29029029029 1.0 -0.286230381945 -0.278811880276 
2.43243243243 1.0 0.651196684992 0.654687029741 
-1.97197197197 1.0 -0.920602539794 -1.05871286977 
4.65465465465 1.0 -0.998333836705 -1.00738088092 
6.81681681682 1.0 0.508663293061 0.493857842199 
6.0960960961 1.0 -0.185999691898 -0.226101901683 
3.21321321321 1.0 -0.0715593456609 -0.0717045390946 
5.93593593594 1.0 -0.340312647942 -0.387028161011 
8.61861861862 1.0 0.721633711464 0.567012085978 
6.11611611612 1.0 -0.166293065952 -0.20539764894 
9.55955955956 1.0 -0.13437389375 -0.190361940844 
0.910910910911 1.0 0.790062479764 0.789241785911 
-9.73973973974 1.0 0.309780130585 0.3227415104 
1.33133133133 1.0 0.971465007816 0.971312984614 
4.13413413413 1.0 -0.837417761709 -0.84287536394 
8.31831831832 1.0 0.894118814814 0.735335756824 
-6.05605605606 1.0 0.225181436261 0.24829349361 
4.25425425425 1.0 -0.896879023055 -0.901789792074 
-0.03003003003 1.0 -0.0300255167065 -0.0274159116951 
7.53753753754 1.0 0.950347982805 0.869445571331 
6.6966966967 1.0 0.401827232414 0.387624043435 
-1.65165165165 1.0 -0.996732988666 -1.09930682038 
1.13113113113 1.0 0.904894218889 0.904897614543 
8.8988988989 1.0 0.501973484202 0.369438981515 
-0.910910910911 1.0 -0.790062479764 -0.796627532397 
1.19119119119 1.0 0.928811026462 0.928857747543 
5.4954954955 1.0 -0.708725363073 -0.755467791245 
8.41841841842 1.0 0.844890020967 0.684998959987 
2.49249249249 1.0 0.604469813648 0.608547688369 
9.73973973974 1.0 -0.309780130585 -0.353536435226 
-9.75975975976 1.0 0.328751980598 0.342799797458 
-8.91891891892 1.0 -0.484559073218 -0.463449808941 
-7.997997998 1.0 -0.989647555109 -0.968687396995 
0.47047047047 1.0 0.453305691794 0.450420831602 
-0.590590590591 1.0 -0.556851671602 -0.549141742546 
-8.57857857858 1.0 -0.748766641479 -0.719363089349 
-7.77777777778 1.0 -0.997097890944 -0.985569697478 
-0.750750750751 1.0 -0.682187883844 -0.679278118003 
-1.25125125125 1.0 -0.949378423874 -0.992380499336 
-2.39239239239 1.0 -0.681053382124 -0.803483045491 
-7.03703703704 1.0 -0.684451964588 -0.690464521244 
8.83883883884 1.0 0.552982096013 0.414510183448 
9.31931931932 1.0 0.105263273301 0.023178477738 
-7.5975975976 1.0 -0.967313252172 -0.963731134452 
-9.61961961962 1.0 0.193611192318 0.202071806448 
4.01401401401 1.0 -0.765888052358 -0.772105871489 
6.03603603604 1.0 -0.244640851113 -0.287537163969 
-9.2992992993 1.0 -0.125149645879 -0.115956863222 
9.05905905906 1.0 0.357620745349 0.243178313525 
-1.07107107107 1.0 -0.877714248189 -0.898793568303 
-2.99299299299 1.0 -0.148053371305 -0.112841582002 
2.83283283283 1.0 0.303877337824 0.308797570674 
8.01801801802 1.0 0.986576173517 0.845726085202 
6.53653653654 1.0 0.250649611665 0.232839348236 
2.65265265265 1.0 0.469690351946 0.474794997798 
3.31331331331 1.0 -0.170877953796 -0.17285986505 
-9.37937937938 1.0 -0.0453829883483 -0.0376761078032 
-8.83883883884 1.0 -0.552982096013 -0.52933686962 
5.43543543544 1.0 -0.749793457774 -0.7944683434 
5.77577577578 1.0 -0.485914794209 -0.535967043758 
-5.05505505506 1.0 0.941862214566 0.936905095501 
-2.85285285285 1.0 -0.284744420138 -0.293137781986 
5.6956956957 1.0 -0.554273288059 -0.604554939567 
-5.87587587588 1.0 0.396140311588 0.416523034279 
7.93793793794 1.0 0.996477739177 0.863669407488 
2.75275275275 1.0 0.379115173303 0.384314567946 
-4.69469469469 1.0 0.999843460211 1.01682673937 
-6.7967967968 1.0 -0.491325964149 -0.490951561107 
8.4984984985 1.0 0.799390133963 0.640431124598 
6.43643643644 1.0 0.152651959622 0.130642247972 
7.73773773774 1.0 0.993251282848 0.884804017244 
-5.45545545546 1.0 0.736397402892 0.739467014308 
0.730730730731 1.0 0.667413978747 0.6654729746 
6.51651651652 1.0 0.231219739195 0.212667905702 
-4.67467467467 1.0 0.999288899866 1.01847028052 
4.23423423423 1.0 -0.887845512006 -0.892816440175 
6.07607607608 1.0 -0.205631771434 -0.246700613062 
0.610610610611 1.0 0.573367839051 0.570786225466 
5.61561561562 1.0 -0.61907922661 -0.668621140093 
-2.27227227227 1.0 -0.763890524376 -0.900161014972 
3.19319319319 1.0 -0.0515776439174 -0.0513580155747 
-7.47747747748 1.0 -0.929955638285 -0.930936826437 
-5.31531531532 1.0 0.823679750423 0.821365756084 
9.81981981982 1.0 -0.384846824231 -0.426214347058 
-2.53253253253 1.0 -0.572096837274 -0.668734030075 
-3.85385385385 1.0 0.653546911213 0.794815199164 
-4.41441441441 1.0 0.955933085822 1.01152664907 
-2.47247247247 1.0 -0.620296125676 -0.729202262781 
-8.13813813814 1.0 -0.959898466376 -0.934201363971 
-2.01201201201 1.0 -0.904233186475 -1.0445252424 
3.23323323323 1.0 -0.0915123672906 -0.0920251134235 
1.75175175175 1.0 0.983672194447 0.98215683974 
-2.05205205205 1.0 -0.886414355831 -1.02821330066 
4.17417417417 1.0 -0.858625146533 -0.863857967772 
0.31031031031 1.0 0.305354140677 0.3030563644 
1.29129129129 1.0 0.961192106815 0.961135371711 
-0.950950950951 1.0 -0.813968289004 -0.823689170006 
-5.35535535536 1.0 0.800320725902 0.799356683784 
-9.21921921922 1.0 -0.204114170152 -0.192872282799 
-8.07807807808 1.0 -0.974995298193 -0.951159147771 
-6.11611611612 1.0 0.166293065952 0.189352497347 
2.93293293293 1.0 0.207148878373 0.211272699838 
7.71771771772 1.0 0.990730428893 0.88495906743 
2.85285285285 1.0 0.284744420138 0.289544485694 
7.63763763764 1.0 0.976688773762 0.881864578889 
-0.43043043043 1.0 -0.417262010319 -0.408545381845 
3.95395395395 1.0 -0.725913266541 -0.732476321696 
7.8978978979 1.0 0.999035835857 0.870664747839 
7.85785785786 1.0 0.999992487454 0.876303570386 
4.83483483483 1.0 -0.99251286792 -1.00776117405 
5.53553553554 1.0 -0.679917243139 -0.727803147425 
-9.01901901902 1.0 -0.39471619201 -0.376996172244 
4.03403403403 1.0 -0.778606064409 -0.784698255324 
-4.79479479479 1.0 0.996606561851 1.00412126611 
-6.35635635636 1.0 -0.0731057736575 -0.054793730207 
-3.11311311311 1.0 -0.0284756907485 0.042023074312 
5.0950950951 1.0 -0.927657483133 -0.955684933811 
6.05605605606 1.0 -0.225181436261 -0.267182674544 
-3.81381381381 1.0 0.622725447279 0.767435590822 
3.57357357357 1.0 -0.41867057176 -0.424541367072 
7.51751751752 1.0 0.943927941216 0.865799465383 
-8.73873873874 1.0 -0.633477463068 -0.607076806921 
-7.97797797798 1.0 -0.992322298019 -0.972141945906 
-0.23023023023 1.0 -0.228201684929 -0.221735686509 
-7.33733733734 1.0 -0.869481672757 -0.874363787258 
-2.35235235235 1.0 -0.709818357066 -0.837733430133 
6.55655655656 1.0 0.269979026825 0.252853598602 
-0.730730730731 1.0 -0.667413978747 -0.663662440561 
-1.33133133133 1.0 -0.971465007816 -1.02573284259 
-2.41241241241 1.0 -0.666258547712 -0.785622597926 
9.2992992993 1.0 0.125149645879 0.0406097611617 
6.93693693694 1.0 0.608168751487 0.589489856269 
3.47347347347 1.0 -0.325821789448 -0.330452069562 
1.57157157157 1.0 0.999999699498 0.998951485251 
5.97597597598 1.0 -0.302399804444 -0.347729005375 
6.65665665666 1.0 0.36484968073 0.350176820858 
8.03803803804 1.0 0.983109384216 0.840438655919 
8.33833833834 1.0 0.884974675839 0.72576732517 
6.75675675676 1.0 0.456067581459 0.441955341068 
-2.23223223223 1.0 -0.789111039566 -0.928252447817 
-4.23423423423 1.0 0.887845512006 0.973955654759 
-0.11011011011 1.0 -0.109887744787 -0.105688899732 
5.51551551552 1.0 -0.694460468753 -0.741799474551 
2.99299299299 1.0 0.148053371305 0.15147803445 
-3.23323323323 1.0 0.0915123672906 0.192767300118 
10.0 1.0 -0.544021110889 -0.588859233484 
-9.07907907908 1.0 -0.338854295004 -0.323184510247 
2.13213213213 1.0 0.846544793956 0.846729337499 
3.93393393393 1.0 -0.711999223182 -0.718661869101 
-3.27327327327 1.0 0.131300397197 0.241441741298 
-5.95595595596 1.0 0.32142063693 0.343535729962 
1.47147147147 1.0 0.995071340501 0.994425203313 
-7.4974974975 1.0 -0.93712958481 -0.937415907229 
-3.17317317317 1.0 0.0315752704827 0.118155763553 
-5.27527527528 1.0 0.845718424022 0.842252807195 
9.93993993994 1.0 -0.492675811867 -0.534861208854 
5.25525525526 1.0 -0.856231505045 -0.892756008011 
0.35035035035 1.0 0.343226895963 0.34067422562 
6.2962962963 1.0 0.0131106134944 -0.0162188769498 
-3.95395395395 1.0 0.725913266541 0.855964938801 
-8.71871871872 1.0 -0.648840196822 -0.621960084409 
1.09109109109 1.0 0.887131000257 0.887059406445 
4.97497497497 1.0 -0.965721938658 -0.987466547648 
7.23723723724 1.0 0.81576576016 0.773210068508 
-3.63363363363 1.0 0.472425730458 0.623452497951 
-8.4984984985 1.0 -0.799390133963 -0.769290720511 
-8.41841841842 1.0 -0.844890020967 -0.814695534756 
-6.03603603604 1.0 0.244640851113 0.267661498491 
7.997997998 1.0 0.989647555109 0.850696670258 
-7.31731731732 1.0 -0.859418901282 -0.864701417641 
-2.31231231231 1.0 -0.737445499834 -0.869975424984 
3.35335335335 1.0 -0.210181594637 -0.212877745971 
-5.15515515516 1.0 0.903569980268 0.898139698492 
8.13813813814 1.0 0.959898466376 0.809384230075 
-1.53153153153 1.0 -0.999229236959 -1.0837908108 
-0.990990990991 1.0 -0.836569314705 -0.849763893329 
1.05105105105 1.0 0.867945718946 0.867762938091 
-9.25925925926 1.0 -0.164763965562 -0.154606071355 
9.23923923924 1.0 0.184476035731 0.0924587749437 
5.57557557558 1.0 -0.650019222236 -0.698842649332 
2.89289289289 1.0 0.246143932464 0.25064426507 
-4.43443443443 1.0 0.961618700226 1.01398844806 
-4.59459459459 1.0 0.993070259711 1.02199775407 
-9.71971971972 1.0 0.290684124469 0.302660442704 
1.39139139139 1.0 0.983950052752 0.983610125846 
0.890890890891 1.0 0.777632176518 0.776695569717 
-8.97897897898 1.0 -0.431178912314 -0.412088137078 
-6.87687687688 1.0 -0.559424700424 -0.561780849886 
-9.95995995996 1.0 0.509997599178 0.541190431906 
9.75975975976 1.0 -0.328751980598 -0.371711737974 
2.33233233233 1.0 0.723776968945 0.726158256079 
2.31231231231 1.0 0.737445499834 0.739595934723 
8.27827827828 1.0 0.911328515751 0.753696170564 
-2.73273273273 1.0 -0.397563478837 -0.442382367157 
9.5995995996 1.0 -0.173932497848 -0.226503399421 
8.21821821822 1.0 0.934395989648 0.779235524026 
-7.83783783784 1.0 -0.999869691753 -0.985636962409 
-7.05705705706 1.0 -0.698909584547 -0.705181169917 
2.95295295295 1.0 0.187522900919 0.191430929785 
-5.85585585586 1.0 0.41444188151 0.434271751907 
-3.55355355355 1.0 0.400406942668 0.548745586343 
5.2952952953 1.0 -0.834866389361 -0.873394769037 
-3.29329329329 1.0 0.151119458915 0.265412759252 
-4.45445445445 1.0 0.966918909573 1.01611922824 
-0.530530530531 1.0 -0.505991015532 -0.497518528345 
-7.95795795796 1.0 -0.994599330244 -0.975219872374 
4.31431431431 1.0 -0.921809046742 -0.926644833369 
0.850850850851 1.0 0.75184168035 0.750661546835 
4.77477477477 1.0 -0.998054637396 -1.01093394497 
-8.33833833834 1.0 -0.884974675839 -0.855306932669 
3.91391391391 1.0 -0.69779981921 -0.704552010357 
-2.11211211211 1.0 -0.857031446499 -0.999728984621 
3.55355355355 1.0 -0.400406942668 -0.406062615206 
-3.09309309309 1.0 -0.0484805492288 0.0163900612422 
3.75375375375 1.0 -0.574637462441 -0.581610542468 
9.67967967968 1.0 -0.252150304413 -0.299028104652 
1.63163163163 1.0 0.998150103477 0.996890302716 
1.61161161161 1.0 0.999167171889 0.997973485594 
1.93193193193 1.0 0.935496175869 0.934263753557 
-5.37537537538 1.0 0.788157702332 0.787933157348 
8.77877877878 1.0 0.601996584369 0.458181806243 
8.45845845846 1.0 0.822799547447 0.663174014571 
-4.17417417417 1.0 0.858625146533 0.95500362906 
9.6996996997 1.0 -0.271471615699 -0.317191653347 
7.47747747748 1.0 0.929955638285 0.857330715751 
8.37837837838 1.0 0.865626143701 0.705874059443 
4.09409409409 1.0 -0.81486800406 -0.820573971155 
8.67867867868 1.0 0.678779469621 0.527577936051 
-9.23923923924 1.0 -0.184476035731 -0.173789662371 
5.13513513514 1.0 -0.911965725448 -0.942145895945 
7.95795795796 1.0 0.994599330244 0.85967209169 
-0.650650650651 1.0 -0.605704250039 -0.59929347737 
-1.99199199199 1.0 -0.912600742763 -1.0518833557 
4.61461461461 1.0 -0.995223893414 -1.00327715714 
2.23223223223 1.0 0.789111039566 0.790345747801 
5.21521521522 1.0 -0.87622408965 -0.910674522327 
-1.61161161161 1.0 -0.999167171889 -1.09585970825 
6.17617617618 1.0 -0.106805021793 -0.142765269315 
-7.6976976977 1.0 -0.987812502254 -0.97989852917 
6.4964964965 1.0 0.211697196671 0.19235076599 
-6.57657657658 1.0 -0.289200237681 -0.279616546983 
-7.73773773774 1.0 -0.993251282848 -0.98353633674 
-6.47647647648 1.0 -0.19208980849 -0.178243064497 
-3.79379379379 1.0 0.606937230307 0.753115395261 
3.41341341341 1.0 -0.268485788917 -0.272197379052 
0.15015015015 1.0 0.149586594914 0.14905024793 
2.91291291291 1.0 0.226691833081 0.23101327928 
3.39339339339 1.0 -0.249148316352 -0.252530598287 
-6.65665665666 1.0 -0.36484968073 -0.358765556385 
-1.45145145145 1.0 -0.992886849216 -1.06515084193 
3.71371371371 1.0 -0.541416556108 -0.548276726636 
6.5965965966 1.0 0.308305540605 0.292365371365 
-4.11411411411 1.0 0.826308470068 0.932679687232 
-8.51851851852 1.0 -0.787202470352 -0.75722200405 
-6.25625625626 1.0 0.0269257963344 0.0480250602182 
2.51251251251 1.0 0.588401237484 0.592655153715 
8.25825825826 1.0 0.919387180273 0.76248013212 
-3.15315315315 1.0 0.0115602420643 0.0929240688682 
2.73273273273 1.0 0.397563478837 0.402782476828 
-8.65865865866 1.0 -0.693344009372 -0.665194418918 
8.87887887888 1.0 0.519186710331 0.384611915456 
2.57257257257 1.0 0.53880679503 0.543514582932 
4.11411411411 1.0 -0.826308470068 -0.831888189673 
-7.17717717718 1.0 -0.779578080518 -0.786397127411 
-5.53553553554 1.0 0.679917243139 0.686624013382 
-1.59159159159 1.0 -0.999783786273 -1.09348013391 
-1.75175175175 1.0 -0.983672194447 -1.09999177726 
3.51351351351 1.0 -0.363405633971 -0.368580125313 
-4.13413413413 1.0 0.837417761709 0.940501532759 
8.75875875876 1.0 0.617860839267 0.472410248902 
-9.93993993994 1.0 0.492675811867 0.521592049338 
-6.97697697698 1.0 -0.639456909771 -0.644416752983 
7.65765765766 1.0 0.980790267476 0.883200903413 
-0.31031031031 1.0 -0.305354140677 -0.297660896604 
5.45545545546 1.0 -0.736397402892 -0.78180563061 
-4.97497497497 1.0 0.965721938658 0.962777822775 
-4.65465465465 1.0 0.998333836705 1.01981097838 
-5.91591591592 1.0 0.359068265792 0.380416070539 
9.15915915916 1.0 0.26250641876 0.160422145121 
-7.25725725726 1.0 -0.827180739833 -0.833400206634 
-3.91391391391 1.0 0.69779981921 0.832748263642 
-1.39139139139 1.0 -0.983950052752 -1.04709633527 
-9.81981981982 1.0 0.384846824231 0.4027941581 
-4.51451451451 1.0 0.980486642048 1.02055400008 
-3.45345345345 1.0 0.306830209454 0.446634958439 
6.7967967968 1.0 0.491325964149 0.476841428809 
0.11011011011 1.0 0.109887744787 0.109963561844 
1.87187187187 1.0 0.955018091318 0.953587309386 
9.4994994995 1.0 -0.0746520259067 -0.136371782614 
-2.07207207207 1.0 -0.876970223046 -1.01925545202 
5.7957957958 1.0 -0.468320967329 -0.518162704967 
-0.890890890891 1.0 -0.777632176518 -0.782738772594 
0.790790790791 1.0 0.710909644644 0.709347740263 
-2.17217217217 1.0 -0.824557973258 -0.966404587332 
-9.77977977978 1.0 0.347592070824 0.362830891779 
-0.550550550551 1.0 -0.523156507537 -0.514882192798 
-6.4964964965 1.0 -0.211697196671 -0.198677133213 
-0.41041041041 1.0 -0.398985690337 -0.390352496404 
-1.35135135135 1.0 -0.97601842181 -1.03321159643 
6.37637637638 1.0 0.0930562402792 0.0680487751234 
4.81481481481 1.0 -0.994759058541 -1.00918641266 
8.1981981982 1.0 0.941340119153 0.787198948336 
9.1991991992 1.0 0.223670498102 0.126619163592 
-6.15615615616 1.0 0.126687794244 0.14944282018 
-2.83283283283 1.0 -0.303877337824 -0.31848411399 
0.650650650651 1.0 0.605704250039 0.603309049763 
9.3993993994 1.0 0.0253758371902 -0.0471961153662 
-3.61361361361 1.0 0.454687183165 0.605379208934 
-6.55655655656 1.0 -0.269979026825 -0.259522782115 
5.67567567568 1.0 -0.570824460166 -0.621010743589 
5.3953953954 1.0 -0.775678794758 -0.818765974283 
-9.0990990991 1.0 -0.319952035985 -0.304954961418 
-7.91791791792 1.0 -0.997956771974 -0.980235356753 
5.23523523524 1.0 -0.866401418913 -0.901896274528 
-8.37837837838 1.0 -0.865626143701 -0.835616861155 
4.73473473473 1.0 -0.99975034402 -1.01121326699 
-3.13313313313 1.0 -0.00845941955823 0.0675405271615 
-3.87387387387 1.0 0.668567805308 0.807876387721 
2.05205205205 1.0 0.886414355831 0.885901971564 
9.37937937938 1.0 0.0453829883483 -0.0295118777218 
6.3963963964 1.0 0.112969411094 0.0889914664886 
9.63963963964 1.0 -0.213212289782 -0.262733737049 
8.97897897898 1.0 0.431178912314 0.307342862858 
-4.39439439439 1.0 0.949864345085 1.00873084046 
3.01301301301 1.0 0.128225638051 0.131384301444 
3.69369369369 1.0 -0.524477262156 -0.531252875279 
2.21221221221 1.0 0.801249393857 0.802262435684 
-0.17017017017 1.0 -0.169350063744 -0.163978048211 
-3.33333333333 1.0 0.190567962875 0.312551165438 
3.65365365365 1.0 -0.489974935275 -0.496524361369 
-4.71471471471 1.0 0.999997295481 1.0148820242 
1.71171171171 1.0 0.990087845702 0.988626018864 
6.57657657658 1.0 0.289200237681 0.272699324685 
3.67367367367 1.0 -0.507327764109 -0.513999816898 
-3.41341341341 1.0 0.268485788917 0.403253581446 
-7.75775775776 1.0 -0.995374053792 -0.984752912361 
-2.59259259259 1.0 -0.521834495241 -0.604533973253 
9.61961961962 1.0 -0.193611192318 -0.244609021441 
9.07907907908 1.0 0.338854295004 0.22684164356 
-6.13613613614 1.0 0.146519791772 0.169453589134 
-1.13113113113 1.0 -0.904894218889 -0.932674912509 
2.55255255255 1.0 0.555563147622 0.560133023127 
8.81881881882 1.0 0.569550710787 0.42922795879 
-4.63463463463 1.0 0.996978653508 1.02084705975 
9.01901901902 1.0 0.39471619201 0.275504350361 
-4.57457457457 1.0 0.990518615549 1.02210829259 
-0.770770770771 1.0 -0.69668837635 -0.694694092792 
9.41941941942 1.0 0.00535851570584 -0.064935103623 
-6.45645645646 1.0 -0.172405433055 -0.157750883397 
-2.15215215215 1.0 -0.835718856574 -0.978050584272 
3.53353353353 1.0 -0.381982835353 -0.387406185113 
-3.01301301301 1.0 -0.128225638051 -0.0869180362374 
-8.23823823824 1.0 -0.927077365617 -0.898937960473 
9.77977977978 1.0 -0.347592070824 -0.389885078406 
0.990990990991 1.0 0.836569314705 0.836156207789 
3.49349349349 1.0 -0.34468278404 -0.349592637589 
-9.31931931932 1.0 -0.105263273301 -0.0965016727929 
-5.75575575576 1.0 0.503313872361 0.519756337463 
-9.53953953954 1.0 0.114509838728 0.121661093937 
-4.87487487487 1.0 0.986828185163 0.988649574615 
1.81181181181 1.0 0.971096090611 0.969573610051 
1.35135135135 1.0 0.97601842181 0.975809147303 
-6.07607607608 1.0 0.205631771434 0.228780687569 
-5.13513513514 1.0 0.911965725448 0.906462074602 
-1.31131131131 1.0 -0.966522242485 -1.01790446457 
2.15215215215 1.0 0.835718856574 0.836100050414 
-7.57757757758 1.0 -0.96204298189 -0.959280250939 
1.15115115115 1.0 0.91323356617 0.913260611519 
3.09309309309 1.0 0.0484805492288 0.0504350982465 
7.4974974975 1.0 0.93712958481 0.861761678531 
6.27627627628 1.0 -0.00690897593668 -0.0373487058819 
-5.8958958959 1.0 0.377679973455 0.398569236012 
-8.75875875876 1.0 -0.617860839267 -0.591965527529 
-1.79179179179 1.0 -0.975679725882 -1.09697117825 
-9.8998998999 1.0 0.45744688336 0.482207183548 
4.79479479479 1.0 -0.996606561851 -1.01024389159 
-5.6956956957 1.0 0.554273288059 0.568273497768 
2.53253253253 1.0 0.572096837274 0.576515095402 
5.37537537538 1.0 -0.788157702332 -0.830395368058 
-0.690690690691 1.0 -0.637069722791 -0.631850156736 
1.11111111111 1.0 0.89619220103 0.896162698279 
-3.47347347347 1.0 0.325821789448 0.467798341024 
4.15415415415 1.0 -0.848191426515 -0.853532804382 
-4.05405405405 1.0 0.791012020637 0.906889692486 
8.93893893894 1.0 0.466950456861 0.338664319654 
6.33633633634 1.0 0.0531260071326 0.025989810757 
-6.27627627628 1.0 0.00690897593668 0.0275341639082 
-1.95195195195 1.0 -0.928235370545 -1.065016702 
7.77777777778 1.0 0.997097890944 0.883399842339 
-5.77577577578 1.0 0.485914794209 0.503110149718 
8.05805805806 1.0 0.979248576653 0.834838225088 
1.21121121121 1.0 0.936042896216 0.936085875542 
2.67267267267 1.0 0.451923110669 0.457084377481 
-3.71371371371 1.0 0.541416556108 0.691627586275 
-1.81181181181 1.0 -0.971096090611 -1.0947328559 
0.39039039039 1.0 0.380549461752 0.37781594936 
5.55555555556 1.0 -0.665101514979 -0.71348279586 
-2.09209209209 1.0 -0.867174611281 -1.00976100573 
9.27927927928 1.0 0.144985860003 0.0579692218085 
1.49149149149 1.0 0.996857019318 0.996129444467 
5.15515515516 1.0 -0.903569980268 -0.934826131041 
-3.51351351351 1.0 0.363405633971 0.509027993691 
7.83783783784 1.0 0.999869691753 0.878605437185 
3.25325325325 1.0 -0.111428711879 -0.112310325943 
-2.63263263263 1.0 -0.487269347053 -0.559840662151 
-4.55455455455 1.0 0.987569983594 1.02190606538 
3.07307307307 1.0 0.0684659772958 0.0707404708708 
7.6976976977 1.0 0.987812502254 0.884745452364 
4.59459459459 1.0 -0.993070259711 -1.00068040112 
-10.0 1.0 0.544021110889 0.580180444057 
-9.87987987988 1.0 0.439553861488 0.462428385464 
-3.65365365365 1.0 0.489974935275 0.641116881316 
-1.73173173173 1.0 -0.987077824457 -1.10078482258 
-0.0700700700701 1.0 -0.0700127456343 -0.0666114687108 
-5.97597597598 1.0 0.302399804444 0.324821220177 
3.87387387387 1.0 -0.668567805308 -0.675463958532 
0.670670670671 1.0 0.62151153354 0.61922127043 
7.1971971972 1.0 0.791959659904 0.753642001522 
-8.2982982983 1.0 -0.902904601864 -0.873733830464 
7.87787787788 1.0 0.99971449835 0.873655507986 
0.930930930931 1.0 0.802176135594 0.801466426209 
-5.0950950951 1.0 0.927657483133 0.922253501158 
-6.83683683684 1.0 -0.525796755923 -0.526850461414 
2.47247247247 1.0 0.620296125676 0.624187322792 
-1.93193193193 1.0 -0.935496175869 -1.07079809546 
-7.0970970971 1.0 -0.726978798959 -0.733626123333 
7.31731731732 1.0 0.859418901282 0.807610806074 
-5.43543543544 1.0 0.749793457774 0.751997225775 
-0.830830830831 1.0 -0.738491823944 -0.739698026115 
-2.97297297297 1.0 -0.167821766571 -0.138763926409 
0.29029029029 1.0 0.286230381945 0.284088263026 
-6.1961961962 1.0 0.0868794431893 0.109120999007 
3.85385385385 1.0 -0.653546911213 -0.660495195815 
7.55755755756 1.0 0.956387136503 0.872701659674 
7.43743743744 1.0 0.914492625181 0.84728416887 
7.3973973974 1.0 0.897563688968 0.835651517198 
-6.77677677678 1.0 -0.473791717778 -0.472661781935 
-3.49349349349 1.0 0.34468278404 0.488598639163 
-9.05905905906 1.0 -0.357620745349 -0.341271348393 
0.23023023023 1.0 0.228201684929 0.226639240045 
8.3983983984 1.0 0.855429505195 0.69555723795 
2.81281281281 1.0 0.322888465175 0.327908770411 
6.47647647648 1.0 0.19208980849 0.171899572398 
