-9.85985985986 1.0 0.421484671785 -0.371814083362 
6.35635635636 1.0 0.0731057736575 0.160001703519 
-2.81281281281 1.0 -0.322888465175 -0.216316244354 
-2.95295295295 1.0 -0.187522900919 -0.133896130385 
1.89189189189 1.0 0.948890220341 0.926962341481 
4.67467467467 1.0 -0.999288899866 -1.06848621417 
-6.3963963964 1.0 -0.112969411094 -0.127309245639 
-5.4954954955 1.0 0.708725363073 0.0203982892049 
-8.7987987988 1.0 -0.585891056576 -0.337578058806 
-9.55955955956 1.0 0.13437389375 -0.364195794394 
-8.53853853854 1.0 -0.774699305584 -0.325412730551 
-6.53653653654 1.0 -0.250649611665 -0.147033137158 
7.33733733734 1.0 0.869481672757 0.551081255279 
6.83683683684 1.0 0.525796755923 0.433413364336 
1.45145145145 1.0 0.992886849216 0.977609959475 
-7.71771771772 1.0 -0.990730428893 -0.273105044614 
1.65165165165 1.0 0.996732988666 0.975689171628 
-0.0900900900901 1.0 -0.0899682743046 -0.108882996821 
1.23123123123 1.0 0.942899611382 0.937267466239 
3.59359359359 1.0 -0.436766402789 -0.489998610267 
0.870870870871 1.0 0.764890207772 0.774640244251 
-7.63763763764 1.0 -0.976688773762 -0.266651264294 
0.37037037037 1.0 0.361960713579 0.371588236189 
9.35935935936 1.0 0.0653719505576 0.0996395020967 
3.13313313313 1.0 0.00845941955822 0.00565366223026 
7.81781781782 1.0 0.999346160464 0.535168137188 
-1.17117117117 1.0 -0.921206900567 -0.895515034611 
-2.37237237237 1.0 -0.695575258639 -0.50136852247 
-6.33633633634 1.0 -0.0531260071326 -0.118542313898 
8.07807807808 1.0 0.974995298193 0.4896041344 
-7.81781781782 1.0 -0.999346160464 -0.280799680849 
-4.29429429429 1.0 0.913864194148 0.187677753936 
-4.77477477477 1.0 0.998054637396 0.140334278766 
-5.7957957958 1.0 0.468320967329 -0.0319986608795 
-8.6986986987 1.0 -0.66394288333 -0.333112506314 
8.23823823824 1.0 0.927077365617 0.452424839939 
-0.13013013013 1.0 -0.1297631736 -0.151617717231 
0.13013013013 1.0 0.1297631736 0.12675984344 
-8.61861861862 1.0 -0.721633711464 -0.329350625169 
-7.07707707708 1.0 -0.713087090062 -0.21336158048 
8.91891891892 1.0 0.484559073218 0.248074071436 
2.29229229229 1.0 0.750818471552 0.741843300788 
-8.87887887888 1.0 -0.519186710331 -0.34096937929 
8.95895895896 1.0 0.449154692451 0.23474640031 
-0.19019019019 1.0 -0.189045659132 -0.215144543452 
-4.33433433433 1.0 0.929384449502 0.185686113987 
-0.39039039039 1.0 -0.380549461752 -0.417631713786 
-4.53453453453 1.0 0.984225545624 0.169749460699 
4.47447447447 1.0 -0.971831589603 -1.06624640291 
-8.15815815816 1.0 -0.9540939133 -0.304076268089 
4.19419419419 1.0 -0.868714740054 -0.974555733941 
4.91491491491 1.0 -0.979561626072 -1.0031577184 
-5.5955955956 1.0 0.634676409709 0.00274934064188 
-9.03903903904 1.0 -0.376243865658 -0.347296898897 
-1.05105105105 1.0 -0.867945718946 -0.863910103326 
-0.870870870871 1.0 -0.764890207772 -0.786085662539 
5.11511511512 1.0 -0.919995965877 -0.897837048804 
-8.55855855856 1.0 -0.761885650774 -0.326414098316 
2.27227227227 1.0 0.763890524376 0.753989532311 
3.15315315315 1.0 -0.0115602420643 -0.0158296454369 
3.99399399399 1.0 -0.752863081707 -0.850251952602 
-8.3983983984 1.0 -0.855429505195 -0.318075991384 
-4.89489489489 1.0 0.983391971377 0.122643410939 
7.11711711712 1.0 0.740579143612 0.518886035793 
0.830830830831 1.0 0.738491823944 0.749424604062 
-1.55155155155 1.0 -0.999814825028 -0.893177068408 
0.03003003003 1.0 0.0300255167065 0.0200212031339 
8.73873873874 1.0 0.633477463068 0.306954548225 
-8.8988988989 1.0 -0.501973484202 -0.341792919174 
-9.51951951952 1.0 0.094599889559 -0.363072720251 
-9.41941941942 1.0 -0.00535851570584 -0.360145112537 
-6.23623623624 1.0 0.046931825201 -0.103522888266 
3.77377377377 1.0 -0.590905760288 -0.666830043209 
-6.8968968969 1.0 -0.575905704393 -0.192960894885 
-4.83483483483 1.0 0.99251286792 0.131688270035 
0.21021021021 1.0 0.208665487323 0.210651566717 
-1.77177177177 1.0 -0.979872320608 -0.829147956126 
-8.67867867868 1.0 -0.678779469621 -0.332188148423 
0.970970970971 1.0 0.825434213842 0.831595028091 
-1.71171171171 1.0 -0.990087845702 -0.850560472829 
-0.49049049049 1.0 -0.471058607419 -0.510634961621 
6.01601601602 1.0 -0.264002216892 -0.120314375225 
-8.77877877878 1.0 -0.601996584369 -0.336705423115 
7.7977977978 1.0 0.998422103411 0.537765627909 
-0.670670670671 1.0 -0.62151153354 -0.658357206688 
0.950950950951 1.0 0.813968289004 0.820910750118 
-8.11811811812 1.0 -0.965318303844 -0.301556292334 
-9.57957957958 1.0 0.154184093352 -0.36474735758 
7.25725725726 1.0 0.827180739833 0.542665791913 
-4.75475475475 1.0 0.999102704803 0.143117972981 
-2.77277277277 1.0 -0.360514923027 -0.241023023941 
3.17317317317 1.0 -0.0315752704827 -0.0373954317497 
-2.49249249249 1.0 -0.604469813648 -0.422494504834 
-3.31331331331 1.0 0.170877953796 0.039301079409 
-3.77377377377 1.0 0.590905760288 0.163558449602 
-5.73573573574 1.0 0.520511228445 -0.0216792724115 
-3.89389389389 1.0 0.683320745574 0.178684985778 
-5.33533533534 1.0 0.812162990678 0.0487023112058 
-9.45945945946 1.0 0.034674546587 -0.361337100791 
-5.41541541542 1.0 0.762889004574 0.034562208282 
-7.67767767768 1.0 -0.984498672401 -0.269911880775 
-3.93393393393 1.0 0.711999223182 0.182312952275 
-9.17917917918 1.0 -0.243137181641 -0.352368154168 
9.71971971972 1.0 -0.290684124469 -0.0199846162016 
-7.8978978979 1.0 -0.999035835857 -0.286667502704 
1.51151151151 1.0 0.998243169988 0.980838442767 
-8.27827827828 1.0 -0.911328515751 -0.311310187212 
6.87687687688 1.0 0.559424700424 0.448890829302 
4.45445445445 1.0 -0.966918909573 -1.06309699066 
-0.01001001001 1.0 -0.0100098428432 -0.0229617894128 
-1.11111111111 1.0 -0.89619220103 -0.881738314982 
-3.99399399399 1.0 0.752863081707 0.186505839254 
-4.09409409409 1.0 0.81486800406 0.190359560698 
0.0500500500501 1.0 0.0500291567086 0.0414749144015 
7.15715715716 1.0 0.766884055736 0.526900928529 
-2.93293293293 1.0 -0.207148878373 -0.14523745238 
-6.93693693694 1.0 -0.608168751487 -0.197639668692 
7.57757757758 1.0 0.96204298189 0.55609343438 
4.33433433433 1.0 -0.929384449502 -1.03308385974 
-6.21621621622 1.0 0.066919044364 -0.10045912534 
8.57857857858 1.0 0.748766641479 0.357107948967 
8.0980980981 1.0 0.970351253498 0.485293058704 
1.53153153153 1.0 0.999229236959 0.981184130039 
8.998998999 1.0 0.413030320922 0.221355350016 
6.41641641642 1.0 0.132837305145 0.202790274137 
-6.61661661662 1.0 -0.327287278425 -0.157837017028 
7.67767767768 1.0 0.984498672401 0.550202547902 
6.996996997 1.0 0.654719669029 0.488695942526 
5.05505505506 1.0 -0.941862214566 -0.933810290585 
-3.03303303303 1.0 -0.108346513523 -0.09016414058 
-5.63563563564 1.0 0.603233924101 -0.00427191571945 
-6.6966966967 1.0 -0.401827232414 -0.168298875211 
-8.43843843844 1.0 -0.834011915114 -0.320231791176 
-0.33033033033 1.0 -0.32435551719 -0.358840997209 
-7.01701701702 1.0 -0.669720024621 -0.206747251711 
5.87587587588 1.0 -0.396140311588 -0.24909121679 
-5.57557557558 1.0 0.650019222236 0.00626970650239 
-4.49449449449 1.0 0.976354771373 0.173658513929 
0.570570570571 1.0 0.540112324789 0.55404110593 
8.11811811812 1.0 0.965318303844 0.480880677796 
9.25925925926 1.0 0.164763965562 0.133477620951 
-5.01501501502 1.0 0.954557149695 0.103566703459 
-4.01401401401 1.0 0.765888052358 0.187582057223 
-4.31431431431 1.0 0.921809046742 0.186737055316 
9.83983983984 1.0 -0.403246556161 -0.0585713196549 
1.77177177177 1.0 0.979872320608 0.957480749322 
-3.83383383383 1.0 0.63826408348 0.171937385297 
4.41441441441 1.0 -0.955933085822 -1.05520344048 
-6.63663663664 1.0 -0.346137843492 -0.160484571209 
-8.5985985986 1.0 -0.735347535638 -0.328382932442 
-0.810810810811 1.0 -0.724845989014 -0.752168899756 
-2.33233233233 1.0 -0.723776968945 -0.527312556396 
3.37337337337 1.0 -0.229710988177 -0.255314166006 
4.69469469469 1.0 -0.999843460211 -1.06581123051 
5.01501501502 1.0 -0.954557149695 -0.955778474968 
-6.996996997 1.0 -0.654719669029 -0.204501422418 
2.39239239239 1.0 0.681053382124 0.676797997574 
-3.53353353353 1.0 0.381982835353 0.11247861045 
-4.73473473473 1.0 0.99975034402 0.145848920317 
-6.81681681682 1.0 -0.508663293061 -0.18335084556 
-1.69169169169 1.0 -0.992701051804 -0.857069831469 
5.03503503504 1.0 -0.948399735659 -0.945001675254 
3.03303303303 1.0 0.108346513523 0.111508910506 
-4.61461461461 1.0 0.995223893414 0.160999904477 
5.75575575576 1.0 -0.503313872361 -0.362057209658 
-3.97397397397 1.0 0.739536372707 0.185270883242 
1.67167167167 1.0 0.994916395419 0.973526938565 
-7.45745745746 1.0 -0.922408976872 -0.251116203479 
5.07507507508 1.0 -0.934947206573 -0.922213033991 
6.13613613614 1.0 -0.146519791772 -0.0149809103917 
-7.15715715716 1.0 -0.766884055736 -0.221896569204 
6.97697697698 1.0 0.639456909771 0.482741970273 
3.89389389389 1.0 -0.683320745574 -0.772209570614 
-4.25425425425 1.0 0.896879023055 0.189216514994 
7.27727727728 1.0 0.838264195546 0.545110086396 
1.69169169169 1.0 0.992701051804 0.971013223212 
9.0990990991 1.0 0.319952035985 0.187670305533 
-4.91491491491 1.0 0.979561626072 0.119549116839 
-3.69369369369 1.0 0.524477262156 0.149732616536 
-1.57157157157 1.0 -0.999999699498 -0.889075582054 
3.11311311311 1.0 0.0284756907485 0.0270449632743 
9.51951951952 1.0 -0.094599889559 0.0459062166881 
-3.57357357357 1.0 0.41867057176 0.123027441939 
-1.15115115115 1.0 -0.91323356617 -0.891370833124 
-4.15415415415 1.0 0.848191426515 0.190923984685 
-7.1971971972 1.0 -0.791959659904 -0.226043987802 
5.995995996 1.0 -0.2832577738 -0.138387740945 
8.35835835836 1.0 0.875475849797 0.420960554629 
0.01001001001 1.0 0.0100098428432 -0.00146176236947 
8.85885885886 1.0 0.536191852752 0.267922150176 
-5.61561561562 1.0 0.61907922661 -0.000764775182684 
1.07107107107 1.0 0.877714248189 0.879601423307 
-1.47147147147 1.0 -0.995071340501 -0.905847381936 
1.99199199199 1.0 0.912600742763 0.892436194245 
9.43943943944 1.0 -0.0146609534063 0.0726887253992 
-6.5965965966 1.0 -0.308305540605 -0.155168078479 
-7.7977977978 1.0 -0.998422103411 -0.279293176993 
3.33333333333 1.0 -0.190567962875 -0.211663900531 
-0.850850850851 1.0 -0.75184168035 -0.775213757523 
6.73673673674 1.0 0.438160658811 0.389787524039 
-1.23123123123 1.0 -0.942899611382 -0.905282646876 
2.61261261261 1.0 0.504653050544 0.509521522447 
-7.3973973974 1.0 -0.897563688968 -0.245613697494 
-0.510510510511 1.0 -0.488622728493 -0.528382479783 
1.55155155155 1.0 0.999814825028 0.981166836169 
-9.5995995996 1.0 0.173932497848 -0.365292371017 
-9.35935935936 1.0 -0.0653719505576 -0.358303181387 
8.51851851852 1.0 0.787202470352 0.375194342139 
2.59259259259 1.0 0.521834495241 0.526038183028 
6.67667667668 1.0 0.38341529066 0.360202870661 
2.03203203203 1.0 0.895503224543 0.876371734768 
7.01701701702 1.0 0.669720024621 0.494382523442 
1.59159159159 1.0 0.999783786273 0.980049231415 
-8.81881881882 1.0 -0.569550710787 -0.338440668403 
7.75775775776 1.0 0.995374053792 0.542523464241 
6.63663663664 1.0 0.346137843492 0.339057172312 
-4.07407407407 1.0 0.803100948886 0.189888241105 
-2.79279279279 1.0 -0.341770182763 -0.228613575935 
-7.55755755756 1.0 -0.956387136503 -0.259923541845 
-7.35735735736 1.0 -0.879195966573 -0.241852450992 
-5.21521521522 1.0 0.87622408965 0.0697197475705 
5.83583583584 1.0 -0.432577348176 -0.286610696729 
-9.13913913914 1.0 -0.281770446506 -0.350961499358 
4.85485485485 1.0 -0.989868890237 -1.0261128502 
-2.61261261261 1.0 -0.504653050544 -0.343497211706 
0.810810810811 1.0 0.724845989014 0.736307877223 
-1.49149149149 1.0 -0.996857019318 -0.903251129565 
-3.25325325325 1.0 0.111428711879 0.0148852205311 
-3.59359359359 1.0 0.436766402789 0.127989321052 
8.47847847848 1.0 0.811257411747 0.386992327111 
-1.91191191191 1.0 -0.942382045726 -0.769083930268 
9.53953953954 1.0 -0.114509838728 0.0392430679112 
-0.45045045045 1.0 -0.435371096772 -0.4742526214 
-2.29229229229 1.0 -0.750818471552 -0.552966862032 
-3.19319319319 1.0 0.0515776439174 -0.0113977006864 
-7.37737737738 1.0 -0.888557889358 -0.243742444879 
6.15615615616 1.0 -0.126687794244 0.00197885278597 
-8.0980980981 1.0 -0.970351253498 -0.300275360382 
1.43143143143 1.0 0.99030442098 0.9757992183 
-8.93893893894 1.0 -0.466950456861 -0.343411560898 
-2.87287287287 1.0 -0.265497380359 -0.1801610455 
-0.47047047047 1.0 -0.453305691794 -0.492587972263 
-5.3953953954 1.0 0.775678794758 0.0381019387475 
1.01101101101 1.0 0.84736912878 0.851886562383 
0.630630630631 1.0 0.589654207656 0.60370102131 
8.55855855856 1.0 0.761885650774 0.363186050485 
-5.03503503504 1.0 0.948399735659 0.100280415078 
0.41041041041 1.0 0.398985690337 0.409958495696 
4.29429429429 1.0 -0.913864194148 -1.01889797994 
8.63863863864 1.0 0.707630665292 0.338600660851 
8.71871871872 1.0 0.648840196822 0.313355603399 
-3.07307307307 1.0 -0.0684659772958 -0.0693406450913 
-5.65565565566 1.0 0.587146852786 -0.00777137993301 
-6.0960960961 1.0 0.185999691898 -0.081673050355 
-8.25825825826 1.0 -0.919387180273 -0.31013776198 
2.87287287287 1.0 0.265497380359 0.273464383871 
-9.4994994995 1.0 0.0746520259067 -0.362501058193 
-2.51251251251 1.0 -0.588401237484 -0.409287546532 
7.03703703704 1.0 0.684451964588 0.499803944965 
-2.21221221221 1.0 -0.801249393857 -0.603127309169 
1.17117117117 1.0 0.921206900567 0.918431036399 
2.07207207207 1.0 0.876970223046 0.859043183715 
1.03103103103 1.0 0.857829327634 0.861489662399 
-8.01801801802 1.0 -0.986576173517 -0.295009023305 
-9.33933933934 1.0 -0.0853347124856 -0.357674493978 
3.43343343343 1.0 -0.28771565565 -0.320473137886 
3.05305305305 1.0 0.0884239650333 0.0905755541057 
1.27127127127 1.0 0.955476737061 0.947957705983 
-3.05305305305 1.0 -0.0884239650333 -0.079662079663 
-0.37037037037 1.0 -0.361960713579 -0.398259499888 
0.590590590591 1.0 0.556851671602 0.570878267293 
4.35435435435 1.0 -0.936587366299 -1.03939975298 
5.27527527528 1.0 -0.845718424022 -0.786010748179 
0.510510510511 1.0 0.488622728493 0.501899045432 
6.23623623624 1.0 -0.046931825201 0.0678395536284 
-1.67167167167 1.0 -0.994916395419 -0.863254057321 
-6.31631631632 1.0 -0.0331249483513 -0.115578864564 
0.33033033033 1.0 0.32435551719 0.332402110849 
-4.85485485485 1.0 0.989868890237 0.128714937818 
8.2982982983 1.0 0.902904601864 0.437036235755 
2.77277277277 1.0 0.360514923027 0.368694234118 
-1.01101101101 1.0 -0.84736912878 -0.849764184034 
-4.27427427427 1.0 0.905553075921 0.188505237767 
-0.610610610611 1.0 -0.573367839051 -0.61226157984 
-8.03803803804 1.0 -0.983109384216 -0.296347255759 
-4.99499499499 1.0 0.960331988856 0.106825349146 
-6.73673673674 1.0 -0.438160658811 -0.173401498449 
7.37737737738 1.0 0.888557889358 0.553959139932 
-1.29129129129 1.0 -0.961192106815 -0.911106086389 
-2.03203203203 1.0 -0.895503224543 -0.707873622482 
3.45345345345 1.0 -0.306830209454 -0.342059378845 
-8.05805805806 1.0 -0.979248576653 -0.297670970306 
4.87487487487 1.0 -0.986828185163 -1.01893321459 
3.63363363363 1.0 -0.472425730458 -0.530864486427 
-4.47447447447 1.0 0.971831589603 0.175487373557 
-7.93793793794 1.0 -0.996477739177 -0.289508327897 
4.93493493493 1.0 -0.975338684403 -0.994575009625 
-7.41741741742 1.0 -0.906209755988 -0.24746632783 
-5.23523523524 1.0 0.866401418913 0.0662415990987 
-9.67967967968 1.0 0.252150304413 -0.367408390781 
-8.45845845846 1.0 -0.822799547447 -0.321291579466 
5.41541541542 1.0 -0.762889004574 -0.672544295474 
-9.43943943944 1.0 0.0146609534063 -0.360744649882 
2.19219219219 1.0 0.813066617154 0.79963048641 
-2.55255255255 1.0 -0.555563147622 -0.382897640582 
-2.65265265265 1.0 -0.469690351946 -0.317447769945 
5.91591591592 1.0 -0.359068265792 -0.211825227883 
4.49449449449 1.0 -0.976354771373 -1.06886303209 
-9.1991991992 1.0 -0.223670498102 -0.353059163014 
8.7987987988 1.0 0.585891056576 0.287562851391 
0.25025025025 1.0 0.247646422081 0.251859714329 
-0.25025025025 1.0 -0.247646422081 -0.277664207945 
-2.89289289289 1.0 -0.246143932464 -0.168375312232 
-4.21421421421 1.0 0.878456163293 0.190278396544 
-7.11711711712 1.0 -0.740579143612 -0.217669358578 
2.11211211211 1.0 0.857031446499 0.84046633474 
6.45645645646 1.0 0.172405433055 0.230019319981 
0.690690690691 1.0 0.637069722791 0.650722547768 
-1.37137137137 1.0 -0.980180659514 -0.912884731932 
1.37137137137 1.0 0.980180659514 0.968148522865 
3.81381381381 1.0 -0.622725447279 -0.703245331691 
9.87987987988 1.0 -0.439553861488 -0.0712473439969 
0.27027027027 1.0 0.266991905564 0.272243879119 
7.2972972973 1.0 0.849011685183 0.547325323442 
8.5985985986 1.0 0.735347535638 0.350983101307 
-6.75675675676 1.0 -0.456067581459 -0.175920781897 
-6.85685685686 1.0 -0.542719485852 -0.188198102421 
8.6986986987 1.0 0.66394288333 0.319722462853 
7.13713713714 1.0 0.753882673169 0.523018420542 
3.29329329329 1.0 -0.151119458915 -0.167956346878 
1.85185185185 1.0 0.960763202681 0.938476667777 
-7.21721721722 1.0 -0.804023831509 -0.228088027418 
5.71571571572 1.0 -0.537499969971 -0.399801068105 
6.71671671672 1.0 0.42007812671 0.380210710497 
-5.25525525526 1.0 0.856231505045 0.0627519142041 
-7.85785785786 1.0 -0.999992487454 -0.283764968872 
4.57457457457 1.0 -0.990518615549 -1.07399847628 
2.97297297297 1.0 0.167821766571 0.173464013654 
-6.37637637638 1.0 -0.0930562402792 -0.124407618881 
-9.3993993994 1.0 -0.0253758371902 -0.359538409088 
-5.995995996 1.0 0.2832577738 -0.0655158655223 
-9.63963963964 1.0 0.213212289782 -0.366363042791 
-2.69269269269 1.0 -0.433974744115 -0.29164564612 
-0.15015015015 1.0 -0.149586594914 -0.172883183926 
-2.67267267267 1.0 -0.451923110669 -0.30451195948 
4.39439439439 1.0 -0.949864345085 -1.05046205225 
6.1961961962 1.0 -0.0868794431893 0.0353186505442 
-8.35835835836 1.0 -0.875475849797 -0.315871100285 
-1.03103103103 1.0 -0.857829327634 -0.857063283659 
-2.25225225225 1.0 -0.776656419186 -0.578261641646 
0.43043043043 1.0 0.417262010319 0.428817309694 
-8.998998999 1.0 -0.413030320922 -0.345769920153 
2.17217217217 1.0 0.824557973258 0.810294828964 
-8.31831831832 1.0 -0.894118814814 -0.313616156194 
-8.95895895896 1.0 -0.449154692451 -0.344206862448 
-2.43243243243 1.0 -0.651196684992 -0.46206183942 
2.09209209209 1.0 0.867174611281 0.849909813374 
4.95495495495 1.0 -0.970724838874 -0.985538264225 
1.41141141141 1.0 0.987325090799 0.973619353661 
-3.67367367367 1.0 0.507327764109 0.145787096996 
2.41241241241 1.0 0.666258547712 0.662940983088 
2.71271271271 1.0 0.415852445773 0.42325847502 
-9.47947947948 1.0 0.054674242632 -0.361922544175 
-4.03403403403 1.0 0.778606064409 0.188502522255 
6.91691691692 1.0 0.592155892373 0.463255001419 
6.77677677678 1.0 0.473791717778 0.408087850285 
-0.21021021021 1.0 -0.208665487323 -0.236113990124 
0.49049049049 1.0 0.471058607419 0.483996227551 
7.35735735736 1.0 0.879195966573 0.55262834004 
0.45045045045 1.0 0.435371096772 0.447448177511 
4.63463463463 1.0 -0.996978653508 -1.07227102022 
-5.17517517518 1.0 0.894812095251 0.0766362639084 
-4.37437437437 1.0 0.943414910292 0.183265281032 
9.85985985986 1.0 -0.421484671785 -0.0649215792819 
4.53453453453 1.0 -0.984225545624 -1.07249655406 
-2.71271271271 1.0 -0.415852445773 -0.278856325445 
-2.75275275275 1.0 -0.379115173303 -0.253537901525 
-5.2952952953 1.0 0.834866389361 0.055742901887 
7.5975975976 1.0 0.967313252172 0.555262176896 
-2.57257257257 1.0 -0.53880679503 -0.369731367542 
8.15815815816 1.0 0.9540939133 0.471762548832 
7.91791791792 1.0 0.997956771974 0.520117774347 
-4.93493493493 1.0 0.975338684403 0.116418334841 
-4.19419419419 1.0 0.868714740054 0.190622938258 
4.89489489489 1.0 -0.983391971377 -1.01127936276 
1.95195195195 1.0 0.928235370545 0.907220659615 
-1.09109109109 1.0 -0.887131000257 -0.876247136869 
6.61661661662 1.0 0.327287278425 0.32805881609 
7.97797797798 1.0 0.992322298019 0.509545103205 
9.57957957958 1.0 -0.154184093352 0.0259611626827 
5.85585585586 1.0 -0.41444188151 -0.267824670356 
-5.83583583584 1.0 0.432577348176 -0.038816801087 
0.17017017017 1.0 0.169350063744 0.168923805464 
0.0700700700701 1.0 0.0700127456343 0.0628873583359 
-0.970970970971 1.0 -0.825434213842 -0.833811032055 
3.61361361361 1.0 -0.454687183165 -0.510526666674 
-1.85185185185 1.0 -0.960763202681 -0.796457352233 
-9.83983983984 1.0 0.403246556161 -0.371347767918 
2.35235235235 1.0 0.709818357066 0.703670571429 
2.25225225225 1.0 0.776656419186 0.765843361134 
-8.1981981982 1.0 -0.941340119153 -0.306541238537 
5.31531531532 1.0 -0.823679750423 -0.754891915952 
4.43443443443 1.0 -0.961618700226 -1.0594156076 
-7.13713713714 1.0 -0.753882673169 -0.219792987249 
-4.35435435435 1.0 0.936587366299 0.184527880307 
-4.81481481481 1.0 0.994759058541 0.134617312911 
-5.67567567568 1.0 0.570824460166 -0.0112624905019 
9.03903903904 1.0 0.376243865658 0.207911712801 
-6.67667667668 1.0 -0.38341529066 -0.165715499412 
5.17517517518 1.0 -0.894812095251 -0.858461416542 
-9.65965965966 1.0 0.232727934358 -0.366888846392 
-1.63163163163 1.0 -0.998150103477 -0.874621328156 
-3.37337337337 1.0 0.229710988177 0.0618159076565 
9.33933933934 1.0 0.0853347124856 0.106396944931 
-7.51751751752 1.0 -0.943927941216 -0.256454388768 
4.55455455455 1.0 -0.987569983594 -1.0735136779 
-5.07507507508 1.0 0.934947206573 0.0936314752052 
4.21421421421 1.0 -0.878456163293 -0.984419994614 
5.35535535536 1.0 -0.800320725902 -0.722686136284 
7.05705705706 1.0 0.698909584547 0.50496253846 
9.11911911912 1.0 0.30092154409 0.180907902317 
6.25625625626 1.0 -0.0269257963344 0.0837767846044 
-6.2962962963 1.0 -0.0131106134944 -0.11259505284 
7.21721721722 1.0 0.804023831509 0.53707761304 
-2.91291291291 1.0 -0.226691833081 -0.156732278234 
5.63563563564 1.0 -0.603233924101 -0.474855760082 
5.8958958959 1.0 -0.377679973455 -0.230421185333 
-5.55555555556 1.0 0.665101514979 0.0097955724238 
-5.81581581582 1.0 0.450539443112 -0.0354142195881 
5.33533533534 1.0 -0.812162990678 -0.73891910761 
5.5955955956 1.0 -0.634676409709 -0.511972027676 
-5.93593593594 1.0 0.340312647942 -0.0556187062464 
-9.6996996997 1.0 0.271471615699 -0.3679217468 
-7.61761761762 1.0 -0.972195835089 -0.26499533776 
-3.39339339339 1.0 0.249148316352 0.0688949447647 
3.79379379379 1.0 -0.606937230307 -0.685189082211 
1.83183183183 1.0 0.96612325186 0.943733759863 
-3.73373373373 1.0 0.558138856901 0.15703245983 
5.1951951952 1.0 -0.885695580449 -0.844625950465 
-8.47847847848 1.0 -0.811257411747 -0.322339450734 
5.65565565566 1.0 -0.587146852786 -0.456176468395 
-7.27727727728 1.0 -0.838264195546 -0.234102728579 
-2.45245245245 1.0 -0.635873830576 -0.448890192109 
-6.91691691692 1.0 -0.592155892373 -0.19531075376 
-9.97997997998 1.0 0.527114985665 -0.374496968551 
-9.7997997998 1.0 0.366292850383 -0.370398131568 
8.17817817818 1.0 0.947906971008 0.467061993828 
4.05405405405 1.0 -0.791012020637 -0.892236197817 
-7.87787787788 1.0 -0.99971449835 -0.285224014679 
9.91991991992 1.0 -0.475156566095 -0.0838234471656 
1.25125125125 1.0 0.949378423874 0.942799446213 
-1.87187187187 1.0 -0.955018091318 -0.787592604597 
1.73173173173 1.0 0.987077824457 0.964938723553 
-9.15915915916 1.0 -0.26250641876 -0.351668962885 
-5.47547547548 1.0 0.722706208904 0.0239381432062 
-2.13213213213 1.0 -0.846544793956 -0.651295207204 
9.7997997998 1.0 -0.366292850383 -0.0457993447846 
-1.89189189189 1.0 -0.948890220341 -0.77846563959 
-1.41141141141 1.0 -0.987325090799 -0.911277992679 
4.99499499499 1.0 -0.960331988856 -0.966132242907 
-1.19119119119 1.0 -0.928811026462 -0.899213594238 
-2.19219219219 1.0 -0.813066617154 -0.615377587893 
4.27427427427 1.0 -0.905553075921 -1.0110352917 
-6.51651651652 1.0 -0.231219739195 -0.144278875651 
-7.65765765766 1.0 -0.980790267476 -0.268290068915 
1.79179179179 1.0 0.975679725882 0.953237789371 
-0.790790790791 1.0 -0.710909644644 -0.740004294333 
-0.710710710711 1.0 -0.65237258226 -0.687182236672 
9.47947947948 1.0 -0.054674242632 0.0592730819405 
5.47547547548 1.0 -0.722706208904 -0.620490547371 
-7.23723723724 1.0 -0.81576576016 -0.230112426055 
-1.43143143143 1.0 -0.99030442098 -0.90986578961 
-7.43743743744 1.0 -0.914492625181 -0.249300456064 
9.21921921922 1.0 0.204114170152 0.147034609216 
1.31131131131 1.0 0.966522242485 0.957153287322 
7.61761761762 1.0 0.972195835089 0.554254185748 
0.19019019019 1.0 0.189045659132 0.189847510579 
7.41741741742 1.0 0.906209755988 0.555984916798 
9.65965965966 1.0 -0.232727934358 -0.000404778116966 
3.27327327327 1.0 -0.131300397197 -0.146110040331 
-0.630630630631 1.0 -0.589654207656 -0.627997295987 
6.21621621622 1.0 -0.066919044364 0.051684763615 
1.97197197197 1.0 0.920602539794 0.89998942428 
0.550550550551 1.0 0.523156507537 0.53692801001 
0.0900900900901 1.0 0.0899682743046 0.0842467110276 
3.83383383383 1.0 -0.63826408348 -0.720986994071 
2.79279279279 1.0 0.341770182763 0.350064043544 
-1.27127127127 1.0 -0.955476737061 -0.909598322213 
4.07407407407 1.0 -0.803100948886 -0.905368882392 
0.770770770771 1.0 0.69668837635 0.709074686116 
4.75475475475 1.0 -0.999102704803 -1.0546948266 
-8.63863863864 1.0 -0.707630665292 -0.330307318002 
-5.1951951952 1.0 0.885695580449 0.0731850754348 
4.71471471471 1.0 -0.999997295481 -1.06261861638 
-0.35035035035 1.0 -0.343226895963 -0.378658413351 
-9.27927927928 1.0 -0.144985860003 -0.355743142371 
-9.91991991992 1.0 0.475156566095 -0.373179792476 
-1.51151151151 1.0 -0.998243169988 -0.90027040213 
-6.01601601602 1.0 0.264002216892 -0.0687819818291 
8.53853853854 1.0 0.774699305584 0.369215495168 
-1.21121121121 1.0 -0.936042896216 -0.902468659854 
-6.43643643644 1.0 -0.152651959622 -0.133049945631 
-6.17617617618 1.0 0.106805021793 -0.094273117866 
2.63263263263 1.0 0.487269347053 0.492754849541 
-0.27027027027 1.0 -0.266991905564 -0.298218543978 
9.8998998999 1.0 -0.45744688336 -0.0775481248179 
-0.930930930931 1.0 -0.802176135594 -0.816058117301 
-6.41641641642 1.0 -0.132837305145 -0.130190051665 
-3.43343343343 1.0 0.28771565565 0.0824123797359 
5.73573573574 1.0 -0.520511228445 -0.380937177793 
2.37237237237 1.0 0.695575258639 0.69037526487 
8.65865865866 1.0 0.693344009372 0.332346740705 
-1.83183183183 1.0 -0.96612325186 -0.805052501193 
8.43843843844 1.0 0.834011915114 0.398563865939 
4.51451451451 1.0 -0.980486642048 -1.07094643873 
-3.35335335335 1.0 0.210181594637 0.0545235914941 
-7.53753753754 1.0 -0.950347982805 -0.258197845423 
-8.85885885886 1.0 -0.536191852752 -0.340136225577 
2.69269269269 1.0 0.433974744115 0.440989574189 
9.45945945946 1.0 -0.034674546587 0.0659752140404 
0.750750750751 1.0 0.682187883844 0.694966019253 
9.17917917918 1.0 0.243137181641 0.160591609336 
-5.11511511512 1.0 0.919995965877 0.0868912759583 
7.0970970971 1.0 0.726978798959 0.514501029531 
3.73373373373 1.0 -0.558138856901 -0.629251696065 
0.710710710711 1.0 0.65237258226 0.665785473197 
7.17717717718 1.0 0.779578080518 0.530536371379 
-5.51551551552 1.0 0.694460468753 0.0168606778653 
9.13913913914 1.0 0.281770446506 0.174139874823 
6.31631631632 1.0 0.0331249483513 0.130225138368 
5.81581581582 1.0 -0.450539443112 -0.30543825926 
9.95995995996 1.0 -0.509997599178 -0.0962958889658 
-0.0500500500501 1.0 -0.0500291567086 -0.0659634240907 
-8.21821821822 1.0 -0.934395989648 -0.307753412078 
-6.71671671672 1.0 -0.42007812671 -0.170860869792 
-3.21321321321 1.0 0.0715593456609 -0.0024320850653 
5.95595595596 1.0 -0.32142063693 -0.174897098287 
6.8968968969 1.0 0.575905704393 0.456211340587 
-5.71571571572 1.0 0.537499969971 -0.0182170570064 
-8.17817817818 1.0 -0.947906971008 -0.305315565792 
-0.570570570571 1.0 -0.540112324789 -0.579721816099 
-6.95695695696 1.0 -0.623937863975 -0.199947705144 
2.45245245245 1.0 0.635873830576 0.634396856029 
-3.75375375375 1.0 0.574637462441 0.160391059209 
-9.11911911912 1.0 -0.30092154409 -0.350245672983 
6.95695695696 1.0 0.623937863975 0.476518480029 
7.07707707708 1.0 0.713087090062 0.509860728958 
4.37437437437 1.0 -0.943414910292 -1.04519338337 
1.91191191191 1.0 0.942382045726 0.920709127783 
3.97397397397 1.0 -0.739536372707 -0.835424768979 
7.45745745746 1.0 0.922408976872 0.557184803417 
9.97997997998 1.0 -0.527114985665 -0.10249212952 
0.530530530531 1.0 0.505991015532 0.519545183963 
2.01201201201 1.0 0.904233186475 0.884562967297 
6.85685685686 1.0 0.542719485852 0.441291959147 
-7.2972972973 1.0 -0.849011685183 -0.236068851118 
-4.95495495495 1.0 0.970724838874 0.113252913775 
-0.29029029029 1.0 -0.286230381945 -0.318608151213 
2.43243243243 1.0 0.651196684992 0.648806491425 
-1.97197197197 1.0 -0.920602539794 -0.739486404786 
4.65465465465 1.0 -0.998333836705 -1.07064041326 
6.81681681682 1.0 0.508663293061 0.425253828209 
6.0960960961 1.0 -0.185999691898 -0.0494432151644 
3.21321321321 1.0 -0.0715593456609 -0.0807350243408 
5.93593593594 1.0 -0.340312647942 -0.193313789309 
8.61861861862 1.0 0.721633711464 0.344813388252 
6.11611611612 1.0 -0.166293065952 -0.0321241575769 
9.55955955956 1.0 -0.13437389375 0.0325944675862 
0.910910910911 1.0 0.790062479764 0.798476873567 
-9.73973973974 1.0 0.309780130585 -0.368930173568 
1.33133133133 1.0 0.971465007816 0.961191045625 
4.13413413413 1.0 -0.837417761709 -0.942065589306 
8.31831831832 1.0 0.894118814814 0.431750914349 
-6.05605605606 1.0 0.225181436261 -0.0752628034347 
4.25425425425 1.0 -0.896879023055 -1.00266493662 
-0.03003003003 1.0 -0.0300255167065 -0.0444665163196 
7.53753753754 1.0 0.950347982805 0.557212576799 
6.6966966967 1.0 0.401827232414 0.370349155531 
-1.65165165165 1.0 -0.996732988666 -0.869106676892 
1.13113113113 1.0 0.904894218889 0.904010675019 
8.8988988989 1.0 0.501973484202 0.254710658369 
-0.910910910911 1.0 -0.790062479764 -0.806510749392 
1.19119119119 1.0 0.928811026462 0.925082937321 
5.4954954955 1.0 -0.708725363073 -0.602771351227 
8.41841841842 1.0 0.844890020967 0.404259538677 
2.49249249249 1.0 0.604469813648 0.604761848759 
9.73973973974 1.0 -0.309780130585 -0.0264707452358 
-9.75975975976 1.0 0.328751980598 -0.369425382481 
-8.91891891892 1.0 -0.484559073218 -0.342606946291 
-7.997997998 1.0 -0.989647555109 -0.293656143842 
0.47047047047 1.0 0.453305691794 0.465843581245 
-0.590590590591 1.0 -0.556851671602 -0.596166742284 
-8.57857857858 1.0 -0.748766641479 -0.327404127761 
-7.77777777778 1.0 -0.997097890944 -0.27777059215 
-0.750750750751 1.0 -0.682187883844 -0.714414833165 
-1.25125125125 1.0 -0.949378423874 -0.907658227845 
-2.39239239239 1.0 -0.681053382124 -0.488309673645 
-7.03703703704 1.0 -0.684451964588 -0.208972499195 
8.83883883884 1.0 0.552982096013 0.274494103757 
9.31931931932 1.0 0.105263273301 0.113160444754 
-7.5975975976 1.0 -0.967313252172 -0.263322160586 
-9.61961961962 1.0 0.193611192318 -0.365830908423 
4.01401401401 1.0 -0.765888052358 -0.864669005488 
6.03603603604 1.0 -0.244640851113 -0.10237434338 
-9.2992992993 1.0 -0.125149645879 -0.356394558368 
9.05905905906 1.0 0.357620745349 0.201173439659 
-1.07107107107 1.0 -0.877714248189 -0.87030461577 
-2.99299299299 1.0 -0.148053371305 -0.111694093357 
2.83283283283 1.0 0.303877337824 0.312169452782 
8.01801801802 1.0 0.986576173517 0.501902594806 
6.53653653654 1.0 0.250649611665 0.281251367206 
2.65265265265 1.0 0.469690351946 0.475741568103 
3.31331331331 1.0 -0.170877953796 -0.189811445147 
-9.37937937938 1.0 -0.0453829883483 -0.358924459102 
-8.83883883884 1.0 -0.552982096013 -0.339293356171 
5.43543543544 1.0 -0.749793457774 -0.655389291899 
5.77577577578 1.0 -0.485914794209 -0.343172972672 
-5.05505505506 1.0 0.941862214566 0.0969681348911 
-2.85285285285 1.0 -0.284744420138 -0.192083760127 
5.6956956957 1.0 -0.554273288059 -0.418636952387 
-5.87587587588 1.0 0.396140311588 -0.0455811086841 
7.93793793794 1.0 0.996477739177 0.516716194072 
2.75275275275 1.0 0.379115173303 0.387106444761 
-4.69469469469 1.0 0.999843460211 0.151143664831 
-6.7967967968 1.0 -0.491325964149 -0.18089542201 
8.4984984985 1.0 0.799390133963 0.381120620101 
6.43643643644 1.0 0.152651959622 0.216536802239 
7.73773773774 1.0 0.993251282848 0.544677557151 
-5.45545545546 1.0 0.736397402892 0.0274793585496 
0.730730730731 1.0 0.667413978747 0.680534821858 
6.51651651652 1.0 0.231219739195 0.268853188027 
-4.67467467467 1.0 0.999288899866 0.153702905047 
4.23423423423 1.0 -0.887845512006 -0.993791512504 
6.07607607608 1.0 -0.205631771434 -0.0669301298901 
0.610610610611 1.0 0.573367839051 0.587433500644 
5.61561561562 1.0 -0.61907922661 -0.4934583914 
-2.27227227227 1.0 -0.763890524376 -0.565663549124 
3.19319319319 1.0 -0.0515776439174 -0.0590339069232 
-7.47747747748 1.0 -0.929955638285 -0.252913692394 
-5.31531531532 1.0 0.823679750423 0.0522259743548 
9.81981981982 1.0 -0.384846824231 -0.0521970686965 
-2.53253253253 1.0 -0.572096837274 -0.396085799241 
-3.85385385385 1.0 0.653546911213 0.174364335433 
-4.41441441441 1.0 0.955933085822 0.180438564314 
-2.47247247247 1.0 -0.620296125676 -0.435698224448 
-8.13813813814 1.0 -0.959898466376 -0.302823219177 
-2.01201201201 1.0 -0.904233186475 -0.718621964038 
3.23323323323 1.0 -0.0915123672906 -0.102488486403 
1.75175175175 1.0 0.983672194447 0.961381710508 
-2.05205205205 1.0 -0.886414355831 -0.696925253318 
4.17417417417 1.0 -0.858625146533 -0.964204454899 
0.31031031031 1.0 0.305354140677 0.312524335009 
1.29129129129 1.0 0.961192106815 0.952742268197 
-0.950950950951 1.0 -0.813968289004 -0.825158842399 
-5.35535535536 1.0 0.800320725902 0.0451730312206 
-9.21921921922 1.0 -0.204114170152 -0.353742078435 
-8.07807807808 1.0 -0.974995298193 -0.298980295712 
-6.11611611612 1.0 0.166293065952 -0.084851002557 
2.93293293293 1.0 0.207148878373 0.213987668145 
7.71771771772 1.0 0.990730428893 0.546677559961 
2.85285285285 1.0 0.284744420138 0.292915476914 
7.63763763764 1.0 0.976688773762 0.553072741073 
-0.43043043043 1.0 -0.417262010319 -0.455640307525 
3.95395395395 1.0 -0.725913266541 -0.820196974668 
7.8978978979 1.0 0.999035835857 0.52339282007 
7.85785785786 1.0 0.999992487454 0.529551459994 
4.83483483483 1.0 -0.99251286792 -1.03281215489 
5.53553553554 1.0 -0.679917243139 -0.566855064741 
-9.01901901902 1.0 -0.39471619201 -0.346537871181 
4.03403403403 1.0 -0.778606064409 -0.878666717585 
-4.79479479479 1.0 0.996606561851 0.137500013758 
-6.35635635636 1.0 -0.0731057736575 -0.121485271748 
-3.11311311311 1.0 -0.0284756907485 -0.0492543259197 
5.0950950951 1.0 -0.927657483133 -0.910218878196 
6.05605605606 1.0 -0.225181436261 -0.0845766727342 
-3.81381381381 1.0 0.622725447279 0.16932913319 
3.57357357357 1.0 -0.41867057176 -0.469293221865 
7.51751751752 1.0 0.943927941216 0.557493856357 
-8.73873873874 1.0 -0.633477463068 -0.334929652415 
-7.97797797798 1.0 -0.992322298019 -0.292288487958 
-0.23023023023 1.0 -0.228201684929 -0.256958289641 
-7.33733733734 1.0 -0.869481672757 -0.239943598098 
-2.35235235235 1.0 -0.709818357066 -0.514372390701 
6.55655655656 1.0 0.269979026825 0.29337269709 
-0.730730730731 1.0 -0.667413978747 -0.701000919895 
-1.33133133133 1.0 -0.971465007816 -0.912838377041 
-2.41241241241 1.0 -0.666258547712 -0.475204551192 
9.2992992993 1.0 0.125149645879 0.119929045271 
6.93693693694 1.0 0.608168751487 0.470023456415 
3.47347347347 1.0 -0.325821789448 -0.363558093572 
1.57157157157 1.0 0.999999699498 0.980788025924 
5.97597597598 1.0 -0.302399804444 -0.156585158601 
6.65665665666 1.0 0.36484968073 0.349772069127 
8.03803803804 1.0 0.983109384216 0.497911628 
8.33833833834 1.0 0.884974675839 0.426391591765 
6.75675675676 1.0 0.456067581459 0.39907977985 
-2.23223223223 1.0 -0.789111039566 -0.590752449666 
-4.23423423423 1.0 0.887845512006 0.189808576188 
-0.11011011011 1.0 -0.109887744787 -0.130279956571 
5.51551551552 1.0 -0.694460468753 -0.584888726996 
2.99299299299 1.0 0.148053371305 0.152960904754 
-3.23323323323 1.0 0.0915123672906 0.00632952338285 
10.0 1.0 -0.544021110889 -0.10866115342 
-9.07907907908 1.0 -0.338854295004 -0.348788565271 
2.13213213213 1.0 0.846544793956 0.830714707441 
3.93393393393 1.0 -0.711999223182 -0.804578390058 
-3.27327327327 1.0 0.131300397197 0.0232333219049 
-5.95595595596 1.0 0.32142063693 -0.0589338738049 
1.47147147147 1.0 0.995071340501 0.979052631844 
-7.4974974975 1.0 -0.93712958481 -0.254693046096 
-3.17317317317 1.0 0.0315752704827 -0.0205651970462 
-5.27527527528 1.0 0.845718424022 0.0592519429708 
9.93993993994 1.0 -0.492675811867 -0.0900728506679 
5.25525525526 1.0 -0.856231505045 -0.801133998922 
0.35035035035 1.0 0.343226895963 0.352092967771 
6.2962962963 1.0 0.0131106134944 0.114975083821 
-3.95395395395 1.0 0.725913266541 0.183874230362 
-8.71871871872 1.0 -0.648840196822 -0.334026304907 
1.09109109109 1.0 0.887131000257 0.888106947383 
4.97497497497 1.0 -0.965721938658 -0.976054804665 
7.23723723724 1.0 0.81576576016 0.539989325734 
-3.63363363363 1.0 0.472425730458 0.137294932962 
-8.4984984985 1.0 -0.799390133963 -0.323375522147 
-8.41841841842 1.0 -0.844890020967 -0.319159967998 
-6.03603603604 1.0 0.244640851113 -0.0720310661587 
7.997997998 1.0 0.989647555109 0.505781354681 
-7.31731731732 1.0 -0.859418901282 -0.238015769799 
-2.31231231231 1.0 -0.737445499834 -0.540180290093 
3.35335335335 1.0 -0.210181594637 -0.23350208045 
-5.15515515516 1.0 0.903569980268 0.0800719591202 
8.13813813814 1.0 0.959898466376 0.476369636906 
-1.53153153153 1.0 -0.999229236959 -0.896910551067 
-0.990990990991 1.0 -0.836569314705 -0.842013185303 
1.05105105105 1.0 0.867945718946 0.870728499934 
-9.25925925926 1.0 -0.164763965562 -0.355083981081 
9.23923923924 1.0 0.184476035731 0.140255580544 
5.57557557558 1.0 -0.650019222236 -0.530384291965 
2.89289289289 1.0 0.246143932464 0.253821976088 
-4.43443443443 1.0 0.961618700226 0.178880167156 
-4.59459459459 1.0 0.993070259711 0.163297265489 
-9.71971971972 1.0 0.290684124469 -0.368428984585 
1.39139139139 1.0 0.983950052752 0.971069407454 
0.890890890891 1.0 0.777632176518 0.786732487473 
-8.97897897898 1.0 -0.431178912314 -0.344992949587 
-6.87687687688 1.0 -0.559424700424 -0.190590030368 
-9.95995995996 1.0 0.509997599178 -0.374063199068 
9.75975975976 1.0 -0.328751980598 -0.0329356267873 
2.33233233233 1.0 0.723776968945 0.716681753518 
2.31231231231 1.0 0.737445499834 0.72940669089 
8.27827827828 1.0 0.911328515751 0.442245236948 
-2.73273273273 1.0 -0.397563478837 -0.266151345966 
9.5995995996 1.0 -0.173932497848 0.0193438824755 
8.21821821822 1.0 0.934395989648 0.45739064081 
-7.83783783784 1.0 -0.999869691753 -0.282290234531 
-7.05705705706 1.0 -0.698909584547 -0.211177247067 
2.95295295295 1.0 0.187522900919 0.193808630813 
-5.85585585586 1.0 0.41444188151 -0.0422059196899 
-3.55355355355 1.0 0.400406942668 0.117857621324 
5.2952952953 1.0 -0.834866389361 -0.77059295105 
-3.29329329329 1.0 0.151119458915 0.0313723596883 
-4.45445445445 1.0 0.966918909573 0.177228842019 
-0.530530530531 1.0 -0.505991015532 -0.545819723989 
-7.95795795796 1.0 -0.994599330244 -0.290905925959 
4.31431431431 1.0 -0.921809046742 -1.02624878237 
0.850850850851 1.0 0.75184168035 0.762203202341 
4.77477477477 1.0 -0.998054637396 -1.04997166245 
-8.33833833834 1.0 -0.884974675839 -0.314749945373 
3.91391391391 1.0 -0.69779981921 -0.78857912556 
-2.11211211211 1.0 -0.857031446499 -0.662961662649 
3.55355355355 1.0 -0.400406942668 -0.44842342197 
-3.09309309309 1.0 -0.0484805492288 -0.0592035621378 
3.75375375375 1.0 -0.574637462441 -0.648180197204 
9.67967967968 1.0 -0.252150304413 -0.00695101316078 
1.63163163163 1.0 0.998150103477 0.977498125603 
1.61161161161 1.0 0.999167171889 0.978952047231 
1.93193193193 1.0 0.935496175869 0.914127896787 
-5.37537537538 1.0 0.788157702332 0.0416392216515 
8.77877877878 1.0 0.601996584369 0.294056535699 
8.45845845846 1.0 0.822799547447 0.392807430356 
-4.17417417417 1.0 0.858625146533 0.190839153026 
9.6996996997 1.0 -0.271471615699 -0.0134778350518 
7.47747747748 1.0 0.929955638285 0.557483282187 
8.37837837838 1.0 0.865626143701 0.41546005728 
4.09409409409 1.0 -0.81486800406 -0.91805654244 
8.67867867868 1.0 0.678779469621 0.326053420217 
-9.23923923924 1.0 -0.184476035731 -0.354416988649 
5.13513513514 1.0 -0.911965725448 -0.885077017181 
7.95795795796 1.0 0.994599330244 0.513191004991 
-0.650650650651 1.0 -0.605704250039 -0.643365250711 
-1.99199199199 1.0 -0.912600742763 -0.729162218905 
4.61461461461 1.0 -0.995223893414 -1.0733755772 
2.23223223223 1.0 0.789111039566 0.777402784601 
5.21521521522 1.0 -0.87622408965 -0.830452471503 
-1.61161161161 1.0 -0.999167171889 -0.879791763251 
6.17617617618 1.0 -0.106805021793 0.0187477413602 
-7.6976976977 1.0 -0.987812502254 -0.271516829393 
6.4964964965 1.0 0.211697196671 0.256180208194 
-6.57657657658 1.0 -0.289200237681 -0.152477770283 
-7.73773773774 1.0 -0.993251282848 -0.274676656555 
-6.47647647648 1.0 -0.19208980849 -0.138706675629 
-3.79379379379 1.0 0.606937230307 0.166536993501 
3.41341341341 1.0 -0.268485788917 -0.298811921916 
0.15015015015 1.0 0.149586594914 0.147890993535 
2.91291291291 1.0 0.226691833081 0.233994303327 
3.39339339339 1.0 -0.249148316352 -0.277088164378 
-6.65665665666 1.0 -0.36484968073 -0.163110732707 
-1.45145145145 1.0 -0.992886849216 -0.908053953488 
3.71371371371 1.0 -0.541416556108 -0.610056845012 
6.5965965966 1.0 0.308305540605 0.316777857059 
-4.11411411411 1.0 0.826308470068 0.190687251503 
-8.51851851852 1.0 -0.787202470352 -0.32439991017 
-6.25625625626 1.0 0.0269257963344 -0.106566909635 
2.51251251251 1.0 0.588401237484 0.589541527547 
8.25825825826 1.0 0.919387180273 0.447375566388 
-3.15315315315 1.0 0.0115602420643 -0.0299322231034 
2.73273273273 1.0 0.397563478837 0.405296011334 
-8.65865865866 1.0 -0.693344009372 -0.331253122242 
8.87887887888 1.0 0.519186710331 0.261327172164 
2.57257257257 1.0 0.53880679503 0.542301572793 
4.11411411411 1.0 -0.826308470068 -0.930291290992 
-7.17717717718 1.0 -0.779578080518 -0.223980202586 
-5.53553553554 1.0 0.679917243139 0.0133261631972 
-1.59159159159 1.0 -0.999783786273 -0.884611851392 
-1.75175175175 1.0 -0.983672194447 -0.83659279375 
3.51351351351 1.0 -0.363405633971 -0.406242243795 
-4.13413413413 1.0 0.837417761709 0.190874371985 
8.75875875876 1.0 0.617860839267 0.300520975548 
-9.93993993994 1.0 0.492675811867 -0.373624160831 
-6.97697697698 1.0 -0.639456909771 -0.202234932198 
7.65765765766 1.0 0.980790267476 0.551721110594 
-0.31031031031 1.0 -0.305354140677 -0.338819959509 
5.45545545546 1.0 -0.736397402892 -0.638033962135 
-4.97497497497 1.0 0.965721938658 0.110054662295 
-4.65465465465 1.0 0.998333836705 0.156200284851 
-5.91591591592 1.0 0.359068265792 -0.0522879232152 
9.15915915916 1.0 0.26250641876 0.167367394286 
-7.25725725726 1.0 -0.827180739833 -0.232117290295 
-3.91391391391 1.0 0.69779981921 0.180584155475 
-1.39139139139 1.0 -0.983950052752 -0.912285828298 
-9.81981981982 1.0 0.384846824231 -0.370875805757 
-4.51451451451 1.0 0.980486642048 0.171744981678 
-3.45345345345 1.0 0.306830209454 0.0888508408508 
6.7967967968 1.0 0.491325964149 0.416812289773 
0.11011011011 1.0 0.109887744787 0.105541346329 
1.87187187187 1.0 0.955018091318 0.932885525404 
9.4994994995 1.0 -0.0746520259067 0.0525831490353 
-2.07207207207 1.0 -0.876970223046 -0.685784989626 
5.7957957958 1.0 -0.468320967329 -0.324296144423 
-0.890890890891 1.0 -0.777632176518 -0.796519031174 
0.790790790791 1.0 0.710909644644 0.722856636719 
-2.17217217217 1.0 -0.824557973258 -0.627494690866 
-9.77977977978 1.0 0.347592070824 -0.369914679364 
-0.550550550551 1.0 -0.523156507537 -0.562936215579 
-6.4964964965 1.0 -0.211697196671 -0.141503371791 
-0.41041041041 1.0 -0.398985690337 -0.436762698906 
-1.35135135135 1.0 -0.97601842181 -0.913070315945 
6.37637637638 1.0 0.0930562402792 0.17451893936 
4.81481481481 1.0 -0.994759058541 -1.03902532735 
8.1981981982 1.0 0.941340119153 0.46227051951 
9.1991991992 1.0 0.223670498102 0.153813646254 
-6.15615615616 1.0 0.126687794244 -0.0911512743714 
-2.83283283283 1.0 -0.303877337824 -0.20413753372 
0.650650650651 1.0 0.605704250039 0.619675251261 
9.3993993994 1.0 0.0253758371902 0.0861465119428 
-3.61361361361 1.0 0.454687183165 0.132744645233 
-6.55655655656 1.0 -0.269979026825 -0.149766113782 
5.67567567568 1.0 -0.570824460166 -0.437432795583 
5.3953953954 1.0 -0.775678794758 -0.689486806674 
-9.0990990991 1.0 -0.319952035985 -0.349521392356 
-7.91791791792 1.0 -0.997956771974 -0.288095563601 
5.23523523524 1.0 -0.866401418913 -0.815951561622 
-8.37837837838 1.0 -0.865626143701 -0.316979742109 
4.73473473473 1.0 -0.99975034402 -1.05891186926 
-3.13313313313 1.0 -0.00845941955823 -0.0394962012804 
-3.87387387387 1.0 0.668567805308 0.176612632943 
2.05205205205 1.0 0.886414355831 0.867864481092 
9.37937937938 1.0 0.0453829883483 0.0928890523727 
6.3963963964 1.0 0.112969411094 0.18878310468 
9.63963963964 1.0 -0.213212289782 0.00616022607011 
8.97897897898 1.0 0.431178912314 0.228058113792 
-4.39439439439 1.0 0.949864345085 0.181901217565 
3.01301301301 1.0 0.128225638051 0.132306661014 
3.69369369369 1.0 -0.524477262156 -0.590608086222 
2.21221221221 1.0 0.801249393857 0.788665817198 
-0.17017017017 1.0 -0.169350063744 -0.194063195602 
-3.33333333333 1.0 0.190567962875 0.0470184363197 
3.65365365365 1.0 -0.489974935275 -0.550999198301 
-4.71471471471 1.0 0.999997295481 0.148524903631 
1.71171171171 1.0 0.990087845702 0.968149861392 
6.57657657658 1.0 0.289200237681 0.305215378649 
3.67367367367 1.0 -0.507327764109 -0.570917982106 
-3.41341341341 1.0 0.268485788917 0.0757604553644 
-7.75775775776 1.0 -0.995374053792 -0.276231795558 
-2.59259259259 1.0 -0.521834495241 -0.356595187908 
9.61961961962 1.0 -0.193611192318 0.0127433387609 
9.07907907908 1.0 0.338854295004 0.194425890381 
-6.13613613614 1.0 0.146519791772 -0.0880104920858 
-1.13113113113 1.0 -0.904894218889 -0.886779120134 
2.55255255255 1.0 0.555563147622 0.558308569758 
8.81881881882 1.0 0.569550710787 0.281041517984 
-4.63463463463 1.0 0.996978653508 0.158633424541 
9.01901901902 1.0 0.39471619201 0.214639445612 
-4.57457457457 1.0 0.990518615549 0.165523009346 
-0.770770770771 1.0 -0.69668837635 -0.727417854135 
9.41941941942 1.0 0.00535851570584 0.0794127772844 
-6.45645645646 1.0 -0.172405433055 -0.135888844972 
-2.15215215215 1.0 -0.835718856574 -0.639470065637 
3.53353353353 1.0 -0.381982835353 -0.427402129385 
-3.01301301301 1.0 -0.128225638051 -0.100842872969 
-8.23823823824 1.0 -0.927077365617 -0.308952211655 
9.77977977978 1.0 -0.347592070824 -0.039378681292 
0.990990990991 1.0 0.836569314705 0.841921020419 
3.49349349349 1.0 -0.34468278404 -0.384956628531 
-9.31931931932 1.0 -0.105263273301 -0.357038314142 
-5.75575575576 1.0 0.503313872361 -0.0251306521397 
-9.53953953954 1.0 0.114509838728 -0.363637607012 
-4.87487487487 1.0 0.986828185163 0.125699327891 
1.81181181181 1.0 0.971096090611 0.94865479858 
1.35135135135 1.0 0.97601842181 0.964855949033 
-6.07607607608 1.0 0.205631771434 -0.078476893423 
-5.13513513514 1.0 0.911965725448 0.0834907716301 
-1.31131131131 1.0 -0.966522242485 -0.912184904096 
2.15215215215 1.0 0.835718856574 0.820656887468 
-7.57757757758 1.0 -0.96204298189 -0.261631604521 
1.15115115115 1.0 0.91323356617 0.911406718362 
3.09309309309 1.0 0.0484805492288 0.0483349956277 
7.4974974975 1.0 0.93712958481 0.557585195696 
6.27627627628 1.0 -0.00690897593668 0.0994905121912 
-5.8958958959 1.0 0.377679973455 -0.0489419198878 
-8.75875875876 1.0 -0.617860839267 -0.33582265627 
-1.79179179179 1.0 -0.975679725882 -0.821404947181 
-9.8998998999 1.0 0.45744688336 -0.372730031996 
4.79479479479 1.0 -0.996606561851 -1.04474688388 
-5.6956956957 1.0 0.554273288059 -0.0147445933206 
2.53253253253 1.0 0.572096837274 0.574056179709 
5.37537537538 1.0 -0.788157702332 -0.706204746699 
-0.690690690691 1.0 -0.637069722791 -0.672965337864 
1.11111111111 1.0 0.89619220103 0.896243751125 
-3.47347347347 1.0 0.325821789448 0.0950761391605 
4.15415415415 1.0 -0.848191426515 -0.953372252556 
-4.05405405405 1.0 0.791012020637 0.189270241674 
8.93893893894 1.0 0.466950456861 0.24141884827 
6.33633633634 1.0 0.0531260071326 0.145235605326 
-6.27627627628 1.0 0.00690897593668 -0.109591017969 
-1.95195195195 1.0 -0.928235370545 -0.749586618749 
7.77777777778 1.0 0.997097890944 0.54021844179 
-5.77577577578 1.0 0.485914794209 -0.0285706300689 
8.05805805806 1.0 0.979248576653 0.493811227369 
1.21121121121 1.0 0.936042896216 0.931361879111 
2.67267267267 1.0 0.451923110669 0.458485236044 
-3.71371371371 1.0 0.541416556108 0.153480374326 
-1.81181181181 1.0 -0.971096090611 -0.813370763689 
0.39039039039 1.0 0.380549461752 0.390879480102 
5.55555555556 1.0 -0.665101514979 -0.548682778261 
-2.09209209209 1.0 -0.867174611281 -0.674461035469 
9.27927927928 1.0 0.144985860003 0.126701769785 
1.49149149149 1.0 0.996857019318 0.980128381829 
5.15515515516 1.0 -0.903569980268 -0.871948493013 
-3.51351351351 1.0 0.363405633971 0.106889304261 
7.83783783784 1.0 0.999869691753 0.532429059683 
3.25325325325 1.0 -0.111428711879 -0.124283751246 
-2.63263263263 1.0 -0.487269347053 -0.330445442698 
-4.55455455455 1.0 0.987569983594 0.1676745993 
3.07307307307 1.0 0.0684659772958 0.0695147663695 
7.6976976977 1.0 0.987812502254 0.548520290834 
4.59459459459 1.0 -0.993070259711 -1.07395197904 
-10.0 1.0 0.544021110889 -0.374925530002 
-9.87987987988 1.0 0.439553861488 -0.372274816729 
-3.65365365365 1.0 0.489974935275 0.141641828705 
-1.73173173173 1.0 -0.987077824457 -0.843732563874 
-0.0700700700701 1.0 -0.0700127456343 -0.0874398490997 
-5.97597597598 1.0 0.302399804444 -0.0622330475411 
3.87387387387 1.0 -0.668567805308 -0.755480382052 
0.670670670671 1.0 0.62151153354 0.635350817041 
7.1971971972 1.0 0.791959659904 0.53392762265 
-8.2982982983 1.0 -0.902904601864 -0.312469610946 
7.87787787788 1.0 0.99971449835 0.526538376399 
0.930930930931 1.0 0.802176135594 0.809870526331 
-5.0950950951 1.0 0.927657483133 0.0902720101254 
-6.83683683684 1.0 -0.525796755923 -0.18578505732 
2.47247247247 1.0 0.620296125676 0.619714481027 
-1.93193193193 1.0 -0.935496175869 -0.759455039631 
-7.0970970971 1.0 -0.726978798959 -0.215525587419 
7.31731731732 1.0 0.859418901282 0.549314652695 
-5.43543543544 1.0 0.749793457774 0.0310210260804 
-0.830830830831 1.0 -0.738491823944 -0.763906850216 
-2.97297297297 1.0 -0.167821766571 -0.12271339112 
0.29029029029 1.0 0.286230381945 0.292468544524 
-6.1961961962 1.0 0.0868794431893 -0.0973758036992 
3.85385385385 1.0 -0.653546911213 -0.738402471818 
7.55755755756 1.0 0.956387136503 0.556744667475 
7.43743743744 1.0 0.914492625181 0.556686449715 
7.3973973974 1.0 0.897563688968 0.555076908548 
-6.77677677678 1.0 -0.473791717778 -0.178418746083 
-3.49349349349 1.0 0.34468278404 0.101088747233 
-9.05905905906 1.0 -0.357620745349 -0.348047098722 
0.23023023023 1.0 0.228201684929 0.231325661406 
8.3983983984 1.0 0.855429505195 0.409892321903 
2.81281281281 1.0 0.322888465175 0.331220750385 
6.47647647648 1.0 0.19208980849 0.243234731133 
