-9.85985985986 1.0 0.421484671785 0.410673384815 
6.35635635636 1.0 0.0731057736575 0.0362042701748 
-2.81281281281 1.0 -0.322888465175 -0.351656451803 
-2.95295295295 1.0 -0.187522900919 -0.154839874337 
1.89189189189 1.0 0.948890220341 0.95037664324 
4.67467467467 1.0 -0.999288899866 -1.0131703599 
-6.3963963964 1.0 -0.112969411094 -0.111219601265 
-5.4954954955 1.0 0.708725363073 0.703976291383 
-8.7987987988 1.0 -0.585891056576 -0.57574586325 
-9.55955955956 1.0 0.13437389375 0.119766378723 
-8.53853853854 1.0 -0.774699305584 -0.761907881888 
-6.53653653654 1.0 -0.250649611665 -0.256211955601 
7.33733733734 1.0 0.869481672757 0.797138006209 
6.83683683684 1.0 0.525796755923 0.494233722963 
1.45145145145 1.0 0.992886849216 0.989738431285 
-7.71771771772 1.0 -0.990730428893 -1.00829991637 
1.65165165165 1.0 0.996732988666 0.994850280292 
-0.0900900900901 1.0 -0.0899682743046 -0.0892259277318 
1.23123123123 1.0 0.942899611382 0.939744292051 
3.59359359359 1.0 -0.436766402789 -0.445636301149 
0.870870870871 1.0 0.764890207772 0.763649030269 
-7.63763763764 1.0 -0.976688773762 -0.998111515772 
0.37037037037 1.0 0.361960713579 0.364653456766 
9.35935935936 1.0 0.0653719505576 0.00513602945388 
3.13313313313 1.0 0.00845941955822 0.0131959725662 
7.81781781782 1.0 0.999346160464 0.865325623499 
-1.17117117117 1.0 -0.921206900567 -1.04196737878 
-2.37237237237 1.0 -0.695575258639 -0.891255165462 
-6.33633633634 1.0 -0.0531260071326 -0.0487121919979 
8.07807807808 1.0 0.974995298193 0.816842022102 
-7.81781781782 1.0 -0.999346160464 -1.01176061594 
-4.29429429429 1.0 0.913864194148 1.00481567651 
-4.77477477477 1.0 0.998054637396 1.00658021717 
-5.7957957958 1.0 0.468320967329 0.47538045618 
-8.6986986987 1.0 -0.66394288333 -0.651994711927 
8.23823823824 1.0 0.927077365617 0.761350620789 
-0.13013013013 1.0 -0.1297631736 -0.129969238415 
0.13013013013 1.0 0.1297631736 0.133007106722 
-8.61861861862 1.0 -0.721633711464 -0.70893347802 
-7.07707707708 1.0 -0.713087090062 -0.743628056138 
8.91891891892 1.0 0.484559073218 0.358881600461 
2.29229229229 1.0 0.750818471552 0.760509309948 
-8.87887887888 1.0 -0.519186710331 -0.51109515288 
8.95895895896 1.0 0.449154692451 0.328863950652 
-0.19019019019 1.0 -0.189045659132 -0.191035214156 
-4.33433433433 1.0 0.929384449502 1.01185067173 
-0.39039039039 1.0 -0.380549461752 -0.39222588796 
-4.53453453453 1.0 0.984225545624 1.02753069893 
4.47447447447 1.0 -0.971831589603 -0.982673277881 
-8.15815815816 1.0 -0.9540939133 -0.949912981331 
4.19419419419 1.0 -0.868714740054 -0.879686894125 
4.91491491491 1.0 -0.979561626072 -1.00156877736 
-5.5955955956 1.0 0.634676409709 0.634124837695 
-9.03903903904 1.0 -0.376243865658 -0.373509875014 
-1.05105105105 1.0 -0.867945718946 -0.964987634693 
-0.870870870871 1.0 -0.764890207772 -0.830245004553 
5.11511511512 1.0 -0.919995965877 -0.951616782552 
-8.55855855856 1.0 -0.761885650774 -0.749053536057 
2.27227227227 1.0 0.763890524376 0.77319065615 
3.15315315315 1.0 -0.0115602420643 -0.00745931297357 
3.99399399399 1.0 -0.752863081707 -0.764821817972 
-8.3983983984 1.0 -0.855429505195 -0.844120416958 
-4.89489489489 1.0 0.983391971377 0.980820695499 
7.11711711712 1.0 0.740579143612 0.691911735186 
0.830830830831 1.0 0.738491823944 0.737550289172 
-1.55155155155 1.0 -0.999814825028 -1.19800709663 
0.03003003003 1.0 0.0300255167065 0.0326276210536 
8.73873873874 1.0 0.633477463068 0.486813127156 
-8.8988988989 1.0 -0.501973484202 -0.494469615668 
-9.51951951952 1.0 0.094599889559 0.080668379216 
-9.41941941942 1.0 -0.00535851570584 -0.0168013620021 
-6.23623623624 1.0 0.046931825201 0.0548962989796 
3.77377377377 1.0 -0.590905760288 -0.60238342241 
-6.8968968969 1.0 -0.575905704393 -0.600672930251 
-4.83483483483 1.0 0.99251286792 0.99494786926 
0.21021021021 1.0 0.208665487323 0.211983556762 
-1.77177177177 1.0 -0.979872320608 -1.21206288254 
-8.67867867868 1.0 -0.678779469621 -0.666583290461 
0.970970970971 1.0 0.825434213842 0.823502513838 
-1.71171171171 1.0 -0.990087845702 -1.21460257471 
-0.49049049049 1.0 -0.471058607419 -0.490125893602 
6.01601601602 1.0 -0.264002216892 -0.31424324306 
-8.77877877878 1.0 -0.601996584369 -0.591418994973 
7.7977977978 1.0 0.998422103411 0.86672680947 
-0.670670670671 1.0 -0.62151153354 -0.658818104225 
0.950950950951 1.0 0.813968289004 0.812167184057 
-8.11811811812 1.0 -0.965318303844 -0.9628046994 
-9.57957957958 1.0 0.154184093352 0.13931963453 
7.25725725726 1.0 0.827180739833 0.764265981762 
-4.75475475475 1.0 0.999102704803 1.00989926584 
-2.77277277277 1.0 -0.360514923027 -0.407004466671 
3.17317317317 1.0 -0.0315752704827 -0.0281188540343 
-2.49249249249 1.0 -0.604469813648 -0.763617459275 
-3.31331331331 1.0 0.170877953796 0.327312211712 
-3.77377377377 1.0 0.590905760288 0.775403453552 
-5.73573573574 1.0 0.520511228445 0.525555897291 
-3.89389389389 1.0 0.683320745574 0.853094432993 
-5.33533533534 1.0 0.812162990678 0.801825697907 
-9.45945945946 1.0 0.034674546587 0.022114806169 
-5.41541541542 1.0 0.762889004574 0.75506597382 
-7.67767767768 1.0 -0.984498672401 -1.00403603097 
-3.93393393393 1.0 0.711999223182 0.875482243281 
-9.17917917918 1.0 -0.243137181641 -0.245861429042 
9.71971971972 1.0 -0.290684124469 -0.307348751719 
-7.8978978979 1.0 -0.999035835857 -1.00724199254 
1.51151151151 1.0 0.998243169988 0.995332634621 
-8.27827827828 1.0 -0.911328515751 -0.902912720522 
6.87687687688 1.0 0.559424700424 0.526440793215 
4.45445445445 1.0 -0.966918909573 -0.977630866539 
-0.01001001001 1.0 -0.0100098428432 -0.00787860129796 
-1.11111111111 1.0 -0.89619220103 -1.00489064901 
-3.99399399399 1.0 0.752863081707 0.905883684632 
-4.09409409409 1.0 0.81486800406 0.948374359343 
0.0500500500501 1.0 0.0500291567086 0.0528172745394 
7.15715715716 1.0 0.766884055736 0.714482803397 
-2.93293293293 1.0 -0.207148878373 -0.18305920897 
-6.93693693694 1.0 -0.608168751487 -0.634550838091 
7.57757757758 1.0 0.96204298189 0.858400649849 
4.33433433433 1.0 -0.929384449502 -0.939848013734 
-6.21621621622 1.0 0.066919044364 0.0754414376883 
8.57857857858 1.0 0.748766641479 0.589090572425 
8.0980980981 1.0 0.970351253498 0.810911858874 
1.53153153153 1.0 0.999229236959 0.99642400489 
8.998998999 1.0 0.413030320922 0.298332588161 
6.41641641642 1.0 0.132837305145 0.0982242831926 
-6.61661661662 1.0 -0.327287278425 -0.337400517385 
7.67767767768 1.0 0.984498672401 0.86767989257 
6.996996997 1.0 0.654719669029 0.615400551652 
5.05505505506 1.0 -0.941862214566 -0.970436241938 
-3.03303303303 1.0 -0.108346513523 -0.0424869646115 
-5.63563563564 1.0 0.603233924101 0.60436134866 
-6.6966966967 1.0 -0.401827232414 -0.416499361258 
-8.43843843844 1.0 -0.834011915114 -0.822066198287 
-0.33033033033 1.0 -0.32435551719 -0.332457806445 
-7.01701701702 1.0 -0.669720024621 -0.698782325723 
5.87587587588 1.0 -0.396140311588 -0.449545437695 
-5.57557557558 1.0 0.650019222236 0.64861977973 
-4.49449449449 1.0 0.976354771373 1.0269024706 
0.570570570571 1.0 0.540112324789 0.541299944535 
8.11811811812 1.0 0.965318303844 0.804686329679 
9.25925925926 1.0 0.164763965562 0.0893372197686 
-5.01501501502 1.0 0.954557149695 0.945142008763 
-4.01401401401 1.0 0.765888052358 0.9151872176 
-4.31431431431 1.0 0.921809046742 1.00850245781 
9.83983983984 1.0 -0.403246556161 -0.412637212415 
1.77177177177 1.0 0.979872320608 0.979427943534 
-3.83383383383 1.0 0.63826408348 0.816249809224 
4.41441441441 1.0 -0.955933085822 -0.966467114263 
-6.63663663664 1.0 -0.346137843492 -0.357398359095 
-8.5985985986 1.0 -0.735347535638 -0.722561349849 
-0.810810810811 1.0 -0.724845989014 -0.780939271705 
-2.33233233233 1.0 -0.723776968945 -0.929528141692 
3.37337337337 1.0 -0.229710988177 -0.232768907118 
4.69469469469 1.0 -0.999843460211 -1.01421724269 
5.01501501502 1.0 -0.954557149695 -0.981160150011 
-6.996996997 1.0 -0.654719669029 -0.68318500853 
2.39239239239 1.0 0.681053382124 0.692499886845 
-3.53353353353 1.0 0.381982835353 0.570909372871 
-4.73473473473 1.0 0.99975034402 1.01293733525 
-6.81681681682 1.0 -0.508663293061 -0.529734587376 
-1.69169169169 1.0 -0.992701051804 -1.21435343391 
5.03503503504 1.0 -0.948399735659 -0.97598076184 
3.03303303303 1.0 0.108346513523 0.116064506466 
-4.61461461461 1.0 0.995223893414 1.02518739774 
5.75575575576 1.0 -0.503313872361 -0.557482138701 
-3.97397397397 1.0 0.739536372707 0.896168050267 
1.67167167167 1.0 0.994916395419 0.993237415096 
-7.45745745746 1.0 -0.922408976872 -0.95080791375 
5.07507507508 1.0 -0.934947206573 -0.964527042256 
6.13613613614 1.0 -0.146519791772 -0.19254358931 
-7.15715715716 1.0 -0.766884055736 -0.798631389626 
6.97697697698 1.0 0.639456909771 0.601408373864 
3.89389389389 1.0 -0.683320745574 -0.695375139423 
-4.25425425425 1.0 0.896879023055 0.99640984362 
7.27727727728 1.0 0.838264195546 0.773067384674 
1.69169169169 1.0 0.992701051804 0.991240279401 
9.0990990991 1.0 0.319952035985 0.219946585022 
-4.91491491491 1.0 0.979561626072 0.975560318959 
-3.69369369369 1.0 0.524477262156 0.714586966598 
-1.57157157157 1.0 -0.999999699498 -1.20185446047 
3.11311311311 1.0 0.0284756907485 0.0338371247765 
9.51951951952 1.0 -0.094599889559 -0.132485204194 
-3.57357357357 1.0 0.41867057176 0.609575238527 
-1.15115115115 1.0 -0.91323356617 -1.02993469297 
-4.15415415415 1.0 0.848191426515 0.969170074419 
-7.1971971972 1.0 -0.791959659904 -0.823971784008 
5.995995996 1.0 -0.2832577738 -0.334082905015 
8.35835835836 1.0 0.875475849797 0.708378382931 
0.01001001001 1.0 0.0100098428432 0.0123935943051 
8.85885885886 1.0 0.536191852752 0.402880746186 
-5.61561561562 1.0 0.61907922661 0.619371299143 
1.07107107107 1.0 0.877714248189 0.875196965558 
-1.47147147147 1.0 -0.995071340501 -1.17785978052 
1.99199199199 1.0 0.912600742763 0.916005806396 
9.43943943944 1.0 -0.0146609534063 -0.0633063864512 
-6.5965965966 1.0 -0.308305540605 -0.31727198903 
-7.7977977978 1.0 -0.998422103411 -1.01188485346 
3.33333333333 1.0 -0.190567962875 -0.19235859402 
-0.850850850851 1.0 -0.75184168035 -0.814031347616 
6.73673673674 1.0 0.438160658811 0.408671921328 
-1.23123123123 1.0 -0.942899611382 -1.07601888792 
2.61261261261 1.0 0.504653050544 0.518151867494 
-7.3973973974 1.0 -0.897563688968 -0.927566783884 
-0.510510510511 1.0 -0.488622728493 -0.509395461493 
1.55155155155 1.0 0.999814825028 0.997128379685 
-9.5995995996 1.0 0.173932497848 0.158869438228 
-9.35935935936 1.0 -0.0653719505576 -0.0748958949852 
8.51851851852 1.0 0.787202470352 0.62424692779 
2.59259259259 1.0 0.521834495241 0.535277720317 
6.67667667668 1.0 0.38341529066 0.354208982633 
2.03203203203 1.0 0.895503224543 0.89973292282 
7.01701701702 1.0 0.669720024621 0.629046029295 
1.59159159159 1.0 0.999783786273 0.997376325954 
-8.81881881882 1.0 -0.569550710787 -0.55987159398 
7.75775775776 1.0 0.995374053792 0.868476566012 
6.63663663664 1.0 0.346137843492 0.316750235762 
-4.07407407407 1.0 0.803100948886 0.940672105232 
-2.79279279279 1.0 -0.341770182763 -0.379411685683 
-7.55755755756 1.0 -0.956387136503 -0.981258772338 
-7.35735735736 1.0 -0.879195966573 -0.910027292464 
-5.21521521522 1.0 0.87622408965 0.863778231697 
5.83583583584 1.0 -0.432577348176 -0.486450071708 
-9.13913913914 1.0 -0.281770446506 -0.282906436157 
4.85485485485 1.0 -0.989868890237 -1.00941651593 
-2.61261261261 1.0 -0.504653050544 -0.619113769719 
0.810810810811 1.0 0.724845989014 0.724058492768 
-1.49149149149 1.0 -0.996857019318 -1.18359461834 
-3.25325325325 1.0 0.111428711879 0.252681167996 
-3.59359359359 1.0 0.436766402789 0.628225717026 
8.47847847848 1.0 0.811257411747 0.646630946085 
-1.91191191191 1.0 -0.942382045726 -1.1861427514 
9.53953953954 1.0 -0.114509838728 -0.149871242566 
-0.45045045045 1.0 -0.435371096772 -0.451258468778 
-2.29229229229 1.0 -0.750818471552 -0.965521460303 
-3.19319319319 1.0 0.0515776439174 0.175135312076 
-7.37737737738 1.0 -0.888557889358 -0.919000180845 
6.15615615616 1.0 -0.126687794244 -0.171916843872 
-8.0980980981 1.0 -0.970351253498 -0.968712763534 
1.43143143143 1.0 0.99030442098 0.987101649559 
-8.93893893894 1.0 -0.466950456861 -0.460700696487 
-2.87287287287 1.0 -0.265497380359 -0.26765589706 
-0.47047047047 1.0 -0.453305691794 -0.470744907188 
-5.3953953954 1.0 0.775678794758 0.767163595557 
1.01101101101 1.0 0.84736912878 0.84518900745 
0.630630630631 1.0 0.589654207656 0.590338951454 
8.55855855856 1.0 0.761885650774 0.601014831712 
-5.03503503504 1.0 0.948399735659 0.938236726393 
0.41041041041 1.0 0.398985690337 0.401417435947 
4.29429429429 1.0 -0.913864194148 -0.924409175007 
8.63863863864 1.0 0.707630665292 0.552131823159 
8.71871871872 1.0 0.648840196822 0.500230978818 
-3.07307307307 1.0 -0.0684659772958 0.0130573283564 
-5.65565565566 1.0 0.587146852786 0.589097365575 
-6.0960960961 1.0 0.185999691898 0.196682399031 
-8.25825825826 1.0 -0.919387180273 -0.911589802954 
2.87287287287 1.0 0.265497380359 0.27692026348 
-9.4994994995 1.0 0.0746520259067 0.0611332040617 
-2.51251251251 1.0 -0.588401237484 -0.740612092367 
7.03703703704 1.0 0.684451964588 0.64233989251 
-2.21221221221 1.0 -0.801249393857 -1.03041889667 
1.17117117117 1.0 0.921206900567 0.918240161711 
2.07207207207 1.0 0.876970223046 0.882046007534 
1.03103103103 1.0 0.857829327634 0.855531842631 
-8.01801801802 1.0 -0.986576173517 -0.988675066949 
-9.33933933934 1.0 -0.0853347124856 -0.094165708144 
3.43343343343 1.0 -0.28771565565 -0.292582505891 
3.05305305305 1.0 0.0884239650333 0.0955776833769 
1.27127127127 1.0 0.955476737061 0.95223528891 
-3.05305305305 1.0 -0.0884239650333 -0.0146437644611 
-0.37037037037 1.0 -0.361960713579 -0.372377030988 
0.590590590591 1.0 0.556851671602 0.557872292653 
4.35435435435 1.0 -0.936587366299 -0.947036812652 
5.27527527528 1.0 -0.845718424022 -0.885536891535 
0.510510510511 1.0 0.488622728493 0.490301904297 
6.23623623624 1.0 -0.046931825201 -0.0888393104789 
-1.67167167167 1.0 -0.994916395419 -1.21356807744 
-6.31631631632 1.0 -0.0331249483513 -0.0279059770365 
0.33033033033 1.0 0.32435551719 0.327275970062 
-4.85485485485 1.0 0.989868890237 0.990515039818 
8.2982982983 1.0 0.902904601864 0.736015255919 
2.77277277277 1.0 0.360514923027 0.37335765246 
-1.01101101101 1.0 -0.84736912878 -0.936911749406 
-4.27427427427 1.0 0.905553075921 1.00078621248 
-0.610610610611 1.0 -0.573367839051 -0.603861830853 
-8.03803803804 1.0 -0.983109384216 -0.984241982578 
-4.99499499499 1.0 0.960331988856 0.951773636106 
-6.73673673674 1.0 -0.438160658811 -0.455049453476 
7.37737737738 1.0 0.888557889358 0.811234517954 
-1.29129129129 1.0 -0.961192106815 -1.10684211931 
-2.03203203203 1.0 -0.895503224543 -1.14056225176 
3.45345345345 1.0 -0.306830209454 -0.312269022207 
-8.05805805806 1.0 -0.979248576653 -0.97943494893 
4.87487487487 1.0 -0.986828185163 -1.00716727663 
3.63363363363 1.0 -0.472425730458 -0.482061317359 
-4.47447447447 1.0 0.971831589603 1.02612911378 
-7.93793793794 1.0 -0.996477739177 -1.00260307988 
4.93493493493 1.0 -0.975338684403 -0.998219619517 
-7.41741741742 1.0 -0.906209755988 -0.935724878089 
-5.23523523524 1.0 0.866401418913 0.854136737538 
-9.67967967968 1.0 0.252150304413 0.236942078703 
-8.45845845846 1.0 -0.822799547447 -0.810599082989 
5.41541541542 1.0 -0.762889004574 -0.809160998489 
-9.43943943944 1.0 0.0146609534063 0.00264144882789 
2.19219219219 1.0 0.813066617154 0.820718940425 
-2.55255255255 1.0 -0.555563147622 -0.693254161532 
-2.65265265265 1.0 -0.469690351946 -0.567840068852 
5.91591591592 1.0 -0.359068265792 -0.411801899091 
4.49449449449 1.0 -0.976354771373 -0.987355072228 
-9.1991991992 1.0 -0.223670498102 -0.227188345714 
8.7987987988 1.0 0.585891056576 0.445558262145 
0.25025025025 1.0 0.247646422081 0.250889008085 
-0.25025025025 1.0 -0.247646422081 -0.251898726659 
-2.89289289289 1.0 -0.246143932464 -0.239491122326 
-4.21421421421 1.0 0.878456163293 0.986599009514 
-7.11711711712 1.0 -0.740579143612 -0.77183507739 
2.11211211211 1.0 0.857031446499 0.862966096404 
6.45645645646 1.0 0.172405433055 0.13916728368 
0.690690690691 1.0 0.637069722791 0.637251878024 
-1.37137137137 1.0 -0.980180659514 -1.14256013244 
1.37137137137 1.0 0.980180659514 0.976884688993 
3.81381381381 1.0 -0.622725447279 -0.634491805443 
9.87987987988 1.0 -0.439553861488 -0.447661139549 
0.27027027027 1.0 0.266991905564 0.270173473996 
7.2972972973 1.0 0.849011685183 0.781480412542 
8.5985985986 1.0 0.735347535638 0.576966054521 
-6.75675675676 1.0 -0.456067581459 -0.474037876508 
-6.85685685686 1.0 -0.542719485852 -0.565710170253 
8.6986986987 1.0 0.66394288333 0.513475605003 
7.13713713714 1.0 0.753882673169 0.703384600552 
3.29329329329 1.0 -0.151119458915 -0.15161002133 
1.85185185185 1.0 0.960763202681 0.961555606193 
-7.21721721722 1.0 -0.804023831509 -0.836083115098 
5.71571571572 1.0 -0.537499969971 -0.591489816924 
6.71671671672 1.0 0.42007812671 0.390760337168 
-5.25525525526 1.0 0.856231505045 0.844221537738 
-7.85785785786 1.0 -0.999992487454 -1.01030112869 
4.57457457457 1.0 -0.990518615549 -1.00246366502 
2.97297297297 1.0 0.167821766571 0.177111027194 
-6.37637637638 1.0 -0.0930562402792 -0.0903795366545 
-9.3993993994 1.0 -0.0253758371902 -0.0362085840473 
-5.995995996 1.0 0.2832577738 0.294117366153 
-9.63963963964 1.0 0.213212289782 0.197940159662 
-2.69269269269 1.0 -0.433974744115 -0.515280173576 
-0.15015015015 1.0 -0.149586594914 -0.150337104532 
-2.67267267267 1.0 -0.451923110669 -0.541710217113 
4.39439439439 1.0 -0.949864345085 -0.960347390672 
6.1961961962 1.0 -0.0868794431893 -0.130469181221 
-8.35835835836 1.0 -0.875475849797 -0.86497037065 
-1.03103103103 1.0 -0.857829327634 -0.951092328818 
-2.25225225225 1.0 -0.776656419186 -0.999169299124 
0.43043043043 1.0 0.417262010319 0.419553075662 
-8.998998999 1.0 -0.413030320922 -0.408833719065 
2.17217217217 1.0 0.824557973258 0.831784061219 
-8.31831831832 1.0 -0.894118814814 -0.884579657225 
-8.95895895896 1.0 -0.449154692451 -0.443568106456 
-2.43243243243 1.0 -0.651196684992 -0.829748235406 
2.09209209209 1.0 0.867174611281 0.872678804017 
4.95495495495 1.0 -0.970724838874 -0.994503993185 
1.41141141141 1.0 0.987325090799 0.984079856918 
-3.67367367367 1.0 0.507327764109 0.698235786723 
2.41241241241 1.0 0.666258547712 0.678006913024 
2.71271271271 1.0 0.415852445773 0.429175368685 
-9.47947947948 1.0 0.054674242632 0.0416137098752 
-4.03403403403 1.0 0.778606064409 0.924083310709 
6.91691691692 1.0 0.592155892373 0.557405456022 
6.77677677678 1.0 0.473791717778 0.443721488977 
-0.21021021021 1.0 -0.208665487323 -0.211353495808 
0.49049049049 1.0 0.471058607419 0.472896679631 
7.35735735736 1.0 0.879195966573 0.804381514235 
0.45045045045 1.0 0.435371096772 0.437515814582 
4.63463463463 1.0 -0.996978653508 -1.00998114225 
-5.17517517518 1.0 0.894812095251 0.882240028738 
-4.37437437437 1.0 0.943414910292 1.01754729013 
9.85985985986 1.0 -0.421484671785 -0.430156792528 
4.53453453453 1.0 -0.984225545624 -0.995634227092 
-2.71271271271 1.0 -0.415852445773 -0.488571932519 
-2.75275275275 1.0 -0.379115173303 -0.434411052114 
-5.2952952953 1.0 0.834866389361 0.823570322251 
7.5975975976 1.0 0.967313252172 0.8610060437 
-2.57257257257 1.0 -0.53880679503 -0.668936132286 
8.15815815816 1.0 0.9540939133 0.791364837995 
7.91791791792 1.0 0.997956771974 0.853188681929 
-4.93493493493 1.0 0.975338684403 0.970025091759 
-4.19419419419 1.0 0.868714740054 0.981155629407 
4.89489489489 1.0 -0.983391971377 -1.00455135333 
1.95195195195 1.0 0.928235370545 0.930845075924 
-1.09109109109 1.0 -0.887131000257 -0.991893975441 
6.61661661662 1.0 0.327287278425 0.297705309405 
7.97797797798 1.0 0.992322298019 0.841926995814 
9.57957957958 1.0 -0.154184093352 -0.184731240271 
5.85585585586 1.0 -0.41444188151 -0.468106849687 
-5.83583583584 1.0 0.432577348176 0.44078760403 
0.17017017017 1.0 0.169350063744 0.172672462351 
0.0700700700701 1.0 0.0700127456343 0.0729563228674 
-0.970970970971 1.0 -0.825434213842 -0.907722894101 
3.61361361361 1.0 -0.454687183165 -0.463952867376 
-1.85185185185 1.0 -0.960763202681 -1.20076174342 
-9.83983983984 1.0 0.403246556161 0.391568324428 
2.35235235235 1.0 0.709818357066 0.720607763753 
2.25225225225 1.0 0.776656419186 0.78555594037 
-8.1981981982 1.0 -0.941340119153 -0.935612543557 
5.31531531532 1.0 -0.823679750423 -0.865453704896 
4.43443443443 1.0 -0.961618700226 -0.972228553353 
-7.13713713714 1.0 -0.753882673169 -0.785412503009 
-4.35435435435 1.0 0.936587366299 1.01486432093 
-4.81481481481 1.0 0.994759058541 0.999103560745 
-5.67567567568 1.0 0.570824460166 0.573581931025 
9.03903903904 1.0 0.376243865658 0.267316545295 
-6.67667667668 1.0 -0.38341529066 -0.396958538297 
5.17517517518 1.0 -0.894812095251 -0.92953210111 
-9.65965965966 1.0 0.232727934358 0.217451960399 
-1.63163163163 1.0 -0.998150103477 -1.21041767566 
-3.37337337337 1.0 0.229710988177 0.398668473278 
9.33933933934 1.0 0.0853347124856 0.0221074072841 
-7.51751751752 1.0 -0.943927941216 -0.970327447449 
4.55455455455 1.0 -0.987569983594 -0.999230422931 
-5.07507507508 1.0 0.934947206573 0.923605470513 
4.21421421421 1.0 -0.878456163293 -0.889325003501 
5.35535535536 1.0 -0.800320725902 -0.843970996462 
7.05705705706 1.0 0.698909584547 0.655277537274 
9.11911911912 1.0 0.30092154409 0.20394526734 
6.25625625626 1.0 -0.0269257963344 -0.0679851837988 
-6.2962962963 1.0 -0.0131106134944 -0.00713190008672 
7.21721721722 1.0 0.804023831509 0.745502909059 
-2.91291291291 1.0 -0.226691833081 -0.211284231722 
5.63563563564 1.0 -0.603233924101 -0.656220928112 
5.8958958959 1.0 -0.377679973455 -0.430774236039 
-5.55555555556 1.0 0.665101514979 0.662854128095 
-5.81581581582 1.0 0.450539443112 0.458195427038 
5.33533533534 1.0 -0.812162990678 -0.854886284484 
5.5955955956 1.0 -0.634676409709 -0.68685001145 
-5.93593593594 1.0 0.340312647942 0.35057860681 
-9.6996996997 1.0 0.271471615699 0.256406112079 
-7.61761761762 1.0 -0.972195835089 -0.994524461367 
-3.39339339339 1.0 0.249148316352 0.421673431725 
3.79379379379 1.0 -0.606937230307 -0.618571942476 
1.83183183183 1.0 0.96612325186 0.966586871578 
-3.73373373373 1.0 0.558138856901 0.74591013037 
5.1951951952 1.0 -0.885695580449 -0.921448809584 
-8.47847847848 1.0 -0.811257411747 -0.798844907872 
5.65565565566 1.0 -0.587146852786 -0.640463912123 
-7.27727727728 1.0 -0.838264195546 -0.870126490516 
-2.45245245245 1.0 -0.635873830576 -0.808200443288 
-6.91691691692 1.0 -0.592155892373 -0.617751854125 
-9.97997997998 1.0 0.527114985665 0.523863709646 
-9.7997997998 1.0 0.366292850383 0.353185595977 
8.17817817818 1.0 0.947906971008 0.784276749079 
4.05405405405 1.0 -0.791012020637 -0.802737363845 
-7.87787787788 1.0 -0.99971449835 -1.00897032233 
9.91991991992 1.0 -0.475156566095 -0.482613825367 
1.25125125125 1.0 0.949378423874 0.946175833381 
-1.87187187187 1.0 -0.955018091318 -1.19648274867 
1.73173173173 1.0 0.987077824457 0.986096761663 
-9.15915915916 1.0 -0.26250641876 -0.26443592306 
-5.47547547548 1.0 0.722706208904 0.717151774162 
-2.13213213213 1.0 -0.846544793956 -1.08557484887 
9.7997997998 1.0 -0.366292850383 -0.377562860732 
-1.89189189189 1.0 -0.948890220341 -1.19161138204 
-1.41141141141 1.0 -0.987325090799 -1.1579735255 
4.99499499499 1.0 -0.960331988856 -0.985974022378 
-1.19119119119 1.0 -0.928811026462 -1.05366396308 
-2.19219219219 1.0 -0.813066617154 -1.0451313321 
4.27427427427 1.0 -0.905553075921 -0.916161726864 
-6.51651651652 1.0 -0.231219739195 -0.235670541166 
-7.65765765766 1.0 -0.980790267476 -1.00128181022 
1.79179179179 1.0 0.975679725882 0.975524576365 
-0.790790790791 1.0 -0.710909644644 -0.764073962104 
-0.710710710711 1.0 -0.65237258226 -0.694635047508 
9.47947947948 1.0 -0.054674242632 -0.0978164718912 
5.47547547548 1.0 -0.722706208904 -0.771310919921 
-7.23723723724 1.0 -0.81576576016 -0.847815553629 
-1.43143143143 1.0 -0.99030442098 -1.16504134173 
-7.43743743744 1.0 -0.914492625181 -0.943472494413 
9.21921921922 1.0 0.204114170152 0.12251180463 
1.31131131131 1.0 0.966522242485 0.963229857312 
7.61761761762 1.0 0.972195835089 0.863234398636 
0.19019019019 1.0 0.189045659132 0.192375495581 
7.41741741742 1.0 0.906209755988 0.823769434391 
9.65965965966 1.0 -0.232727934358 -0.254718178172 
3.27327327327 1.0 -0.131300397197 -0.13113323497 
-0.630630630631 1.0 -0.589654207656 -0.622336445504 
6.21621621622 1.0 -0.066919044364 -0.109671216945 
1.97197197197 1.0 0.920602539794 0.923605810709 
0.550550550551 1.0 0.523156507537 0.524509893696 
0.0900900900901 1.0 0.0899682743046 0.0930385066349 
3.83383383383 1.0 -0.63826408348 -0.650137369781 
2.79279279279 1.0 0.341770182763 0.354390075074 
-1.27127127127 1.0 -0.955476737061 -1.09693909987 
4.07407407407 1.0 -0.803100948886 -0.814729117102 
0.770770770771 1.0 0.69668837635 0.696216355706 
4.75475475475 1.0 -0.999102704803 -1.01516380644 
-8.63863863864 1.0 -0.707630665292 -0.695057791701 
-5.1951951952 1.0 0.885695580449 0.87314599423 
4.71471471471 1.0 -0.999997295481 -1.01489860254 
-0.35035035035 1.0 -0.343226895963 -0.352452367839 
-9.27927927928 1.0 -0.144985860003 -0.151617421875 
-9.91991991992 1.0 0.475156566095 0.467598488865 
-1.51151151151 1.0 -0.998243169988 -1.18886935565 
-6.01601601602 1.0 0.264002216892 0.274944878627 
8.53853853854 1.0 0.774699305584 0.612734923378 
-1.21121121121 1.0 -0.936042896216 -1.06501697354 
-6.43643643644 1.0 -0.152651959622 -0.1528590395 
-6.17617617618 1.0 0.106805021793 0.116277965306 
2.63263263263 1.0 0.487269347053 0.500794166294 
-0.27027027027 1.0 -0.266991905564 -0.27211380081 
9.8998998999 1.0 -0.45744688336 -0.465147667844 
-0.930930930931 1.0 -0.802176135594 -0.877476777344 
-6.41641641642 1.0 -0.132837305145 -0.132049699017 
-3.43343343343 1.0 0.28771565565 0.466455793014 
5.73573573574 1.0 -0.520511228445 -0.574617524442 
2.37237237237 1.0 0.695575258639 0.706701662339 
8.65865865866 1.0 0.693344009372 0.539429870827 
-1.83183183183 1.0 -0.96612325186 -1.20445358788 
8.43843843844 1.0 0.834011915114 0.668135336313 
4.51451451451 1.0 -0.980486642048 -0.991675590809 
-3.35335335335 1.0 0.210181594637 0.375266429105 
-7.53753753754 1.0 -0.950347982805 -0.976001717425 
-8.85885885886 1.0 -0.536191852752 -0.527540900918 
2.69269269269 1.0 0.433974744115 0.447394778408 
9.45945945946 1.0 -0.034674546587 -0.0805400221122 
0.750750750751 1.0 0.682187883844 0.681876863408 
9.17917917918 1.0 0.243137181641 0.155356633098 
-5.11511511512 1.0 0.919995965877 0.907880075165 
7.0970970971 1.0 0.726978798959 0.680067295962 
3.73373373373 1.0 -0.558138856901 -0.56922407652 
0.710710710711 1.0 0.65237258226 0.652388908309 
7.17717717718 1.0 0.779578080518 0.7252035475 
-5.51551551552 1.0 0.694460468753 0.690533946924 
9.13913913914 1.0 0.281770446506 0.187844169025 
6.31631631632 1.0 0.0331249483513 -0.00540769590651 
5.81581581582 1.0 -0.450539443112 -0.504566961303 
9.95995995996 1.0 -0.509997599178 -0.517474990402 
-0.0500500500501 1.0 -0.0500291567086 -0.0485128172918 
-8.21821821822 1.0 -0.934395989648 -0.92794386132 
-6.71671671672 1.0 -0.42007812671 -0.435866495857 
-3.21321321321 1.0 0.0715593456609 0.201282895862 
5.95595595596 1.0 -0.32142063693 -0.373289679304 
6.8968968969 1.0 0.575905704393 0.542081852784 
-5.71571571572 1.0 0.537499969971 0.541808081487 
-8.17817817818 1.0 -0.947906971008 -0.942936909321 
-0.570570570571 1.0 -0.540112324789 -0.566475709509 
-6.95695695696 1.0 -0.623937863975 -0.651061446402 
2.45245245245 1.0 0.635873830576 0.648165985253 
-3.75375375375 1.0 0.574637462441 0.760884636839 
-9.11911911912 1.0 -0.30092154409 -0.301267564973 
6.95695695696 1.0 0.623937863975 0.587074721612 
7.07707707708 1.0 0.713087090062 0.667854668135 
4.37437437437 1.0 -0.943414910292 -0.953870294364 
1.91191191191 1.0 0.942382045726 0.944232582202 
3.97397397397 1.0 -0.739536372707 -0.75154776326 
7.45745745746 1.0 0.922408976872 0.834745746526 
9.97997997998 1.0 -0.527114985665 -0.534865065567 
0.530530530531 1.0 0.505991015532 0.507508434381 
2.01201201201 1.0 0.904233186475 0.908047376211 
6.85685685686 1.0 0.542719485852 0.510489055517 
-7.2972972973 1.0 -0.849011685183 -0.880697053959 
-4.95495495495 1.0 0.970724838874 0.964215381459 
-0.29029029029 1.0 -0.286230381945 -0.292282614591 
2.43243243243 1.0 0.651196684992 0.663227358244 
-1.97197197197 1.0 -0.920602539794 -1.16610981368 
4.65465465465 1.0 -0.998333836705 -1.01175822609 
6.81681681682 1.0 0.508663293061 0.477682180515 
6.0960960961 1.0 -0.185999691898 -0.233546468954 
3.21321321321 1.0 -0.0715593456609 -0.069411054392 
5.93593593594 1.0 -0.340312647942 -0.392637330768 
8.61861861862 1.0 0.721633711464 0.56464517594 
6.11611611612 1.0 -0.166293065952 -0.213090514019 
9.55955955956 1.0 -0.13437389375 -0.167287607693 
0.910910910911 1.0 0.790062479764 0.788534242861 
-9.73973973974 1.0 0.309780130585 0.295238643378 
1.33133133133 1.0 0.971465007816 0.968161324346 
4.13413413413 1.0 -0.837417761709 -0.848721986687 
8.31831831832 1.0 0.894118814814 0.727053363692 
-6.05605605606 1.0 0.225181436261 0.236113294132 
4.25425425425 1.0 -0.896879023055 -0.907564156748 
-0.03003003003 1.0 -0.0300255167065 -0.0281827886047 
7.53753753754 1.0 0.950347982805 0.852050649964 
6.6966966967 1.0 0.401827232414 0.372602909989 
-1.65165165165 1.0 -0.996732988666 -1.21225371307 
1.13113113113 1.0 0.904894218889 0.902088630192 
8.8988988989 1.0 0.501973484202 0.373688642456 
-0.910910910911 1.0 -0.790062479764 -0.86197442105 
1.19119119119 1.0 0.928811026462 0.92577399522 
5.4954954955 1.0 -0.708725363073 -0.75803294727 
8.41841841842 1.0 0.844890020967 0.678547774111 
2.49249249249 1.0 0.604469813648 0.617217584701 
9.73973973974 1.0 -0.309780130585 -0.324903607624 
-9.75975975976 1.0 0.328751980598 0.314598670534 
-8.91891891892 1.0 -0.484559073218 -0.47766966675 
-7.997997998 1.0 -0.989647555109 -0.992730886146 
0.47047047047 1.0 0.453305691794 0.455299170182 
-0.590590590591 1.0 -0.556851671602 -0.585239550492 
-8.57857857858 1.0 -0.748766641479 -0.735936369985 
-7.77777777778 1.0 -0.997097890944 -1.01160269072 
-0.750750750751 1.0 -0.682187883844 -0.729737225052 
-1.25125125125 1.0 -0.949378423874 -1.08666213568 
-2.39239239239 1.0 -0.681053382124 -0.871288022706 
-7.03703703704 1.0 -0.684451964588 -0.714060005502 
8.83883883884 1.0 0.552982096013 0.417258397364 
9.31931931932 1.0 0.105263273301 0.0390165400548 
-7.5975975976 1.0 -0.967313252172 -0.990520151566 
-9.61961961962 1.0 0.193611192318 0.178411142813 
4.01401401401 1.0 -0.765888052358 -0.777780440542 
6.03603603604 1.0 -0.244640851113 -0.294259404234 
-9.2992992993 1.0 -0.125149645879 -0.132531706464 
9.05905905906 1.0 0.357620745349 0.251635771864 
-1.07107107107 1.0 -0.877714248189 -0.978590568052 
-2.99299299299 1.0 -0.148053371305 -0.098512394354 
2.83283283283 1.0 0.303877337824 0.315958902832 
8.01801801802 1.0 0.986576173517 0.832821515234 
6.53653653654 1.0 0.250649611665 0.219664085281 
2.65265265265 1.0 0.469690351946 0.483211009619 
3.31331331331 1.0 -0.170877953796 -0.172021737233 
-9.37937937938 1.0 -0.0453829883483 -0.0555751350598 
-8.83883883884 1.0 -0.552982096013 -0.543801496869 
5.43543543544 1.0 -0.749793457774 -0.79687821063 
5.77577577578 1.0 -0.485914794209 -0.540090480487 
-5.05505505506 1.0 0.941862214566 0.931057867056 
-2.85285285285 1.0 -0.284744420138 -0.295754466397 
5.6956956957 1.0 -0.554273288059 -0.608092461444 
-5.87587587588 1.0 0.396140311588 0.405322472084 
7.93793793794 1.0 0.996477739177 0.849759254692 
2.75275275275 1.0 0.379115173303 0.392149445501 
-4.69469469469 1.0 0.999843460211 1.01816546811 
-6.7967967968 1.0 -0.491325964149 -0.511390418207 
8.4984984985 1.0 0.799390133963 0.635546915162 
6.43643643644 1.0 0.152651959622 0.118744007023 
7.73773773774 1.0 0.993251282848 0.868818878816 
-5.45545545546 1.0 0.736397402892 0.730059218441 
0.730730730731 1.0 0.667413978747 0.667265823838 
6.51651651652 1.0 0.231219739195 0.199742239572 
-4.67467467467 1.0 0.999288899866 1.02035269719 
4.23423423423 1.0 -0.887845512006 -0.898618023783 
6.07607607608 1.0 -0.205631771434 -0.253900458982 
0.610610610611 1.0 0.573367839051 0.574220692323 
5.61561561562 1.0 -0.61907922661 -0.671684711077 
-2.27227227227 1.0 -0.763890524376 -0.982642163867 
3.19319319319 1.0 -0.0515776439174 -0.0487727430978 
-7.47747747748 1.0 -0.929955638285 -0.957729662219 
-5.31531531532 1.0 0.823679750423 0.812834580536 
9.81981981982 1.0 -0.384846824231 -0.39510501799 
-2.53253253253 1.0 -0.572096837274 -0.717152029538 
-3.85385385385 1.0 0.653546911213 0.828971502101 
-4.41441441441 1.0 0.955933085822 1.02193611055 
-2.47247247247 1.0 -0.620296125676 -0.786152015775 
-8.13813813814 1.0 -0.959898466376 -0.956536854654 
-2.01201201201 1.0 -0.904233186475 -1.14969560335 
3.23323323323 1.0 -0.0915123672906 -0.0900238555123 
1.75175175175 1.0 0.983672194447 0.982952435021 
-2.05205205205 1.0 -0.886414355831 -1.13080873354 
4.17417417417 1.0 -0.858625146533 -0.869705622881 
0.31031031031 1.0 0.305354140677 0.308373458635 
1.29129129129 1.0 0.961192106815 0.957920597558 
-0.950950950951 1.0 -0.813968289004 -0.892728545148 
-5.35535535536 1.0 0.800320725902 0.790543972686 
-9.21921921922 1.0 -0.204114170152 -0.208422050837 
-8.07807807808 1.0 -0.974995298193 -0.974257375828 
-6.11611611612 1.0 0.166293065952 0.17676170439 
2.93293293293 1.0 0.207148878373 0.21737033987 
7.71771771772 1.0 0.990730428893 0.868802121851 
2.85285285285 1.0 0.284744420138 0.296511393416 
7.63763763764 1.0 0.976688773762 0.865087915052 
-0.43043043043 1.0 -0.417262010319 -0.431672529396 
3.95395395395 1.0 -0.725913266541 -0.737962022809 
7.8978978979 1.0 0.999035835857 0.856288798995 
7.85785785786 1.0 0.999992487454 0.861486879418 
4.83483483483 1.0 -0.99251286792 -1.0112990767 
5.53553553554 1.0 -0.679917243139 -0.730506278324 
-9.01901901902 1.0 -0.39471619201 -0.391242765222 
4.03403403403 1.0 -0.778606064409 -0.79042007758 
-4.79479479479 1.0 0.996606561851 1.00298131165 
-6.35635635636 1.0 -0.0731057736575 -0.0695402029345 
-3.11311311311 1.0 -0.0284756907485 0.0679490399591 
5.0950950951 1.0 -0.927657483133 -0.958253687879 
6.05605605606 1.0 -0.225181436261 -0.274141654791 
-3.81381381381 1.0 0.622725447279 0.803083306286 
3.57357357357 1.0 -0.41867057176 -0.427119386312 
7.51751751752 1.0 0.943927941216 0.848302370103 
-8.73873873874 1.0 -0.633477463068 -0.622140712525 
-7.97797797798 1.0 -0.992322298019 -0.996406221831 
-0.23023023023 1.0 -0.228201684929 -0.231643314408 
-7.33733733734 1.0 -0.869481672757 -0.900650600916 
-2.35235235235 1.0 -0.709818357066 -0.910671977516 
6.55655655656 1.0 0.269979026825 0.239432262839 
-0.730730730731 1.0 -0.667413978747 -0.712278633939 
-1.33133133133 1.0 -0.971465007816 -1.12549547388 
-2.41241241241 1.0 -0.666258547712 -0.850781710781 
9.2992992993 1.0 0.125149645879 0.0558601132231 
6.93693693694 1.0 0.608168751487 0.572405132507 
3.47347347347 1.0 -0.325821789448 -0.331814577882 
1.57157157157 1.0 0.999999699498 0.997445772233 
5.97597597598 1.0 -0.302399804444 -0.353768331292 
6.65665665666 1.0 0.36484968073 0.335588147269 
8.03803803804 1.0 0.983109384216 0.827800706449 
8.33833833834 1.0 0.884974675839 0.717839741765 
6.75675675676 1.0 0.456067581459 0.426328577919 
-2.23223223223 1.0 -0.789111039566 -1.01509667666 
-4.23423423423 1.0 0.887845512006 0.991682247653 
-0.11011011011 1.0 -0.109887744787 -0.109596836465 
5.51551551552 1.0 -0.694460468753 -0.744430131218 
2.99299299299 1.0 0.148053371305 0.156840600991 
-3.23323323323 1.0 0.0915123672906 0.227136759168 
10.0 1.0 -0.544021110889 -0.55222490607 
-9.07907907908 1.0 -0.338854295004 -0.33764001006 
2.13213213213 1.0 0.846544793956 0.852910747471 
3.93393393393 1.0 -0.711999223182 -0.724068540586 
-3.27327327327 1.0 0.131300397197 0.277901175937 
-5.95595595596 1.0 0.32142063693 0.331940825258 
1.47147147147 1.0 0.995071340501 0.991989522836 
-7.4974974975 1.0 -0.93712958481 -0.964236506242 
-3.17317317317 1.0 0.0315752704827 0.148710513673 
-5.27527527528 1.0 0.845718424022 0.834032696047 
9.93993993994 1.0 -0.492675811867 -0.500057094085 
5.25525525526 1.0 -0.856231505045 -0.895049023398 
0.35035035035 1.0 0.343226895963 0.346038142513 
6.2962962963 1.0 0.0131106134944 -0.0262575039413 
-3.95395395395 1.0 0.725913266541 0.886035731473 
-8.71871871872 1.0 -0.648840196822 -0.637178788951 
1.09109109109 1.0 0.887131000257 0.884511813206 
4.97497497497 1.0 -0.965721938658 -0.990422057758 
7.23723723724 1.0 0.81576576016 0.755077353372 
-3.63363363363 1.0 0.472425730458 0.664151278279 
-8.4984984985 1.0 -0.799390133963 -0.786808437304 
-8.41841841842 1.0 -0.844890020967 -0.833241534093 
-6.03603603604 1.0 0.244640851113 0.255607775696 
7.997997998 1.0 0.989647555109 0.837531539294 
-7.31731731732 1.0 -0.859418901282 -0.890872851031 
-2.31231231231 1.0 -0.737445499834 -0.947814182433 
3.35335335335 1.0 -0.210181594637 -0.212610867036 
-5.15515515516 1.0 0.903569980268 0.891060360335 
8.13813813814 1.0 0.959898466376 0.7981693463 
-1.53153153153 1.0 -0.999229236959 -1.19367612777 
-0.990990990991 1.0 -0.836569314705 -0.922452941037 
1.05105105105 1.0 0.867945718946 0.865535760635 
-9.25925925926 1.0 -0.164763965562 -0.170631255413 
9.23923923924 1.0 0.184476035731 0.10596402239 
5.57557557558 1.0 -0.650019222236 -0.701711831801 
2.89289289289 1.0 0.246143932464 0.257193956528 
-4.43443443443 1.0 0.961618700226 1.02364910295 
-4.59459459459 1.0 0.993070259711 1.02621709053 
-9.71971971972 1.0 0.290684124469 0.275839723563 
1.39139139139 1.0 0.983950052752 0.980673878783 
0.890890890891 1.0 0.777632176518 0.776245796595 
-8.97897897898 1.0 -0.431178912314 -0.426277307718 
-6.87687687688 1.0 -0.559424700424 -0.583322736692 
-9.95995995996 1.0 0.509997599178 0.505187688552 
9.75975975976 1.0 -0.328751980598 -0.34245942439 
2.33233233233 1.0 0.723776968945 0.734213853125 
2.31231231231 1.0 0.737445499834 0.747515726465 
8.27827827828 1.0 0.911328515751 0.74472142474 
-2.73273273273 1.0 -0.397563478837 -0.461607941632 
9.5995995996 1.0 -0.173932497848 -0.202199106967 
8.21821821822 1.0 0.934395989648 0.769265668426 
-7.83783783784 1.0 -0.999869691753 -1.01123198989 
-7.05705705706 1.0 -0.698909584547 -0.729010881463 
2.95295295295 1.0 0.187522900919 0.197290654288 
-5.85585585586 1.0 0.41444188151 0.423161647855 
-3.55355355355 1.0 0.400406942668 0.590468886565 
5.2952952953 1.0 -0.834866389361 -0.875671204998 
-3.29329329329 1.0 0.151119458915 0.302782636444 
-4.45445445445 1.0 0.966918909573 1.02504569148 
-0.530530530531 1.0 -0.505991015532 -0.528547626595 
-7.95795795796 1.0 -0.994599330244 -0.999697956995 
4.31431431431 1.0 -0.921809046742 -0.93230505225 
0.850850850851 1.0 0.75184168035 0.75074885114 
4.77477477477 1.0 -0.998054637396 -1.01474724614 
-8.33833833834 1.0 -0.884974675839 -0.874932340086 
3.91391391391 1.0 -0.69779981921 -0.709871462338 
-2.11211211211 1.0 -0.857031446499 -1.09781664574 
3.55355355355 1.0 -0.400406942668 -0.40841008311 
-3.09309309309 1.0 -0.0484805492288 0.0405951343134 
3.75375375375 1.0 -0.574637462441 -0.585932106665 
9.67967967968 1.0 -0.252150304413 -0.272253184413 
1.63163163163 1.0 0.998150103477 0.996078124156 
1.61161161161 1.0 0.999167171889 0.996920311563 
1.93193193193 1.0 0.935496175869 0.937721378016 
-5.37537537538 1.0 0.788157702332 0.778989783041 
8.77877877878 1.0 0.601996584369 0.459472978086 
8.45845845846 1.0 0.822799547447 0.657495072097 
-4.17417417417 1.0 0.858625146533 0.975347531669 
9.6996996997 1.0 -0.271471615699 -0.289797664687 
7.47747747748 1.0 0.929955638285 0.839651261867 
8.37837837838 1.0 0.865626143701 0.698673277843 
4.09409409409 1.0 -0.81486800406 -0.826392332723 
8.67867867868 1.0 0.678779469621 0.526543181433 
-9.23923923924 1.0 -0.184476035731 -0.189567906187 
5.13513513514 1.0 -0.911965725448 -0.944617014452 
7.95795795796 1.0 0.994599330244 0.846004137215 
-0.650650650651 1.0 -0.605704250039 -0.640657259115 
-1.99199199199 1.0 -0.912600742763 -1.15821066257 
4.61461461461 1.0 -0.995223893414 -1.0078394397 
2.23223223223 1.0 0.789111039566 0.797601457035 
5.21521521522 1.0 -0.87622408965 -0.913006375775 
-1.61161161161 1.0 -0.999167171889 -1.20806741164 
6.17617617618 1.0 -0.106805021793 -0.151221568189 
-7.6976976977 1.0 -0.987812502254 -1.00637504941 
6.4964964965 1.0 0.211697196671 0.179677915236 
-6.57657657658 1.0 -0.289200237681 -0.29702371797 
-7.73773773774 1.0 -0.993251282848 -1.0098118565 
-6.47647647648 1.0 -0.19208980849 -0.194371905045 
-3.79379379379 1.0 0.606937230307 0.789468817656 
3.41341341341 1.0 -0.268485788917 -0.272764136802 
0.15015015015 1.0 0.149586594914 0.152880869551 
2.91291291291 1.0 0.226691833081 0.237341068026 
3.39339339339 1.0 -0.249148316352 -0.25282315189 
-6.65665665666 1.0 -0.36484968073 -0.377254633708 
-1.45145145145 1.0 -0.992886849216 -1.17167272447 
3.71371371371 1.0 -0.541416556108 -0.552265632494 
6.5965965966 1.0 0.308305540605 0.278463648032 
-4.11411411411 1.0 0.826308470068 0.955688246442 
-8.51851851852 1.0 -0.787202470352 -0.774494478863 
-6.25625625626 1.0 0.0269257963344 0.0342791991138 
2.51251251251 1.0 0.588401237484 0.601340842368 
8.25825825826 1.0 0.919387180273 0.753167876855 
-3.15315315315 1.0 0.0115602420643 0.122025759189 
2.73273273273 1.0 0.397563478837 0.410757833439 
-8.65865865866 1.0 -0.693344009372 -0.680939361578 
8.87887887888 1.0 0.519186710331 0.388356256993 
2.57257257257 1.0 0.53880679503 0.552165505842 
4.11411411411 1.0 -0.826308470068 -0.83772417807 
-7.17717717718 1.0 -0.779578080518 -0.81148622637 
-5.53553553554 1.0 0.679917243139 0.676826065531 
-1.59159159159 1.0 -0.999783786273 -1.2052104644 
-1.75175175175 1.0 -0.983672194447 -1.21346411304 
3.51351351351 1.0 -0.363405633971 -0.370447078756 
-4.13413413413 1.0 0.837417761709 0.96261856003 
8.75875875876 1.0 0.617860839267 0.473225861055 
-9.93993993994 1.0 0.492675811867 0.486431495734 
-6.97697697698 1.0 -0.639456909771 -0.667275485067 
7.65765765766 1.0 0.980790267476 0.866568926408 
-0.31031031031 1.0 -0.305354140677 -0.312399253066 
5.45545545546 1.0 -0.736397402892 -0.784260464226 
-4.97497497497 1.0 0.965721938658 0.958131485275 
-4.65465465465 1.0 0.998333836705 1.02225327161 
-5.91591591592 1.0 0.359068265792 0.369025395479 
9.15915915916 1.0 0.26250641876 0.171646795129 
-7.25725725726 1.0 -0.827180739833 -0.859164714164 
-3.91391391391 1.0 0.69779981921 0.864503219276 
-1.39139139139 1.0 -0.983950052752 -1.15047716368 
-9.81981981982 1.0 0.384846824231 0.372404449711 
-4.51451451451 1.0 0.980486642048 1.02736872448 
-3.45345345345 1.0 0.306830209454 0.488217024934 
6.7967967968 1.0 0.491325964149 0.460842110733 
0.11011011011 1.0 0.109887744787 0.113057539125 
1.87187187187 1.0 0.955018091318 0.956151605984 
9.4994994995 1.0 -0.0746520259067 -0.115132577367 
-2.07207207207 1.0 -0.876970223046 -1.12043371109 
5.7957957958 1.0 -0.468320967329 -0.52244963696 
-0.890890890891 1.0 -0.777632176518 -0.846228254494 
0.790790790791 1.0 0.710909644644 0.710278724336 
-2.17217217217 1.0 -0.824557973258 -1.05923010996 
-9.77977977978 1.0 0.347592070824 0.33391567436 
-0.550550550551 1.0 -0.523156507537 -0.547576384702 
-6.4964964965 1.0 -0.211697196671 -0.215053508874 
-0.41041041041 1.0 -0.398985690337 -0.411993026839 
-1.35135135135 1.0 -0.97601842181 -1.1342302905 
6.37637637638 1.0 0.0930562402792 0.056942569673 
4.81481481481 1.0 -0.994759058541 -1.01281499877 
8.1981981982 1.0 0.941340119153 0.776909036645 
9.1991991992 1.0 0.223670498102 0.138977152481 
-6.15615615616 1.0 0.126687794244 0.136550919384 
-2.83283283283 1.0 -0.303877337824 -0.323762693293 
0.650650650651 1.0 0.605704250039 0.606220936761 
9.3993993994 1.0 0.0253758371902 -0.0289803087972 
-3.61361361361 1.0 0.454687183165 0.646418229945 
-6.55655655656 1.0 -0.269979026825 -0.276666697434 
5.67567567568 1.0 -0.570824460166 -0.624419168468 
5.3953953954 1.0 -0.775678794758 -0.821105869387 
-9.0990990991 1.0 -0.319952035985 -0.319513896483 
-7.91791791792 1.0 -0.997956771974 -1.00511868804 
5.23523523524 1.0 -0.866401418913 -0.904206004344 
-8.37837837838 1.0 -0.865626143701 -0.854698221225 
4.73473473473 1.0 -0.99975034402 -1.01521419578 
-3.13313313313 1.0 -0.00845941955823 0.0950990371535 
-3.87387387387 1.0 0.668567805308 0.841251820209 
2.05205205205 1.0 0.886414355831 0.891064938824 
9.37937937938 1.0 0.0453829883483 -0.0118942999284 
6.3963963964 1.0 0.112969411094 0.0776198643108 
9.63963963964 1.0 -0.213212289782 -0.23719554214 
8.97897897898 1.0 0.431178912314 0.313660663081 
-4.39439439439 1.0 0.949864345085 1.01990334147 
3.01301301301 1.0 0.128225638051 0.136488636846 
3.69369369369 1.0 -0.524477262156 -0.535063293148 
2.21221221221 1.0 0.801249393857 0.80932361624 
-0.17017017017 1.0 -0.169350063744 -0.170694426298 
-3.33333333333 1.0 0.190567962875 0.351477378228 
3.65365365365 1.0 -0.489974935275 -0.499954081538 
-4.71471471471 1.0 0.999997295481 1.01569318804 
1.71171171171 1.0 0.990087845702 0.988859736948 
6.57657657658 1.0 0.289200237681 0.259035738539 
3.67367367367 1.0 -0.507327764109 -0.517623793284 
-3.41341341341 1.0 0.268485788917 0.444272030823 
-7.75775775776 1.0 -0.995374053792 -1.01091226273 
-2.59259259259 1.0 -0.521834495241 -0.644216312476 
9.61961961962 1.0 -0.193611192318 -0.219688200902 
9.07907907908 1.0 0.338854295004 0.235844599682 
-6.13613613614 1.0 0.146519791772 0.156715059687 
-1.13113113113 1.0 -0.904894218889 -1.01757332676 
2.55255255255 1.0 0.555563147622 0.568809177493 
8.81881881882 1.0 0.569550710787 0.431485483253 
-4.63463463463 1.0 0.996978653508 1.02386545942 
9.01901901902 1.0 0.39471619201 0.282883347126 
-4.57457457457 1.0 0.990518615549 1.0269524066 
-0.770770770771 1.0 -0.69668837635 -0.747004466573 
9.41941941942 1.0 0.00535851570584 -0.0461187469456 
-6.45645645646 1.0 -0.172405433055 -0.173636753154 
-2.15215215215 1.0 -0.835718856574 -1.07271209116 
3.53353353353 1.0 -0.381982835353 -0.389516538349 
-3.01301301301 1.0 -0.128225638051 -0.070450568683 
-8.23823823824 1.0 -0.927077365617 -0.919934909663 
9.77977977978 1.0 -0.347592070824 -0.360013424364 
0.990990990991 1.0 0.836569314705 0.834511200434 
3.49349349349 1.0 -0.34468278404 -0.351210203787 
-9.31931931932 1.0 -0.105263273301 -0.113379385422 
-5.75575575576 1.0 0.503313872361 0.509064735153 
-9.53953953954 1.0 0.114509838728 0.100214374283 
-4.87487487487 1.0 0.986828185163 0.985805777636 
1.81181181181 1.0 0.971096090611 0.97124372308 
1.35135135135 1.0 0.97601842181 0.97271341191 
-6.07607607608 1.0 0.205631771434 0.216468922796 
-5.13513513514 1.0 0.911965725448 0.899607027684 
-1.31131131131 1.0 -0.966522242485 -1.11636349116 
2.15215215215 1.0 0.835718856574 0.84251571647 
-7.57757757758 1.0 -0.96204298189 -0.986098287454 
1.15115115115 1.0 0.91323356617 0.910344086392 
3.09309309309 1.0 0.0484805492288 0.0544543068052 
7.4974974975 1.0 0.93712958481 0.844169717779 
6.27627627628 1.0 -0.00690897593668 -0.0471206311152 
-5.8958958959 1.0 0.377679973455 0.387275245766 
-8.75875875876 1.0 -0.617860839267 -0.606885700259 
-1.79179179179 1.0 -0.975679725882 -1.21009821752 
-9.8998998999 1.0 0.45744688336 0.448692107569 
4.79479479479 1.0 -0.996606561851 -1.01396435431 
-5.6956956957 1.0 0.554273288059 0.557817834733 
2.53253253253 1.0 0.572096837274 0.585202859057 
5.37537537538 1.0 -0.788157702332 -0.832710060276 
-0.690690690691 1.0 -0.637069722791 -0.676812779408 
1.11111111111 1.0 0.89619220103 0.893476813095 
-3.47347347347 1.0 0.325821789448 0.509548803183 
4.15415415415 1.0 -0.848191426515 -0.859383252333 
-4.05405405405 1.0 0.791012020637 0.93257668538 
8.93893893894 1.0 0.466950456861 0.343938813931 
6.33633633634 1.0 0.0531260071326 0.0154168726387 
-6.27627627628 1.0 0.00690897593668 0.0135998399981 
-1.95195195195 1.0 -0.928235370545 -1.17339592423 
7.77777777778 1.0 0.997097890944 0.86777818062 
-5.77577577578 1.0 0.485914794209 0.492338280499 
8.05805805806 1.0 0.979248576653 0.822472927622 
1.21121121121 1.0 0.936042896216 0.932942885704 
2.67267267267 1.0 0.451923110669 0.465408965596 
-3.71371371371 1.0 0.541416556108 0.730478064773 
-1.81181181181 1.0 -0.971096090611 -1.20756380931 
0.39039039039 1.0 0.380549461752 0.383115393304 
5.55555555556 1.0 -0.665101514979 -0.716265422729 
-2.09209209209 1.0 -0.867174611281 -1.10943641008 
9.27927927928 1.0 0.144985860003 0.0726347916069 
1.49149149149 1.0 0.996857019318 0.993854388707 
5.15515515516 1.0 -0.903569980268 -0.937255162204 
-3.51351351351 1.0 0.363405633971 0.550900054408 
7.83783783784 1.0 0.999869691753 0.863577872394 
3.25325325325 1.0 -0.111428711879 -0.110601219162 
-2.63263263263 1.0 -0.487269347053 -0.593648235491 
-4.55455455455 1.0 0.987569983594 1.02739107804 
3.07307307307 1.0 0.0684659772958 0.0750377337529 
7.6976976977 1.0 0.987812502254 0.868423393293 
4.59459459459 1.0 -0.993070259711 -1.00533348163 
-10.0 1.0 0.544021110889 0.542456284043 
-9.87987987988 1.0 0.439553861488 0.429715872575 
-3.65365365365 1.0 0.489974935275 0.681423928891 
-1.73173173173 1.0 -0.987077824457 -1.21430843558 
-0.0700700700701 1.0 -0.0700127456343 -0.0688625632406 
-5.97597597598 1.0 0.302399804444 0.313118256518 
3.87387387387 1.0 -0.668567805308 -0.680584132259 
0.670670670671 1.0 0.62151153354 0.621860578969 
7.1971971972 1.0 0.791959659904 0.73554432452 
-8.2982982983 1.0 -0.902904601864 -0.893907904409 
7.87787787788 1.0 0.99971449835 0.859056036413 
0.930930930931 1.0 0.802176135594 0.800509588604 
-5.0950950951 1.0 0.927657483133 0.915879545165 
-6.83683683684 1.0 -0.525796755923 -0.547844345837 
2.47247247247 1.0 0.620296125676 0.632827705894 
-1.93193193193 1.0 -0.935496175869 -1.18007231855 
-7.0970970971 1.0 -0.726978798959 -0.757904904591 
7.31731731732 1.0 0.859418901282 0.789504169384 
-5.43543543544 1.0 0.749793457774 0.742697587004 
-0.830830830831 1.0 -0.738491823944 -0.797593910543 
-2.97297297297 1.0 -0.167821766571 -0.126649827947 
0.29029029029 1.0 0.286230381945 0.289337123747 
-6.1961961962 1.0 0.0868794431893 0.0959050997075 
3.85385385385 1.0 -0.653546911213 -0.665503213336 
7.55755755756 1.0 0.956387136503 0.855416156535 
7.43743743744 1.0 0.914492625181 0.829452098491 
7.3973973974 1.0 0.897563688968 0.817697068081 
-6.77677677678 1.0 -0.473791717778 -0.492821550889 
-3.49349349349 1.0 0.34468278404 0.530444957912 
-9.05905905906 1.0 -0.357620745349 -0.355640479497 
0.23023023023 1.0 0.228201684929 0.231490212055 
8.3983983984 1.0 0.855429505195 0.688728413881 
2.81281281281 1.0 0.322888465175 0.335254505145 
6.47647647648 1.0 0.19208980849 0.159482443647 
