-9.85985985986 1.0 0.421484671785 0.0327500597575 
6.35635635636 1.0 0.0731057736575 0.163733868141 
-2.81281281281 1.0 -0.322888465175 -0.377792583629 
-2.95295295295 1.0 -0.187522900919 -0.148691263081 
1.89189189189 1.0 0.948890220341 0.950208234503 
4.67467467467 1.0 -0.999288899866 -1.00154743608 
-6.3963963964 1.0 -0.112969411094 -0.12623593419 
-5.4954954955 1.0 0.708725363073 0.899682765303 
-8.7987987988 1.0 -0.585891056576 -0.569004030959 
-9.55955955956 1.0 0.13437389375 -0.140008894278 
-8.53853853854 1.0 -0.774699305584 -0.693789367306 
-6.53653653654 1.0 -0.250649611665 -0.277199876534 
7.33733733734 1.0 0.869481672757 0.862072145731 
6.83683683684 1.0 0.525796755923 0.599331381566 
1.45145145145 1.0 0.992886849216 0.989116011157 
-7.71771771772 1.0 -0.990730428893 -0.89634997497 
1.65165165165 1.0 0.996732988666 0.993366420041 
-0.0900900900901 1.0 -0.0899682743046 -0.0985267075374 
1.23123123123 1.0 0.942899611382 0.941922372357 
3.59359359359 1.0 -0.436766402789 -0.434029984766 
0.870870870871 1.0 0.764890207772 0.77246345281 
-7.63763763764 1.0 -0.976688773762 -0.89349528794 
0.37037037037 1.0 0.361960713579 0.37567129643 
9.35935935936 1.0 0.0653719505576 0.123116593086 
3.13313313313 1.0 0.00845941955822 0.0314445312641 
7.81781781782 1.0 0.999346160464 0.904403928957 
-1.17117117117 1.0 -0.921206900567 -1.14085851733 
-2.37237237237 1.0 -0.695575258639 -0.971894492264 
-6.33633633634 1.0 -0.0531260071326 -0.0583968247263 
8.07807807808 1.0 0.974995298193 0.8523613061 
-7.81781781782 1.0 -0.999346160464 -0.893126884082 
-4.29429429429 1.0 0.913864194148 1.38164066565 
-4.77477477477 1.0 0.998054637396 1.37134479837 
-5.7957957958 1.0 0.468320967329 0.579446141554 
-8.6986986987 1.0 -0.66394288333 -0.619211605598 
8.23823823824 1.0 0.927077365617 0.798617611068 
-0.13013013013 1.0 -0.1297631736 -0.14226553784 
0.13013013013 1.0 0.1297631736 0.136734078773 
-8.61861861862 1.0 -0.721633711464 -0.657469014075 
-7.07707707708 1.0 -0.713087090062 -0.718725440599 
8.91891891892 1.0 0.484559073218 0.43343555751 
2.29229229229 1.0 0.750818471552 0.767109804102 
-8.87887887888 1.0 -0.519186710331 -0.527189479792 
8.95895895896 1.0 0.449154692451 0.406874755882 
-0.19019019019 1.0 -0.189045659132 -0.208146377477 
-4.33433433433 1.0 0.929384449502 1.39147056062 
-0.39039039039 1.0 -0.380549461752 -0.427613724566 
-4.53453453453 1.0 0.984225545624 1.41054109867 
4.47447447447 1.0 -0.971831589603 -0.978083246373 
-8.15815815816 1.0 -0.9540939133 -0.832560545312 
4.19419419419 1.0 -0.868714740054 -0.878128093724 
4.91491491491 1.0 -0.979561626072 -0.975847504351 
-5.5955955956 1.0 0.634676409709 0.798891840609 
-9.03903903904 1.0 -0.376243865658 -0.440026453785 
-1.05105105105 1.0 -0.867945718946 -1.05818469875 
-0.870870870871 1.0 -0.764890207772 -0.911184211299 
5.11511511512 1.0 -0.919995965877 -0.909900785167 
-8.55855855856 1.0 -0.761885650774 -0.6849033431 
2.27227227227 1.0 0.763890524376 0.779367198811 
3.15315315315 1.0 -0.0115602420643 0.0107065504502 
3.99399399399 1.0 -0.752863081707 -0.761511596972 
-8.3983983984 1.0 -0.855429505195 -0.751991621944 
-4.89489489489 1.0 0.983391971377 1.32800903003 
7.11711711712 1.0 0.740579143612 0.774394518319 
0.830830830831 1.0 0.738491823944 0.747050301357 
-1.55155155155 1.0 -0.999814825028 -1.30220251002 
0.03003003003 1.0 0.0300255167065 0.0311836296877 
8.73873873874 1.0 0.633477463068 0.547331050225 
-8.8988988989 1.0 -0.501973484202 -0.516533759489 
-9.51951951952 1.0 0.094599889559 -0.163349077082 
-9.41941941942 1.0 -0.00535851570584 -0.221763669069 
-6.23623623624 1.0 0.046931825201 0.0577753811892 
3.77377377377 1.0 -0.590905760288 -0.594846877173 
-6.8968968969 1.0 -0.575905704393 -0.600228714503 
-4.83483483483 1.0 0.99251286792 1.35159047235 
0.21021021021 1.0 0.208665487323 0.218926882321 
-1.77177177177 1.0 -0.979872320608 -1.31311381738 
-8.67867867868 1.0 -0.678779469621 -0.628945253712 
0.970970970971 1.0 0.825434213842 0.830465150859 
-1.71171171171 1.0 -0.990087845702 -1.31677948888 
-0.49049049049 1.0 -0.471058607419 -0.535442108016 
6.01601601602 1.0 -0.264002216892 -0.19370191931 
-8.77877877878 1.0 -0.601996584369 -0.579239619695 
7.7977977978 1.0 0.998422103411 0.906406300121 
-0.670670670671 1.0 -0.62151153354 -0.722001715088 
0.950950950951 1.0 0.813968289004 0.819510626842 
-8.11811811812 1.0 -0.965318303844 -0.84323878337 
-9.57957957958 1.0 0.154184093352 -0.12835259031 
7.25725725726 1.0 0.827180739833 0.835353754073 
-4.75475475475 1.0 0.999102704803 1.37706633714 
-2.77277277277 1.0 -0.360514923027 -0.440901217719 
3.17317317317 1.0 -0.0315752704827 -0.0100575634003 
-2.49249249249 1.0 -0.604469813648 -0.835201277792 
-3.31331331331 1.0 0.170877953796 0.447229486576 
-3.77377377377 1.0 0.590905760288 1.0526101218 
-5.73573573574 1.0 0.520511228445 0.647400292546 
-3.89389389389 1.0 0.683320745574 1.16312893029 
-5.33533533534 1.0 0.812162990678 1.04545790549 
-9.45945945946 1.0 0.034674546587 -0.198397457381 
-5.41541541542 1.0 0.762889004574 0.975111417017 
-7.67767767768 1.0 -0.984498672401 -0.895545395603 
-3.93393393393 1.0 0.711999223182 1.19525814427 
-9.17917917918 1.0 -0.243137181641 -0.360883604517 
9.71971971972 1.0 -0.290684124469 -0.147821254971 
-7.8978978979 1.0 -0.999035835857 -0.885440741253 
1.51151151151 1.0 0.998243169988 0.994267426725 
-8.27827827828 1.0 -0.911328515751 -0.795616079541 
6.87687687688 1.0 0.559424700424 0.628498141652 
4.45445445445 1.0 -0.966918909573 -0.973509978739 
-0.01001001001 1.0 -0.0100098428432 -0.0117461414557 
-1.11111111111 1.0 -0.89619220103 -1.10119388664 
-3.99399399399 1.0 0.752863081707 1.2390593803 
-4.09409409409 1.0 0.81486800406 1.30050474514 
0.0500500500501 1.0 0.0500291567086 0.0525095920419 
7.15715715716 1.0 0.766884055736 0.793657181227 
-2.93293293293 1.0 -0.207148878373 -0.18200584422 
-6.93693693694 1.0 -0.608168751487 -0.629202759454 
7.57757757758 1.0 0.96204298189 0.907616289175 
4.33433433433 1.0 -0.929384449502 -0.93769404973 
-6.21621621622 1.0 0.066919044364 0.0813717188033 
8.57857857858 1.0 0.748766641479 0.639459040957 
8.0980980981 1.0 0.970351253498 0.846487011227 
1.53153153153 1.0 0.999229236959 0.99524556508 
8.998998999 1.0 0.413030320922 0.379912989619 
6.41641641642 1.0 0.132837305145 0.224831742398 
-6.61661661662 1.0 -0.327287278425 -0.35786881744 
7.67767767768 1.0 0.984498672401 0.911914272988 
6.996996997 1.0 0.654719669029 0.707840587911 
5.05505505506 1.0 -0.941862214566 -0.933869750273 
-3.03303303303 1.0 -0.108346513523 -0.0144283905863 
-5.63563563564 1.0 0.603233924101 0.756744910897 
-6.6966966967 1.0 -0.401827232414 -0.433799613906 
-8.43843843844 1.0 -0.834011915114 -0.73611411046 
-0.33033033033 1.0 -0.32435551719 -0.362073868236 
-7.01701701702 1.0 -0.669720024621 -0.682642137272 
5.87587587588 1.0 -0.396140311588 -0.337503299533 
-5.57557557558 1.0 0.650019222236 0.819589132899 
-4.49449449449 1.0 0.976354771373 1.4106269372 
0.570570570571 1.0 0.540112324789 0.553568231397 
8.11811811812 1.0 0.965318303844 0.840364171741 
9.25925925926 1.0 0.164763965562 0.196535045503 
-5.01501501502 1.0 0.954557149695 1.26965539643 
-4.01401401401 1.0 0.765888052358 1.25249662631 
-4.31431431431 1.0 0.921809046742 1.38681411569 
9.83983983984 1.0 -0.403246556161 -0.238737845915 
1.77177177177 1.0 0.979872320608 0.978287860167 
-3.83383383383 1.0 0.63826408348 1.11051870612 
4.41441441441 1.0 -0.955933085822 -0.963161247636 
-6.63663663664 1.0 -0.346137843492 -0.377314275659 
-8.5985985986 1.0 -0.735347535638 -0.666739566497 
-0.810810810811 1.0 -0.724845989014 -0.856926948261 
-2.33233233233 1.0 -0.723776968945 -1.01253341675 
3.37337337337 1.0 -0.229710988177 -0.216891397576 
4.69469469469 1.0 -0.999843460211 -1.00165298129 
5.01501501502 1.0 -0.954557149695 -0.947868415172 
-6.996996997 1.0 -0.654719669029 -0.669850663076 
2.39239239239 1.0 0.681053382124 0.701267047406 
-3.53353353353 1.0 0.381982835353 0.769616863312 
-4.73473473473 1.0 0.99975034402 1.38235157738 
-6.81681681682 1.0 -0.508663293061 -0.537875879957 
-1.69169169169 1.0 -0.992701051804 -1.31686829621 
5.03503503504 1.0 -0.948399735659 -0.941068250427 
3.03303303303 1.0 0.108346513523 0.134396503379 
-4.61461461461 1.0 0.995223893414 1.40473504033 
5.75575575576 1.0 -0.503313872361 -0.454768335571 
-3.97397397397 1.0 0.739536372707 1.22504214251 
1.67167167167 1.0 0.994916395419 0.991765847982 
-7.45745745746 1.0 -0.922408976872 -0.868028402649 
5.07507507508 1.0 -0.934947206573 -0.926274501138 
6.13613613614 1.0 -0.146519791772 -0.0671885163856 
-7.15715715716 1.0 -0.766884055736 -0.761471513696 
6.97697697698 1.0 0.639456909771 0.695488771696 
3.89389389389 1.0 -0.683320745574 -0.690346817876 
-4.25425425425 1.0 0.896879023055 1.36972508576 
7.27727727728 1.0 0.838264195546 0.84258505137 
1.69169169169 1.0 0.992701051804 0.989799110019 
9.0990990991 1.0 0.319952035985 0.310912884247 
-4.91491491491 1.0 0.979561626072 1.31931063662 
-3.69369369369 1.0 0.524477262156 0.967235590491 
-1.57157157157 1.0 -0.999999699498 -1.3058953604 
3.11311311311 1.0 0.0284756907485 0.0521463915298 
9.51951951952 1.0 -0.094599889559 0.00354096682409 
-3.57357357357 1.0 0.41867057176 0.822238776231 
-1.15115115115 1.0 -0.91323356617 -1.12802097927 
-4.15415415415 1.0 0.848191426515 1.33057975167 
-7.1971971972 1.0 -0.791959659904 -0.780547487119 
5.995995996 1.0 -0.2832577738 -0.214575951429 
8.35835835836 1.0 0.875475849797 0.748863431379 
0.01001001001 1.0 0.0100098428432 0.0097628217094 
8.85885885886 1.0 0.536191852752 0.47247110331 
-5.61561561562 1.0 0.61907922661 0.777940955518 
1.07107107107 1.0 0.877714248189 0.880239243067 
-1.47147147147 1.0 -0.995071340501 -1.28232114485 
1.99199199199 1.0 0.912600742763 0.917085210762 
9.43943943944 1.0 -0.0146609534063 0.0635899590564 
-6.5965965966 1.0 -0.308305540605 -0.338126823628 
-7.7977977978 1.0 -0.998422103411 -0.894353103563 
3.33333333333 1.0 -0.190567962875 -0.175889347808 
-0.850850850851 1.0 -0.75184168035 -0.893362463113 
6.73673673674 1.0 0.438160658811 0.520823380252 
-1.23123123123 1.0 -0.942899611382 -1.17698039301 
2.61261261261 1.0 0.504653050544 0.531548017539 
-7.3973973974 1.0 -0.897563688968 -0.853333877806 
-0.510510510511 1.0 -0.488622728493 -0.556719619049 
1.55155155155 1.0 0.999814825028 0.995854276136 
-9.5995995996 1.0 0.173932497848 -0.116708138322 
-9.35935935936 1.0 -0.0653719505576 -0.256769738998 
8.51851851852 1.0 0.787202470352 0.671431575327 
2.59259259259 1.0 0.521834495241 0.548282178196 
6.67667667668 1.0 0.38341529066 0.470122516073 
2.03203203203 1.0 0.895503224543 0.901411019663 
7.01701701702 1.0 0.669720024621 0.719836334671 
1.59159159159 1.0 0.999783786273 0.995964278563 
-8.81881881882 1.0 -0.569550710787 -0.558677997576 
7.75775775776 1.0 0.995374053792 0.90949543504 
6.63663663664 1.0 0.346137843492 0.434938013745 
-4.07407407407 1.0 0.803100948886 1.28935732748 
-2.79279279279 1.0 -0.341770182763 -0.409509081833 
-7.55755755756 1.0 -0.956387136503 -0.885532402471 
-7.35735735736 1.0 -0.879195966573 -0.841739443773 
-5.21521521522 1.0 0.87622408965 1.14068379609 
5.83583583584 1.0 -0.432577348176 -0.377332158994 
-9.13913913914 1.0 -0.281770446506 -0.383708132243 
4.85485485485 1.0 -0.989868890237 -0.98777991125 
-2.61261261261 1.0 -0.504653050544 -0.677835345189 
0.810810810811 1.0 0.724845989014 0.733884017766 
-1.49149149149 1.0 -0.996857019318 -1.28804597542 
-3.25325325325 1.0 0.111428711879 0.351478918187 
-3.59359359359 1.0 0.436766402789 0.847767592905 
8.47847847848 1.0 0.811257411747 0.691892098308 
-1.91191191191 1.0 -0.942382045726 -1.28405344621 
9.53953953954 1.0 -0.114509838728 -0.0115338395363 
-0.45045045045 1.0 -0.435371096772 -0.492572833247 
-2.29229229229 1.0 -0.750818471552 -1.05063315267 
-3.19319319319 1.0 0.0515776439174 0.253412522353 
-7.37737737738 1.0 -0.888557889358 -0.847718342555 
6.15615615616 1.0 -0.126687794244 -0.0460018575627 
-8.0980980981 1.0 -0.970351253498 -0.848252330591 
1.43143143143 1.0 0.99030442098 0.986660236364 
-8.93893893894 1.0 -0.466950456861 -0.495001728069 
-2.87287287287 1.0 -0.265497380359 -0.280929261965 
-0.47047047047 1.0 -0.453305691794 -0.514056929986 
-5.3953953954 1.0 0.775678794758 0.993189413097 
1.01101101101 1.0 0.84736912878 0.851383206116 
0.630630630631 1.0 0.589654207656 0.602316060995 
8.55855855856 1.0 0.761885650774 0.650282837867 
-5.03503503504 1.0 0.948399735659 1.25851094349 
0.41041041041 1.0 0.398985690337 0.412997647635 
4.29429429429 1.0 -0.913864194148 -0.922602152131 
8.63863863864 1.0 0.707630665292 0.60603101271 
8.71871871872 1.0 0.648840196822 0.559354153408 
-3.07307307307 1.0 -0.0684659772958 0.0529345219753 
-5.65565565566 1.0 0.587146852786 0.735312396974 
-6.0960960961 1.0 0.185999691898 0.22447029329 
-8.25825825826 1.0 -0.919387180273 -0.802260909639 
2.87287287287 1.0 0.265497380359 0.294277382391 
-9.4994994995 1.0 0.0746520259067 -0.17502887942 
-2.51251251251 1.0 -0.588401237484 -0.810346606808 
7.03703703704 1.0 0.684451964588 0.731473462501 
-2.21221221221 1.0 -0.801249393857 -1.11911011209 
1.17117117117 1.0 0.921206900567 0.921437421504 
2.07207207207 1.0 0.876970223046 0.884373853056 
1.03103103103 1.0 0.857829327634 0.86134081519 
-8.01801801802 1.0 -0.986576173517 -0.866037647819 
-9.33933933934 1.0 -0.0853347124856 -0.268417753653 
3.43343343343 1.0 -0.28771565565 -0.277717257865 
3.05305305305 1.0 0.0884239650333 0.113936898265 
1.27127127127 1.0 0.955476737061 0.953784717002 
-3.05305305305 1.0 -0.0884239650333 0.0192559459906 
-0.37037037037 1.0 -0.361960713579 -0.405820349014 
0.590590590591 1.0 0.556851671602 0.570072586806 
4.35435435435 1.0 -0.936587366299 -0.944653146916 
5.27527527528 1.0 -0.845718424022 -0.828954218384 
0.510510510511 1.0 0.488622728493 0.502582541949 
6.23623623624 1.0 -0.046931825201 0.0385952745565 
-1.67167167167 1.0 -0.994916395419 -1.31639976432 
-6.31631631632 1.0 -0.0331249483513 -0.0354427671657 
0.33033033033 1.0 0.32435551719 0.337556393515 
-4.85485485485 1.0 0.989868890237 1.34415162457 
8.2982982983 1.0 0.902904601864 0.774691639127 
2.77277277277 1.0 0.360514923027 0.389485810147 
-1.01101101101 1.0 -0.84736912878 -1.02775510526 
-4.27427427427 1.0 0.905553075921 1.37594579764 
-0.610610610611 1.0 -0.573367839051 -0.661183142757 
-8.03803803804 1.0 -0.983109384216 -0.861940127167 
-4.99499499499 1.0 0.960331988856 1.28039911305 
-6.73673673674 1.0 -0.438160658811 -0.469847900534 
7.37737737738 1.0 0.888557889358 0.873235002851 
-1.29129129129 1.0 -0.961192106815 -1.20936861897 
-2.03203203203 1.0 -0.895503224543 -1.23529634426 
3.45345345345 1.0 -0.306830209454 -0.297771156886 
-8.05805805806 1.0 -0.979248576653 -0.857607234848 
4.87487487487 1.0 -0.986828185163 -0.984208969529 
3.63363363363 1.0 -0.472425730458 -0.471350970886 
-4.47447447447 1.0 0.971831589603 1.40995258753 
-7.93793793794 1.0 -0.996477739177 -0.87998863633 
4.93493493493 1.0 -0.975338684403 -0.971058437484 
-7.41741741742 1.0 -0.906209755988 -0.85858879413 
-5.23523523524 1.0 0.866401418913 1.12570639896 
-9.67967967968 1.0 0.252150304413 -0.070287377251 
-8.45845845846 1.0 -0.822799547447 -0.727942282628 
5.41541541542 1.0 -0.762889004574 -0.738737765747 
-9.43943943944 1.0 0.0146609534063 -0.210081950878 
2.19219219219 1.0 0.813066617154 0.825256626642 
-2.55255255255 1.0 -0.555563147622 -0.758951734663 
-2.65265265265 1.0 -0.469690351946 -0.621242784514 
5.91591591592 1.0 -0.359068265792 -0.297043305939 
4.49449449449 1.0 -0.976354771373 -0.982254214308 
-9.1991991992 1.0 -0.223670498102 -0.349418496393 
8.7987987988 1.0 0.585891056576 0.510464865195 
0.25025025025 1.0 0.247646422081 0.259138544127 
-0.25025025025 1.0 -0.247646422081 -0.274173693435 
-2.89289289289 1.0 -0.246143932464 -0.248150462317 
-4.21421421421 1.0 0.878456163293 1.35568843937 
-7.11711711712 1.0 -0.740579143612 -0.740865308606 
2.11211211211 1.0 0.857031446499 0.865990345271 
6.45645645646 1.0 0.172405433055 0.264813683336 
0.690690690691 1.0 0.637069722791 0.6486982096 
-1.37137137137 1.0 -0.980180659514 -1.24642780597 
1.37137137137 1.0 0.980180659514 0.977081493672 
3.81381381381 1.0 -0.622725447279 -0.627829323296 
9.87987987988 1.0 -0.439553861488 -0.268953949866 
0.27027027027 1.0 0.266991905564 0.279002367112 
7.2972972973 1.0 0.849011685183 0.8494479741 
8.5985985986 1.0 0.735347535638 0.628473535243 
-6.75675675676 1.0 -0.456067581459 -0.48737138266 
-6.85685685686 1.0 -0.542719485852 -0.569777824312 
8.6986986987 1.0 0.66394288333 0.571239003907 
7.13713713714 1.0 0.753882673169 0.784209954449 
3.29329329329 1.0 -0.151119458915 -0.134622214703 
1.85185185185 1.0 0.960763202681 0.960996450825 
-7.21721721722 1.0 -0.804023831509 -0.789513709678 
5.71571571572 1.0 -0.537499969971 -0.492220016456 
6.71671671672 1.0 0.42007812671 0.504209639265 
-5.25525525526 1.0 0.856231505045 1.11036573134 
-7.85785785786 1.0 -0.999992487454 -0.889831554339 
4.57457457457 1.0 -0.990518615549 -0.994895575173 
2.97297297297 1.0 0.167821766571 0.195232059766 
-6.37637637638 1.0 -0.0930562402792 -0.103804452204 
-9.3993993994 1.0 -0.0253758371902 -0.233440385647 
-5.995995996 1.0 0.2832577738 0.344353918615 
-9.63963963964 1.0 0.213212289782 -0.0934625646954 
-2.69269269269 1.0 -0.433974744115 -0.562790462337 
-0.15015015015 1.0 -0.149586594914 -0.164196882169 
-2.67267267267 1.0 -0.451923110669 -0.592240306501 
4.39439439439 1.0 -0.949864345085 -0.957388402848 
6.1961961962 1.0 -0.0868794431893 -0.00364943373958 
-8.35835835836 1.0 -0.875475849797 -0.767221968959 
-1.03103103103 1.0 -0.857829327634 -1.04314040886 
-2.25225225225 1.0 -0.776656419186 -1.08616490376 
0.43043043043 1.0 0.417262010319 0.431351581459 
-8.998998999 1.0 -0.413030320922 -0.462197953455 
2.17217217217 1.0 0.824557973258 0.835929909825 
-8.31831831832 1.0 -0.894118814814 -0.781773988895 
-8.95895895896 1.0 -0.449154692451 -0.484131548896 
-2.43243243243 1.0 -0.651196684992 -0.906265574098 
2.09209209209 1.0 0.867174611281 0.875349308301 
4.95495495495 1.0 -0.970724838874 -0.965864953412 
1.41141141141 1.0 0.987325090799 0.983835587801 
-3.67367367367 1.0 0.507327764109 0.944456926147 
2.41241241241 1.0 0.666258547712 0.687211141361 
2.71271271271 1.0 0.415852445773 0.444374732707 
-9.47947947948 1.0 0.054674242632 -0.186712380843 
-4.03403403403 1.0 0.778606064409 1.26535664152 
6.91691691692 1.0 0.592155892373 0.656326717535 
6.77677677678 1.0 0.473791717778 0.553157257234 
-0.21021021021 1.0 -0.208665487323 -0.230149428578 
0.49049049049 1.0 0.471058607419 0.485112893009 
7.35735735736 1.0 0.879195966573 0.867835581782 
0.45045045045 1.0 0.435371096772 0.449492255766 
4.63463463463 1.0 -0.996978653508 -1.00011050259 
-5.17517517518 1.0 0.894812095251 1.16953266847 
-4.37437437437 1.0 0.943414910292 1.39924995266 
9.85985985986 1.0 -0.421484671785 -0.253853932092 
4.53453453453 1.0 -0.984225545624 -0.989385156422 
-2.71271271271 1.0 -0.415852445773 -0.532911851866 
-2.75275275275 1.0 -0.379115173303 -0.471946689177 
-5.2952952953 1.0 0.834866389361 1.07861172316 
7.5975975976 1.0 0.967313252172 0.909143458843 
-2.57257257257 1.0 -0.53880679503 -0.732435967994 
8.15815815816 1.0 0.9540939133 0.827387876651 
7.91791791792 1.0 0.997956771974 0.889957263097 
-4.93493493493 1.0 0.975338684403 1.31019774727 
-4.19419419419 1.0 0.868714740054 1.34786370834 
4.89489489489 1.0 -0.983391971377 -0.980231274221 
1.95195195195 1.0 0.928235370545 0.93138088031 
-1.09109109109 1.0 -0.887131000257 -1.08721910435 
6.61661661662 1.0 0.327287278425 0.416953659083 
7.97797797798 1.0 0.992322298019 0.877873058395 
9.57957957958 1.0 -0.154184093352 -0.0417411698148 
5.85585585586 1.0 -0.41444188151 -0.357501873018 
-5.83583583584 1.0 0.432577348176 0.533335322713 
0.17017017017 1.0 0.169350063744 0.178109300889 
0.0700700700701 1.0 0.0700127456343 0.0737341023194 
-0.970970970971 1.0 -0.825434213842 -0.995993141576 
3.61361361361 1.0 -0.454687183165 -0.45279222739 
-1.85185185185 1.0 -0.960763202681 -1.30009474897 
-9.83983983984 1.0 0.403246556161 0.0214247715259 
2.35235235235 1.0 0.709818357066 0.728502068017 
2.25225225225 1.0 0.776656419186 0.791313482037 
-8.1981981982 1.0 -0.941340119153 -0.821041972622 
5.31531531532 1.0 -0.823679750423 -0.804965085518 
4.43443443443 1.0 -0.961618700226 -0.968535560922 
-7.13713713714 1.0 -0.753882673169 -0.751359992703 
-4.35435435435 1.0 0.936587366299 1.39561438863 
-4.81481481481 1.0 0.994759058541 1.3586041 
-5.67567567568 1.0 0.570824460166 0.713652358593 
9.03903903904 1.0 0.376243865658 0.35257453075 
-6.67667667668 1.0 -0.38341529066 -0.41528652937 
5.17517517518 1.0 -0.894812095251 -0.882412355151 
-9.65965965966 1.0 0.232727934358 -0.0818652440324 
-1.63163163163 1.0 -0.998150103477 -1.3138131926 
-3.37337337337 1.0 0.229710988177 0.540073590773 
9.33933933934 1.0 0.0853347124856 0.137897157994 
-7.51751751752 1.0 -0.943927941216 -0.879559009872 
4.55455455455 1.0 -0.987569983594 -0.99234332467 
-5.07507507508 1.0 0.934947206573 1.23503148205 
4.21421421421 1.0 -0.878456163293 -0.887783884761 
5.35535535536 1.0 -0.800320725902 -0.779529593713 
7.05705705706 1.0 0.698909584547 0.742749702965 
9.11911911912 1.0 0.30092154409 0.296863089505 
6.25625625626 1.0 -0.0269257963344 0.0596473860126 
-6.2962962963 1.0 -0.0131106134944 -0.0123369299573 
7.21721721722 1.0 0.804023831509 0.819783757115 
-2.91291291291 1.0 -0.226691833081 -0.215167507622 
5.63563563564 1.0 -0.603233924101 -0.564229035809 
5.8958958959 1.0 -0.377679973455 -0.317346895729 
-5.55555555556 1.0 0.665101514979 0.8400246576 
-5.81581581582 1.0 0.450539443112 0.556464407014 
5.33533533534 1.0 -0.812162990678 -0.792426148838 
5.5955955956 1.0 -0.634676409709 -0.598653448292 
-5.93593593594 1.0 0.340312647942 0.415870829772 
-9.6996996997 1.0 0.271471615699 -0.0587307785104 
-7.61761761762 1.0 -0.972195835089 -0.89199320681 
-3.39339339339 1.0 0.249148316352 0.570282051811 
3.79379379379 1.0 -0.606937230307 -0.611476045084 
1.83183183183 1.0 0.96612325186 0.965856990151 
-3.73373373373 1.0 0.558138856901 1.01107935072 
5.1951951952 1.0 -0.885695580449 -0.872477920788 
-8.47847847848 1.0 -0.811257411747 -0.719620143415 
5.65565565566 1.0 -0.587146852786 -0.546609812252 
-7.27727727728 1.0 -0.838264195546 -0.814140372768 
-2.45245245245 1.0 -0.635873830576 -0.883170428314 
-6.91691691692 1.0 -0.592155892373 -0.61490175634 
-9.97997997998 1.0 0.527114985665 0.0998946430038 
-9.7997997998 1.0 0.366292850383 -0.0013278828022 
8.17817817818 1.0 0.947906971008 0.82054191704 
4.05405405405 1.0 -0.791012020637 -0.800222297221 
-7.87787787788 1.0 -0.99971449835 -0.887770949245 
9.91991991992 1.0 -0.475156566095 -0.299097670849 
1.25125125125 1.0 0.949378423874 0.948033997454 
-1.87187187187 1.0 -0.955018091318 -1.2953535768 
1.73173173173 1.0 0.987077824457 0.984770453066 
-9.15915915916 1.0 -0.26250641876 -0.37231437019 
-5.47547547548 1.0 0.722706208904 0.918994650521 
-2.13213213213 1.0 -0.846544793956 -1.17721255498 
9.7997997998 1.0 -0.366292850383 -0.208465743116 
-1.89189189189 1.0 -0.948890220341 -1.29000803265 
-1.41141141141 1.0 -0.987325090799 -1.26221410184 
4.99499499499 1.0 -0.960331988856 -0.95426878822 
-1.19119119119 1.0 -0.928811026462 -1.15330235559 
-2.19219219219 1.0 -0.813066617154 -1.13460954654 
4.27427427427 1.0 -0.905553075921 -0.914473447052 
-6.51651651652 1.0 -0.231219739195 -0.256351549701 
-7.65765765766 1.0 -0.980790267476 -0.894678036204 
1.79179179179 1.0 0.975679725882 0.974503983308 
-0.790790790791 1.0 -0.710909644644 -0.838330463826 
-0.710710710711 1.0 -0.65237258226 -0.761623766454 
9.47947947948 1.0 -0.054674242632 0.0336205249141 
5.47547547548 1.0 -0.722706208904 -0.694893765271 
-7.23723723724 1.0 -0.81576576016 -0.798100293297 
-1.43143143143 1.0 -0.99030442098 -1.26939903053 
-7.43743743744 1.0 -0.914492625181 -0.863485968439 
9.21921921922 1.0 0.204114170152 0.225525228868 
1.31131131131 1.0 0.966522242485 0.964198140494 
7.61761761762 1.0 0.972195835089 0.910333825561 
0.19019019019 1.0 0.189045659132 0.198590840235 
7.41741741742 1.0 0.906209755988 0.882948049566 
9.65965965966 1.0 -0.232727934358 -0.102319097677 
3.27327327327 1.0 -0.131300397197 -0.113915113013 
-0.630630630631 1.0 -0.589654207656 -0.681628818183 
6.21621621622 1.0 -0.066919044364 0.0174923642557 
1.97197197197 1.0 0.920602539794 0.924406290953 
0.550550550551 1.0 0.523156507537 0.536815180222 
0.0900900900901 1.0 0.0899682743046 0.0948506363013 
3.83383383383 1.0 -0.63826408348 -0.643899710143 
2.79279279279 1.0 0.341770182763 0.370797748815 
-1.27127127127 1.0 -0.955476737061 -1.19899888943 
4.07407407407 1.0 -0.803100948886 -0.812432341365 
0.770770770771 1.0 0.69668837635 0.706651247104 
4.75475475475 1.0 -0.999102704803 -0.999516049629 
-8.63863863864 1.0 -0.707630665292 -0.648077434333 
-5.1951951952 1.0 0.885695580449 1.15529385459 
4.71471471471 1.0 -0.999997295481 -1.00134964954 
-0.35035035035 1.0 -0.343226895963 -0.383970939044 
-9.27927927928 1.0 -0.144985860003 -0.303266708728 
-9.91991991992 1.0 0.475156566095 0.0665038232621 
-1.51151151151 1.0 -0.998243169988 -1.29327183856 
-6.01601601602 1.0 0.264002216892 0.320413447588 
8.53853853854 1.0 0.774699305584 0.660941498241 
-1.21121121121 1.0 -0.936042896216 -1.16534533689 
-6.43643643644 1.0 -0.152651959622 -0.170500614391 
-6.17617617618 1.0 0.106805021793 0.128830593487 
2.63263263263 1.0 0.487269347053 0.514572763466 
-0.27027027027 1.0 -0.266991905564 -0.296179254857 
9.8998998999 1.0 -0.45744688336 -0.284035864945 
-0.930930930931 1.0 -0.802176135594 -0.962963070917 
-6.41641641642 1.0 -0.132837305145 -0.14847148758 
-3.43343343343 1.0 0.28771565565 0.629479820172 
5.73573573574 1.0 -0.520511228445 -0.473607489376 
2.37237237237 1.0 0.695575258639 0.715031905216 
8.65865865866 1.0 0.693344009372 0.594580755526 
-1.83183183183 1.0 -0.96612325186 -1.30423636146 
8.43843843844 1.0 0.834011915114 0.711636457766 
4.51451451451 1.0 -0.980486642048 -0.986021834415 
-3.35335335335 1.0 0.210181594637 0.509482600318 
-7.53753753754 1.0 -0.950347982805 -0.882714756111 
-8.85885885886 1.0 -0.536191852752 -0.537767528661 
2.69269269269 1.0 0.433974744115 0.462256929953 
9.45945945946 1.0 -0.034674546587 0.0486202726619 
0.750750750751 1.0 0.682187883844 0.69259272212 
9.17917917918 1.0 0.243137181641 0.254266691109 
-5.11511511512 1.0 0.919995965877 1.20998481109 
7.0970970971 1.0 0.726978798959 0.764211821254 
3.73373373373 1.0 -0.558138856901 -0.560789967562 
0.710710710711 1.0 0.65237258226 0.66361196187 
7.17717717718 1.0 0.779578080518 0.802735495348 
-5.51551551552 1.0 0.694460468753 0.880079001062 
9.13913913914 1.0 0.281770446506 0.28273686941 
6.31631631632 1.0 0.0331249483513 0.12238075366 
5.81581581582 1.0 -0.450539443112 -0.39698389669 
9.95995995996 1.0 -0.509997599178 -0.329153069681 
-0.0500500500501 1.0 -0.0500291567086 -0.0550013417686 
-8.21821821822 1.0 -0.934395989648 -0.81497793367 
-6.71671671672 1.0 -0.42007812671 -0.451988746616 
-3.21321321321 1.0 0.0715593456609 0.286319994624 
5.95595595596 1.0 -0.32142063693 -0.256038021325 
6.8968968969 1.0 0.575905704393 0.642581903468 
-5.71571571572 1.0 0.537499969971 0.669686741217 
-8.17817817818 1.0 -0.947906971008 -0.826904221093 
-0.570570570571 1.0 -0.540112324789 -0.619818024426 
-6.95695695696 1.0 -0.623937863975 -0.643129284834 
2.45245245245 1.0 0.635873830576 0.65824144012 
-3.75375375375 1.0 0.574637462441 1.03213563191 
-9.11911911912 1.0 -0.30092154409 -0.395062196675 
6.95695695696 1.0 0.623937863975 0.682783721473 
7.07707707708 1.0 0.713087090062 0.753663063387 
4.37437437437 1.0 -0.943414910292 -0.951218504079 
1.91191191191 1.0 0.942382045726 0.944283534556 
3.97397397397 1.0 -0.739536372707 -0.74792981409 
7.45745745746 1.0 0.922408976872 0.891225327612 
9.97997997998 1.0 -0.527114985665 -0.344142790797 
0.530530530531 1.0 0.505991015532 0.519818304746 
2.01201201201 1.0 0.904233186475 0.909419483776 
6.85685685686 1.0 0.542719485852 0.614079757124 
-7.2972972973 1.0 -0.849011685183 -0.821597262155 
-4.95495495495 1.0 0.970724838874 1.30067305113 
-0.29029029029 1.0 -0.286230381945 -0.318169850934 
2.43243243243 1.0 0.651196684992 0.672867966538 
-1.97197197197 1.0 -0.920602539794 -1.26249117716 
4.65465465465 1.0 -0.998333836705 -1.00103319075 
6.81681681682 1.0 0.508663293061 0.58425795502 
6.0960960961 1.0 -0.185999691898 -0.109522822558 
3.21321321321 1.0 -0.0715593456609 -0.0516238168825 
5.93593593594 1.0 -0.340312647942 -0.276603351717 
8.61861861862 1.0 0.721633711464 0.617329729348 
6.11611611612 1.0 -0.166293065952 -0.0883661594642 
9.55955955956 1.0 -0.13437389375 -0.0266286997857 
0.910910910911 1.0 0.790062479764 0.796626223181 
-9.73973973974 1.0 0.309780130585 -0.0356884690395 
1.33133133133 1.0 0.971465007816 0.96885849382 
4.13413413413 1.0 -0.837417761709 -0.846923348621 
8.31831831832 1.0 0.894118814814 0.766288717623 
-6.05605605606 1.0 0.225181436261 0.272453468904 
4.25425425425 1.0 -0.896879023055 -0.905959203042 
-0.03003003003 1.0 -0.0300255167065 -0.0333364837167 
7.53753753754 1.0 0.950347982805 0.903540071046 
6.6966966967 1.0 0.401827232414 0.487306985605 
-1.65165165165 1.0 -0.996732988666 -1.31537950684 
1.13113113113 1.0 0.904894218889 0.906006536864 
8.8988988989 1.0 0.501973484202 0.446557927915 
-0.910910910911 1.0 -0.790062479764 -0.94599295717 
1.19119119119 1.0 0.928811026462 0.928622427493 
5.4954954955 1.0 -0.708725363073 -0.679625509848 
8.41841841842 1.0 0.844890020967 0.721231261642 
2.49249249249 1.0 0.604469813648 0.628154720042 
9.73973973974 1.0 -0.309780130585 -0.162989505088 
-9.75975975976 1.0 0.328751980598 -0.024206213891 
-8.91891891892 1.0 -0.484559073218 -0.505803481599 
-7.997997998 1.0 -0.989647555109 -0.869895534029 
0.47047047047 1.0 0.453305691794 0.467414422168 
-0.590590590591 1.0 -0.556851671602 -0.640576568117 
-8.57857857858 1.0 -0.748766641479 -0.675885537726 
-7.77777777778 1.0 -0.997097890944 -0.895292716375 
-0.750750750751 1.0 -0.682187883844 -0.800423658752 
-1.25125125125 1.0 -0.949378423874 -1.1882005427 
-2.39239239239 1.0 -0.681053382124 -0.950634840639 
-7.03703703704 1.0 -0.684451964588 -0.695052363997 
8.83883883884 1.0 0.552982096013 0.485255649092 
9.31931931932 1.0 0.105263273301 0.152631983919 
-7.5975975976 1.0 -0.967313252172 -0.890167905105 
-9.61961961962 1.0 0.193611192318 -0.105077490536 
4.01401401401 1.0 -0.765888052358 -0.774757437642 
6.03603603604 1.0 -0.244640851113 -0.172747900929 
-9.2992992993 1.0 -0.125149645879 -0.291668650605 
9.05905905906 1.0 0.357620745349 0.338771542807 
-1.07107107107 1.0 -0.877714248189 -1.07288016841 
-2.99299299299 1.0 -0.148053371305 -0.0817078891667 
2.83283283283 1.0 0.303877337824 0.332876302953 
8.01801801802 1.0 0.986576173517 0.868455333309 
6.53653653654 1.0 0.250649611665 0.342598416462 
2.65265265265 1.0 0.469690351946 0.497361971594 
3.31331331331 1.0 -0.170877953796 -0.155283745238 
-9.37937937938 1.0 -0.0453829883483 -0.245109840343 
-8.83883883884 1.0 -0.552982096013 -0.548264760412 
5.43543543544 1.0 -0.749793457774 -0.724455421081 
5.77577577578 1.0 -0.485914794209 -0.435711717467 
-5.05505505506 1.0 0.941862214566 1.24696864973 
-2.85285285285 1.0 -0.284744420138 -0.313478860222 
5.6956956957 1.0 -0.554273288059 -0.51059699255 
-5.87587587588 1.0 0.396140311588 0.486679277598 
7.93793793794 1.0 0.996477739177 0.886206489284 
2.75275275275 1.0 0.379115173303 0.407982564167 
-4.69469469469 1.0 0.999843460211 1.39160157825 
-6.7967967968 1.0 -0.491325964149 -0.521390230662 
8.4984984985 1.0 0.799390133963 0.681749603481 
6.43643643644 1.0 0.152651959622 0.244904898037 
7.73773773774 1.0 0.993251282848 0.910575200953 
-5.45545545546 1.0 0.736397402892 0.938007769848 
0.730730730731 1.0 0.667413978747 0.678244893745 
6.51651651652 1.0 0.231219739195 0.323449922834 
-4.67467467467 1.0 0.999288899866 1.3955603969 
4.23423423423 1.0 -0.887845512006 -0.897061828276 
6.07607607608 1.0 -0.205631771434 -0.130646576283 
0.610610610611 1.0 0.573367839051 0.586323441965 
5.61561561562 1.0 -0.61907922661 -0.581579474012 
-2.27227227227 1.0 -0.763890524376 -1.06872141597 
3.19319319319 1.0 -0.0515776439174 -0.0308377359075 
-7.47747747748 1.0 -0.929955638285 -0.872219216527 
-5.31531531532 1.0 0.823679750423 1.06220741182 
9.81981981982 1.0 -0.384846824231 -0.223607753195 
-2.53253253253 1.0 -0.572096837274 -0.784926163731 
-3.85385385385 1.0 0.653546911213 1.12864488888 
-4.41441441441 1.0 0.955933085822 1.40501346828 
-2.47247247247 1.0 -0.620296125676 -0.859479246306 
-8.13813813814 1.0 -0.959898466376 -0.838006790774 
-2.01201201201 1.0 -0.904233186475 -1.24499330975 
3.23323323323 1.0 -0.0915123672906 -0.0724055917267 
1.75175175175 1.0 0.983672194447 0.981710387848 
-2.05205205205 1.0 -0.886414355831 -1.22496300119 
4.17417417417 1.0 -0.858625146533 -0.868097340992 
0.31031031031 1.0 0.305354140677 0.318216996356 
1.29129129129 1.0 0.961192106815 0.959173176293 
-0.950950950951 1.0 -0.813968289004 -0.979632548335 
-5.35535535536 1.0 0.800320725902 1.02836821655 
-9.21921921922 1.0 -0.204114170152 -0.337921674066 
-8.07807807808 1.0 -0.974995298193 -0.853043222842 
-6.11611611612 1.0 0.166293065952 0.200500954139 
2.93293293293 1.0 0.207148878373 0.235245742872 
7.71771771772 1.0 0.990730428893 0.911340507824 
2.85285285285 1.0 0.284744420138 0.313657708033 
7.63763763764 1.0 0.976688773762 0.911190366081 
-0.43043043043 1.0 -0.417262010319 -0.470998515524 
3.95395395395 1.0 -0.725913266541 -0.734017103996 
7.8978978979 1.0 0.999035835857 0.893425791538 
7.85785785786 1.0 0.999992487454 0.89950136338 
4.83483483483 1.0 -0.99251286792 -0.990943515516 
5.53553553554 1.0 -0.679917243139 -0.648143636718 
-9.01901901902 1.0 -0.39471619201 -0.451140476848 
4.03403403403 1.0 -0.778606064409 -0.787662534693 
-4.79479479479 1.0 0.996606561851 1.365189791 
-6.35635635636 1.0 -0.0731057736575 -0.0811877681954 
-3.11311311311 1.0 -0.0284756907485 0.120168410245 
5.0950950951 1.0 -0.927657483133 -0.918284225033 
6.05605605606 1.0 -0.225181436261 -0.15172554091 
-3.81381381381 1.0 0.622725447279 1.09180346158 
3.57357357357 1.0 -0.41867057176 -0.415073234501 
7.51751751752 1.0 0.943927941216 0.900985523833 
-8.73873873874 1.0 -0.633477463068 -0.59942634175 
-7.97797797798 1.0 -0.992322298019 -0.873509514087 
-0.23023023023 1.0 -0.228201684929 -0.252161127499 
-7.33733733734 1.0 -0.869481672757 -0.835394576612 
-2.35235235235 1.0 -0.709818357066 -0.992529130017 
6.55655655656 1.0 0.269979026825 0.361532255774 
-0.730730730731 1.0 -0.667413978747 -0.781130926911 
-1.33133133133 1.0 -0.971465007816 -1.22879536461 
-2.41241241241 1.0 -0.666258547712 -0.928756253788 
9.2992992993 1.0 0.125149645879 0.167318383044 
6.93693693694 1.0 0.608168751487 0.669728563208 
3.47347347347 1.0 -0.325821789448 -0.317697568295 
1.57157157157 1.0 0.999999699498 0.996093751597 
5.97597597598 1.0 -0.302399804444 -0.235358458626 
6.65665665666 1.0 0.36484968073 0.452663627695 
8.03803803804 1.0 0.983109384216 0.863349226627 
8.33833833834 1.0 0.884974675839 0.757678101581 
6.75675675676 1.0 0.456067581459 0.537141415289 
-2.23223223223 1.0 -0.789111039566 -1.10296160962 
-4.23423423423 1.0 0.887845512006 1.36297410385 
-0.11011011011 1.0 -0.109887744787 -0.120373040519 
5.51551551552 1.0 -0.694460468753 -0.664040084165 
2.99299299299 1.0 0.148053371305 0.175053266033 
-3.23323323323 1.0 0.0915123672906 0.319016720525 
10.0 1.0 -0.544021110889 -0.359104659553 
-9.07907907908 1.0 -0.338854295004 -0.417640293023 
2.13213213213 1.0 0.846544793956 0.856299222156 
3.93393393393 1.0 -0.711999223182 -0.719778697978 
-3.27327327327 1.0 0.131300397197 0.383683385965 
-5.95595595596 1.0 0.32142063693 0.392094706698 
1.47147147147 1.0 0.995071340501 0.991202592434 
-7.4974974975 1.0 -0.93712958481 -0.876061640708 
-3.17317317317 1.0 0.0315752704827 0.220318618881 
-5.27527527528 1.0 0.845718424022 1.09466603273 
9.93993993994 1.0 -0.492675811867 -0.314137389147 
5.25525525526 1.0 -0.856231505045 -0.840396998235 
0.35035035035 1.0 0.343226895963 0.356709676847 
6.2962962963 1.0 0.0131106134944 0.10155186528 
-3.95395395395 1.0 0.725913266541 1.21044244563 
-8.71871871872 1.0 -0.648840196822 -0.609370835502 
1.09109109109 1.0 0.887131000257 0.889174827804 
4.97497497497 1.0 -0.965721938658 -0.960268038152 
7.23723723724 1.0 0.81576576016 0.827753461903 
-3.63363363363 1.0 0.472425730458 0.897213519559 
-8.4984984985 1.0 -0.799390133963 -0.711151458661 
-8.41841841842 1.0 -0.844890020967 -0.744131831673 
-6.03603603604 1.0 0.244640851113 0.296442533512 
7.997997998 1.0 0.989647555109 0.873297861229 
-7.31731731732 1.0 -0.859418901282 -0.828681283563 
-2.31231231231 1.0 -0.737445499834 -1.03190273311 
3.35335335335 1.0 -0.210181594637 -0.196428674252 
-5.15515515516 1.0 0.903569980268 1.18339648421 
8.13813813814 1.0 0.959898466376 0.833996543211 
-1.53153153153 1.0 -0.999229236959 -1.29799268419 
-0.990990990991 1.0 -0.836569314705 -1.01203668647 
1.05105105105 1.0 0.867945718946 0.870960385989 
-9.25925925926 1.0 -0.164763965562 -0.314843234681 
9.23923923924 1.0 0.184476035731 0.211059829628 
5.57557557558 1.0 -0.650019222236 -0.615443535531 
2.89289289289 1.0 0.246143932464 0.27474320412 
-4.43443443443 1.0 0.961618700226 1.40714986914 
-4.59459459459 1.0 0.993070259711 1.40688191068 
-9.71971971972 1.0 0.290684124469 -0.0471972274198 
1.39139139139 1.0 0.983950052752 0.980642493897 
0.890890890891 1.0 0.777632176518 0.784702923093 
-8.97897897898 1.0 -0.431178912314 -0.473195962058 
-6.87687687688 1.0 -0.559424700424 -0.585186382707 
-9.95995995996 1.0 0.509997599178 0.0888069763433 
9.75975975976 1.0 -0.328751980598 -0.178154462714 
2.33233233233 1.0 0.723776968945 0.741674016712 
2.31231231231 1.0 0.737445499834 0.754544354918 
8.27827827828 1.0 0.911328515751 0.78288321067 
-2.73273273273 1.0 -0.397563478837 -0.502623871362 
9.5995995996 1.0 -0.173932497848 -0.0568688291315 
8.21821821822 1.0 0.934395989648 0.806153060276 
-7.83783783784 1.0 -0.999869691753 -0.891618285845 
-7.05705705706 1.0 -0.698909584547 -0.707080366445 
2.95295295295 1.0 0.187522900919 0.215299145951 
-5.85585585586 1.0 0.41444188151 0.51006988518 
-3.55355355355 1.0 0.400406942668 0.796185089247 
5.2952952953 1.0 -0.834866389361 -0.817142379277 
-3.29329329329 1.0 0.151119458915 0.415607546333 
-4.45445445445 1.0 0.966918909573 1.40879489069 
-0.530530530531 1.0 -0.505991015532 -0.577880669657 
-7.95795795796 1.0 -0.994599330244 -0.876875309343 
4.31431431431 1.0 -0.921809046742 -0.930343058556 
0.850850850851 1.0 0.75184168035 0.759911362249 
4.77477477477 1.0 -0.998054637396 -0.997985830501 
-8.33833833834 1.0 -0.884974675839 -0.774584734832 
3.91391391391 1.0 -0.69779981921 -0.705220045872 
-2.11211211211 1.0 -0.857031446499 -1.19011722064 
3.55355355355 1.0 -0.400406942668 -0.395931132313 
-3.09309309309 1.0 -0.0484805492288 0.0865808066835 
3.75375375375 1.0 -0.574637462441 -0.577949039483 
9.67967967968 1.0 -0.252150304413 -0.117483790813 
1.63163163163 1.0 0.998150103477 0.994600097995 
1.61161161161 1.0 0.999167171889 0.995466237132 
1.93193193193 1.0 0.935496175869 0.938007199721 
-5.37537537538 1.0 0.788157702332 1.01094357049 
8.77877877878 1.0 0.601996584369 0.522883161334 
8.45845845846 1.0 0.822799547447 0.701855556844 
-4.17417417417 1.0 0.858625146533 1.33949557152 
9.6996996997 1.0 -0.271471615699 -0.13265193431 
7.47747747748 1.0 0.929955638285 0.894830579073 
8.37837837838 1.0 0.865626143701 0.739848331747 
4.09409409409 1.0 -0.81486800406 -0.824288486504 
8.67867867868 1.0 0.678779469621 0.582982308717 
-9.23923923924 1.0 -0.184476035731 -0.326395732781 
5.13513513514 1.0 -0.911965725448 -0.901126191721 
7.95795795796 1.0 0.994599330244 0.882177179696 
-0.650650650651 1.0 -0.605704250039 -0.701904655797 
-1.99199199199 1.0 -0.912600742763 -1.2540570977 
4.61461461461 1.0 -0.995223893414 -0.998779709931 
2.23223223223 1.0 0.789111039566 0.802945700744 
5.21521521522 1.0 -0.87622408965 -0.862161962563 
-1.61161161161 1.0 -0.999167171889 -1.31170654226 
6.17617617618 1.0 -0.106805021793 -0.0248181670858 
-7.6976976977 1.0 -0.987812502254 -0.896101361346 
6.4964964965 1.0 0.211697196671 0.304096372723 
-6.57657657658 1.0 -0.289200237681 -0.318095961144 
-7.73773773774 1.0 -0.993251282848 -0.896295319651 
-6.47647647648 1.0 -0.19208980849 -0.213898810565 
-3.79379379379 1.0 0.606937230307 1.07250009813 
3.41341341341 1.0 -0.268485788917 -0.257545907524 
0.15015015015 1.0 0.149586594914 0.157488333547 
2.91291291291 1.0 0.226691833081 0.255063240163 
3.39339339339 1.0 -0.249148316352 -0.237267224433 
-6.65665665666 1.0 -0.36484968073 -0.396455852918 
-1.45145145145 1.0 -0.992886849216 -1.2761034463 
3.71371371371 1.0 -0.541416556108 -0.543377309334 
6.5965965966 1.0 0.308305540605 0.398718834789 
-4.11411411411 1.0 0.826308470068 1.31108837521 
-8.51851851852 1.0 -0.787202470352 -0.702539964537 
-6.25625625626 1.0 0.0269257963344 0.0342838861436 
2.51251251251 1.0 0.588401237484 0.612703094516 
8.25825825826 1.0 0.919387180273 0.790859762457 
-3.15315315315 1.0 0.0115602420643 0.187063082941 
2.73273273273 1.0 0.397563478837 0.42628110727 
-8.65865865866 1.0 -0.693344009372 -0.638568350231 
8.87887887888 1.0 0.519186710331 0.459570816527 
2.57257257257 1.0 0.53880679503 0.564769872598 
4.11411411411 1.0 -0.826308470068 -0.835786751161 
-7.17717717718 1.0 -0.779578080518 -0.771200419995 
-5.53553553554 1.0 0.679917243139 0.860190499129 
-1.59159159159 1.0 -0.999783786273 -1.30906532573 
-1.75175175175 1.0 -0.983672194447 -1.314907704 
3.51351351351 1.0 -0.363405633971 -0.357128263795 
-4.13413413413 1.0 0.837417761709 1.3211120519 
8.75875875876 1.0 0.617860839267 0.535172968062 
-9.93993993994 1.0 0.492675811867 0.0776762584855 
-6.97697697698 1.0 -0.639456909771 -0.656679197948 
7.65765765766 1.0 0.980790267476 0.911716137744 
-0.31031031031 1.0 -0.305354140677 -0.340137433312 
5.45545545546 1.0 -0.736397402892 -0.709838952417 
-4.97497497497 1.0 0.965721938658 1.29073925902 
-4.65465465465 1.0 0.998333836705 1.39907102234 
-5.91591591592 1.0 0.359068265792 0.439568151407 
9.15915915916 1.0 0.26250641876 0.268537113343 
-7.25725725726 1.0 -0.827180739833 -0.806308646531 
-3.91391391391 1.0 0.69779981921 1.17948744389 
-1.39139139139 1.0 -0.983950052752 -1.2545549206 
-9.81981981982 1.0 0.384846824231 0.0100649445784 
-4.51451451451 1.0 0.980486642048 1.41082183647 
-3.45345345345 1.0 0.306830209454 0.658435447023 
6.7967967968 1.0 0.491325964149 0.568864727034 
0.11011011011 1.0 0.109887744787 0.115852750192 
1.87187187187 1.0 0.955018091318 0.955779713652 
9.4994994995 1.0 -0.0746520259067 0.0185932518297 
-2.07207207207 1.0 -0.876970223046 -1.213990372 
5.7957957958 1.0 -0.468320967329 -0.416447030402 
-0.890890890891 1.0 -0.777632176518 -0.928730535491 
0.790790790791 1.0 0.710909644644 0.720416354409 
-2.17217217217 1.0 -0.824557973258 -1.14945957691 
-9.77977977978 1.0 0.347592070824 -0.0127521379758 
-0.550550550551 1.0 -0.523156507537 -0.598916426943 
-6.4964964965 1.0 -0.211697196671 -0.235248131517 
-0.41041041041 1.0 -0.398985690337 -0.449342618824 
-1.35135135135 1.0 -0.97601842181 -1.2378391388 
6.37637637638 1.0 0.0930562402792 0.184235267117 
4.81481481481 1.0 -0.994759058541 -0.993699290565 
8.1981981982 1.0 0.941340119153 0.81346240195 
9.1991991992 1.0 0.223670498102 0.239928452838 
-6.15615615616 1.0 0.126687794244 0.152668738686 
-2.83283283283 1.0 -0.303877337824 -0.345774663897 
0.650650650651 1.0 0.605704250039 0.618045778393 
9.3993993994 1.0 0.0253758371902 0.0934288921558 
-3.61361361361 1.0 0.454687183165 0.872762056612 
-6.55655655656 1.0 -0.269979026825 -0.297784213746 
5.67567567568 1.0 -0.570824460166 -0.528729736125 
5.3953953954 1.0 -0.775678794758 -0.752680822038 
-9.0990990991 1.0 -0.319952035985 -0.406373836738 
-7.91791791792 1.0 -0.997956771974 -0.882845209024 
5.23523523524 1.0 -0.866401418913 -0.851467315572 
-8.37837837838 1.0 -0.865626143701 -0.759689628191 
4.73473473473 1.0 -0.99975034402 -1.00063734433 
-3.13313313313 1.0 -0.00845941955823 0.153671144524 
-3.87387387387 1.0 0.668567805308 1.14618159966 
2.05205205205 1.0 0.886414355831 0.893061794703 
9.37937937938 1.0 0.0453829883483 0.108292955966 
6.3963963964 1.0 0.112969411094 0.204604907183 
9.63963963964 1.0 -0.213212289782 -0.0871601533233 
8.97897897898 1.0 0.431178912314 0.393442469153 
-4.39439439439 1.0 0.949864345085 1.40238156089 
3.01301301301 1.0 0.128225638051 0.154771711895 
3.69369369369 1.0 -0.524477262156 -0.525718921234 
2.21221221221 1.0 0.801249393857 0.814261001554 
-0.17017017017 1.0 -0.169350063744 -0.186159663195 
-3.33333333333 1.0 0.190567962875 0.478527996111 
3.65365365365 1.0 -0.489974935275 -0.489697396092 
-4.71471471471 1.0 0.999997295481 1.38719763752 
1.71171171171 1.0 0.990087845702 0.987467015569 
6.57657657658 1.0 0.289200237681 0.380242092121 
3.67367367367 1.0 -0.507327764109 -0.507822863707 
-3.41341341341 1.0 0.268485788917 0.60008988338 
-7.75775775776 1.0 -0.995374053792 -0.895941515722 
-2.59259259259 1.0 -0.521834495241 -0.705392377982 
9.61961961962 1.0 -0.193611192318 -0.0720092811234 
9.07907907908 1.0 0.338854295004 0.324883344771 
-6.13613613614 1.0 0.146519791772 0.176562975478 
-1.13113113113 1.0 -0.904894218889 -1.11479698915 
2.55255255255 1.0 0.555563147622 0.581005907116 
8.81881881882 1.0 0.569550710787 0.497921295551 
-4.63463463463 1.0 0.996978653508 1.40213031049 
9.01901901902 1.0 0.39471619201 0.366289341722 
-4.57457457457 1.0 0.990518615549 1.40856753747 
-0.770770770771 1.0 -0.69668837635 -0.819493109628 
9.41941941942 1.0 0.00535851570584 0.0785270257211 
-6.45645645646 1.0 -0.172405433055 -0.192313057218 
-2.15215215215 1.0 -0.835718856574 -1.1636603675 
3.53353353353 1.0 -0.381982835353 -0.376612989503 
-3.01301301301 1.0 -0.128225638051 -0.0480918779319 
-8.23823823824 1.0 -0.927077365617 -0.808716216246 
9.77977977978 1.0 -0.347592070824 -0.193313931932 
0.990990990991 1.0 0.836569314705 0.841090349701 
3.49349349349 1.0 -0.34468278404 -0.337486549679 
-9.31931931932 1.0 -0.105263273301 -0.280051522626 
-5.75575575576 1.0 0.503313872361 0.62492456965 
-9.53953953954 1.0 0.114509838728 -0.151675063559 
-4.87487487487 1.0 0.986828185163 1.33629025061 
1.81181181181 1.0 0.971096090611 0.970359941862 
1.35135135135 1.0 0.97601842181 0.973153238514 
-6.07607607608 1.0 0.205631771434 0.248458596512 
-5.13513513514 1.0 0.911965725448 1.19688169107 
-1.31131131131 1.0 -0.966522242485 -1.21930299665 
2.15215215215 1.0 0.835718856574 0.846278272891 
-7.57757757758 1.0 -0.96204298189 -0.888015556686 
1.15115115115 1.0 0.91323356617 0.913898137896 
3.09309309309 1.0 0.0484805492288 0.0728022412835 
7.4974974975 1.0 0.93712958481 0.898083188338 
6.27627627628 1.0 -0.00690897593668 0.0806368439367 
-5.8958958959 1.0 0.377679973455 0.463174858769 
-8.75875875876 1.0 -0.617860839267 -0.589381491304 
-1.79179179179 1.0 -0.975679725882 -1.31074078646 
-9.8998998999 1.0 0.45744688336 0.0552910383296 
4.79479479479 1.0 -0.996606561851 -0.996046834017 
-5.6956956957 1.0 0.554273288059 0.69177399207 
2.53253253253 1.0 0.572096837274 0.596985263454 
5.37537537538 1.0 -0.788157702332 -0.766279662782 
-0.690690690691 1.0 -0.637069722791 -0.741911060195 
1.11111111111 1.0 0.89619220103 0.897764699596 
-3.47347347347 1.0 0.325821789448 0.686941210656 
4.15415415415 1.0 -0.848191426515 -0.857694682315 
-4.05405405405 1.0 0.791012020637 1.27764245304 
8.93893893894 1.0 0.466950456861 0.420206806231 
6.33633633634 1.0 0.0531260071326 0.143111914204 
-6.27627627628 1.0 0.00690897593668 0.0109091776179 
-1.95195195195 1.0 -0.928235370545 -1.27029926468 
7.77777777778 1.0 0.997097890944 0.90810464209 
-5.77577577578 1.0 0.485914794209 0.602269726771 
8.05805805806 1.0 0.979248576653 0.857983297827 
1.21121121121 1.0 0.936042896216 0.935451316955 
2.67267267267 1.0 0.451923110669 0.47992138357 
-3.71371371371 1.0 0.541416556108 0.989444652265 
-1.81181181181 1.0 -0.971096090611 -1.30778335502 
0.39039039039 1.0 0.380549461752 0.394435763012 
5.55555555556 1.0 -0.665101514979 -0.631942568671 
-2.09209209209 1.0 -0.867174611281 -1.20237586319 
9.27927927928 1.0 0.144985860003 0.181953646689 
1.49149149149 1.0 0.996857019318 0.992919767126 
5.15515515516 1.0 -0.903569980268 -0.891962607744 
-3.51351351351 1.0 0.363405633971 0.742545289668 
7.83783783784 1.0 0.999869691753 0.902101086198 
3.25325325325 1.0 -0.111428711879 -0.0931727931284 
-2.63263263263 1.0 -0.487269347053 -0.649780113628 
-4.55455455455 1.0 0.987569983594 1.4097884518 
3.07307307307 1.0 0.0684659772958 0.0934022983722 
7.6976976977 1.0 0.987812502254 0.911787974047 
4.59459459459 1.0 -0.993070259711 -0.99704123299 
-10.0 1.0 0.544021110889 0.110937958336 
-9.87987987988 1.0 0.439553861488 0.0440393052825 
-3.65365365365 1.0 0.489974935275 0.921114152501 
-1.73173173173 1.0 -0.987077824457 -1.31612778808 
-0.0700700700701 1.0 -0.0700127456343 -0.0767337636633 
-5.97597597598 1.0 0.302399804444 0.368251720045 
3.87387387387 1.0 -0.668567805308 -0.675164905869 
0.670670670671 1.0 0.62151153354 0.633508000916 
7.1971971972 1.0 0.791959659904 0.811444431839 
-8.2982982983 1.0 -0.902904601864 -0.788785767243 
7.87787787788 1.0 0.99971449835 0.896608382304 
0.930930930931 1.0 0.802176135594 0.808229905462 
-5.0950950951 1.0 0.927657483133 1.222702489 
-6.83683683684 1.0 -0.525796755923 -0.554006421658 
2.47247247247 1.0 0.620296125676 0.64333562205 
-1.93193193193 1.0 -0.935496175869 -1.27748530389 
-7.0970970971 1.0 -0.726978798959 -0.729987148052 
7.31731731732 1.0 0.859418901282 0.855943337773 
-5.43543543544 1.0 0.749793457774 0.956715487884 
-0.830830830831 1.0 -0.738491823944 -0.875273838264 
-2.97297297297 1.0 -0.167821766571 -0.1152498425 
0.29029029029 1.0 0.286230381945 0.298697096517 
-6.1961961962 1.0 0.0868794431893 0.105060841328 
3.85385385385 1.0 -0.653546911213 -0.659680424234 
7.55755755756 1.0 0.956387136503 0.905749426049 
7.43743743744 1.0 0.914492625181 0.887265189212 
7.3973973974 1.0 0.897563688968 0.878271931677 
-6.77677677678 1.0 -0.473791717778 -0.50455383429 
-3.49349349349 1.0 0.34468278404 0.714982427778 
-9.05905905906 1.0 -0.357620745349 -0.428858773536 
0.23023023023 1.0 0.228201684929 0.239111427497 
8.3983983984 1.0 0.855429505195 0.730636411217 
2.81281281281 1.0 0.322888465175 0.35192548073 
6.47647647648 1.0 0.19208980849 0.284547603754 
