-9.85985985986 1.0 0.421484671785 0.418584418508 
6.35635635636 1.0 0.0731057736575 0.0661924845762 
-2.81281281281 1.0 -0.322888465175 -0.339258778502 
-2.95295295295 1.0 -0.187522900919 -0.171502126051 
1.89189189189 1.0 0.948890220341 0.947336180805 
4.67467467467 1.0 -0.999288899866 -0.999221198143 
-6.3963963964 1.0 -0.112969411094 -0.114339244669 
-5.4954954955 1.0 0.708725363073 0.703475035368 
-8.7987987988 1.0 -0.585891056576 -0.587630332759 
-9.55955955956 1.0 0.13437389375 0.114478555131 
-8.53853853854 1.0 -0.774699305584 -0.769161758337 
-6.53653653654 1.0 -0.250649611665 -0.258223418367 
7.33733733734 1.0 0.869481672757 0.86957309434 
6.83683683684 1.0 0.525796755923 0.544045685869 
1.45145145145 1.0 0.992886849216 0.994468747427 
-7.71771771772 1.0 -0.990730428893 -1.0002104446 
1.65165165165 1.0 0.996732988666 0.996695554908 
-0.0900900900901 1.0 -0.0899682743046 -0.084906316609 
1.23123123123 1.0 0.942899611382 0.945242636914 
3.59359359359 1.0 -0.436766402789 -0.43717306321 
0.870870870871 1.0 0.764890207772 0.764336287173 
-7.63763763764 1.0 -0.976688773762 -0.989524419184 
0.37037037037 1.0 0.361960713579 0.35644785632 
9.35935935936 1.0 0.0653719505576 0.123753304353 
3.13313313313 1.0 0.00845941955822 0.0113228583065 
7.81781781782 1.0 0.999346160464 0.957901037479 
-1.17117117117 1.0 -0.921206900567 -0.905719371781 
-2.37237237237 1.0 -0.695575258639 -0.779570384121 
-6.33633633634 1.0 -0.0531260071326 -0.0521339270765 
8.07807807808 1.0 0.974995298193 0.918934511418 
-7.81781781782 1.0 -0.999346160464 -1.00465296927 
-4.29429429429 1.0 0.913864194148 0.971308135276 
-4.77477477477 1.0 0.998054637396 0.997083095067 
-5.7957957958 1.0 0.468320967329 0.4732629806 
-8.6986986987 1.0 -0.66394288333 -0.66235029282 
8.23823823824 1.0 0.927077365617 0.868603825351 
-0.13013013013 1.0 -0.1297631736 -0.122995794209 
0.13013013013 1.0 0.1297631736 0.127446630758 
-8.61861861862 1.0 -0.721633711464 -0.717821309125 
-7.07707707708 1.0 -0.713087090062 -0.73826860865 
8.91891891892 1.0 0.484559073218 0.479284738832 
2.29229229229 1.0 0.750818471552 0.750729557651 
-8.87887887888 1.0 -0.519186710331 -0.523903568022 
8.95895895896 1.0 0.449154692451 0.449479613709 
-0.19019019019 1.0 -0.189045659132 -0.179581469578 
-4.33433433433 1.0 0.929384449502 0.980878899584 
-0.39039039039 1.0 -0.380549461752 -0.361698525662 
-4.53453453453 1.0 0.984225545624 1.00791848127 
4.47447447447 1.0 -0.971831589603 -0.967946279355 
-8.15815815816 1.0 -0.9540939133 -0.948639066953 
4.19419419419 1.0 -0.868714740054 -0.864828481416 
4.91491491491 1.0 -0.979561626072 -0.988787835051 
-5.5955955956 1.0 0.634676409709 0.633210978031 
-9.03903903904 1.0 -0.376243865658 -0.387197548509 
-1.05105105105 1.0 -0.867945718946 -0.844676333249 
-0.870870870871 1.0 -0.764890207772 -0.735621139146 
5.11511511512 1.0 -0.919995965877 -0.939611749475 
-8.55855855856 1.0 -0.761885650774 -0.756728825223 
2.27227227227 1.0 0.763890524376 0.763616272052 
3.15315315315 1.0 -0.0115602420643 -0.00886696370932 
3.99399399399 1.0 -0.752863081707 -0.750953361517 
-8.3983983984 1.0 -0.855429505195 -0.848262334004 
-4.89489489489 1.0 0.983391971377 0.97486854185 
7.11711711712 1.0 0.740579143612 0.75443897401 
0.830830830831 1.0 0.738491823944 0.737368962598 
-1.55155155155 1.0 -0.999814825028 -1.02573805514 
0.03003003003 1.0 0.0300255167065 0.0305854956676 
8.73873873874 1.0 0.633477463068 0.605402507766 
-8.8988988989 1.0 -0.501973484202 -0.507462003493 
-9.51951951952 1.0 0.094599889559 0.0740698254874 
-9.41941941942 1.0 -0.00535851570584 -0.0261876483411 
-6.23623623624 1.0 0.046931825201 0.0512069000661 
3.77377377377 1.0 -0.590905760288 -0.590915900784 
-6.8968968969 1.0 -0.575905704393 -0.597936444874 
-4.83483483483 1.0 0.99251286792 0.98734639095 
0.21021021021 1.0 0.208665487323 0.204698272966 
-1.77177177177 1.0 -0.979872320608 -1.03464356622 
-8.67867867868 1.0 -0.678779469621 -0.676590143547 
0.970970970971 1.0 0.825434213842 0.826155882532 
-1.71171171171 1.0 -0.990087845702 -1.03716780226 
-0.49049049049 1.0 -0.471058607419 -0.447922350403 
6.01601601602 1.0 -0.264002216892 -0.294523107528 
-8.77877877878 1.0 -0.601996584369 -0.603028673577 
7.7977977978 1.0 0.998422103411 0.958521594032 
-0.670670670671 1.0 -0.62151153354 -0.592876990186 
0.950950950951 1.0 0.813968289004 0.814456538323 
-8.11811811812 1.0 -0.965318303844 -0.960689521419 
-9.57957957958 1.0 0.154184093352 0.134728584449 
7.25725725726 1.0 0.827180739833 0.833127755031 
-4.75475475475 1.0 0.999102704803 0.99971448038 
-2.77277277277 1.0 -0.360514923027 -0.385641038825 
3.17317317317 1.0 -0.0315752704827 -0.0290576029718 
-2.49249249249 1.0 -0.604469813648 -0.677509982795 
-3.31331331331 1.0 0.170877953796 0.262490368252 
-3.77377377377 1.0 0.590905760288 0.70881261321 
-5.73573573574 1.0 0.520511228445 0.523822848508 
-3.89389389389 1.0 0.683320745574 0.793012347286 
-5.33533533534 1.0 0.812162990678 0.801442362093 
-9.45945945946 1.0 0.034674546587 0.0137593093078 
-5.41541541542 1.0 0.762889004574 0.754723610702 
-7.67767767768 1.0 -0.984498672401 -0.995665098784 
-3.93393393393 1.0 0.711999223182 0.817873012264 
-9.17917917918 1.0 -0.243137181641 -0.259085181722 
9.71971971972 1.0 -0.290684124469 -0.197126403834 
-7.8978978979 1.0 -0.999035835857 -1.00119039422 
1.51151151151 1.0 0.998243169988 0.999380252453 
-8.27827827828 1.0 -0.911328515751 -0.904301402705 
6.87687687688 1.0 0.559424700424 0.578053091967 
4.45445445445 1.0 -0.966918909573 -0.962849833743 
-0.01001001001 1.0 -0.0100098428432 -0.00806491543005 
-1.11111111111 1.0 -0.89619220103 -0.876437149881 
-3.99399399399 1.0 0.752863081707 0.852168419148 
-4.09409409409 1.0 0.81486800406 0.901429863787 
0.0500500500501 1.0 0.0500291567086 0.0499448690132 
7.15715715716 1.0 0.766884055736 0.778827679668 
-2.93293293293 1.0 -0.207148878373 -0.195842742918 
-6.93693693694 1.0 -0.608168751487 -0.631214351695 
7.57757757758 1.0 0.96204298189 0.941236620677 
4.33433433433 1.0 -0.929384449502 -0.924871967636 
-6.21621621622 1.0 0.066919044364 0.0717330804111 
8.57857857858 1.0 0.748766641479 0.704973936693 
8.0980980981 1.0 0.970351253498 0.913681657695 
1.53153153153 1.0 0.999229236959 1.00020555201 
8.998998999 1.0 0.413030320922 0.419088572829 
6.41641641642 1.0 0.132837305145 0.130419291018 
-6.61661661662 1.0 -0.327287278425 -0.338547999445 
7.67767767768 1.0 0.984498672401 0.954667620796 
6.996996997 1.0 0.654719669029 0.672460029125 
5.05505505506 1.0 -0.941862214566 -0.958239812266 
-3.03303303303 1.0 -0.108346513523 -0.0735514877893 
-5.63563563564 1.0 0.603233924101 0.603233920847 
-6.6966966967 1.0 -0.401827232414 -0.416644740932 
-8.43843843844 1.0 -0.834011915114 -0.827118456586 
-0.33033033033 1.0 -0.32435551719 -0.308289533588 
-7.01701701702 1.0 -0.669720024621 -0.694266698728 
5.87587587588 1.0 -0.396140311588 -0.432804675884 
-5.57557557558 1.0 0.650019222236 0.647803722149 
-4.49449449449 1.0 0.976354771373 1.00521620426 
0.570570570571 1.0 0.540112324789 0.535465868028 
8.11811811812 1.0 0.965318303844 0.908124652137 
9.25925925926 1.0 0.164763965562 0.209176157831 
-5.01501501502 1.0 0.954557149695 0.941783047367 
-4.01401401401 1.0 0.765888052358 0.862806013598 
-4.31431431431 1.0 0.921809046742 0.97627194134 
9.83983983984 1.0 -0.403246556161 -0.306537260286 
1.77177177177 1.0 0.979872320608 0.978917933848 
-3.83383383383 1.0 0.63826408348 0.752714058919 
4.41441441441 1.0 -0.955933085822 -0.951595199908 
-6.63663663664 1.0 -0.346137843492 -0.358307106771 
-8.5985985986 1.0 -0.735347535638 -0.731054381867 
-0.810810810811 1.0 -0.724845989014 -0.69502670952 
-2.33233233233 1.0 -0.723776968945 -0.809989681384 
3.37337337337 1.0 -0.229710988177 -0.228992237296 
4.69469469469 1.0 -0.999843460211 -1.00036236303 
5.01501501502 1.0 -0.954557149695 -0.968813580207 
-6.996996997 1.0 -0.654719669029 -0.678959783096 
2.39239239239 1.0 0.681053382124 0.681975926187 
-3.53353353353 1.0 0.381982835353 0.498330393459 
-4.73473473473 1.0 0.99975034402 1.0020367253 
-6.81681681682 1.0 -0.508663293061 -0.52819071301 
-1.69169169169 1.0 -0.992701051804 -1.03716044919 
5.03503503504 1.0 -0.948399735659 -0.963711288719 
3.03303303303 1.0 0.108346513523 0.111942408638 
-4.61461461461 1.0 0.995223893414 1.00939693407 
5.75575575576 1.0 -0.503313872361 -0.542696700028 
-3.97397397397 1.0 0.739536372707 0.841134641682 
1.67167167167 1.0 0.994916395419 0.994712839612 
-7.45745745746 1.0 -0.922408976872 -0.942057799318 
5.07507507508 1.0 -0.934947206573 -0.952399261555 
6.13613613614 1.0 -0.146519791772 -0.169671050653 
-7.15715715716 1.0 -0.766884055736 -0.792236226548 
6.97697697698 1.0 0.639456909771 0.657556957263 
3.89389389389 1.0 -0.683320745574 -0.682420266561 
-4.25425425425 1.0 0.896879023055 0.960298733118 
7.27727727728 1.0 0.838264195546 0.84282635495 
1.69169169169 1.0 0.992701051804 0.992335263562 
9.0990990991 1.0 0.319952035985 0.340730138269 
-4.91491491491 1.0 0.979561626072 0.970104508309 
-3.69369369369 1.0 0.524477262156 0.644732760826 
-1.57157157157 1.0 -0.999999699498 -1.02855250101 
3.11311311311 1.0 0.0284756907485 0.0315027484727 
9.51951951952 1.0 -0.094599889559 -0.0168368804104 
-3.57357357357 1.0 0.41867057176 0.537116559204 
-1.15115115115 1.0 -0.91323356617 -0.896241112972 
-4.15415415415 1.0 0.848191426515 0.926334073493 
-7.1971971972 1.0 -0.791959659904 -0.817108815244 
5.995995996 1.0 -0.2832577738 -0.314834812993 
8.35835835836 1.0 0.875475849797 0.819075759268 
0.01001001001 1.0 0.0100098428432 0.0112466300938 
8.85885885886 1.0 0.536191852752 0.52283251146 
-5.61561561562 1.0 0.61907922661 0.618353412705 
1.07107107107 1.0 0.877714248189 0.879391637233 
-1.47147147147 1.0 -0.995071340501 -1.01072650653 
1.99199199199 1.0 0.912600742763 0.910900080071 
9.43943943944 1.0 -0.0146609534063 0.0539818126445 
-6.5965965966 1.0 -0.308305540605 -0.318649537171 
-7.7977977978 1.0 -0.998422103411 -1.00454985308 
3.33333333333 1.0 -0.190567962875 -0.189511750939 
-0.850850850851 1.0 -0.75184168035 -0.72231286712 
6.73673673674 1.0 0.438160658811 0.454041673684 
-1.23123123123 1.0 -0.942899611382 -0.932406761337 
2.61261261261 1.0 0.504653050544 0.507755795129 
-7.3973973974 1.0 -0.897563688968 -0.919047145712 
-0.510510510511 1.0 -0.488622728493 -0.464710576398 
1.55155155155 1.0 0.999814825028 1.00062605574 
-9.5995995996 1.0 0.173932497848 0.155002524082 
-9.35935935936 1.0 -0.0653719505576 -0.0856170180962 
8.51851851852 1.0 0.787202470352 0.738873950483 
2.59259259259 1.0 0.521834495241 0.524768708817 
6.67667667668 1.0 0.38341529066 0.396967918185 
2.03203203203 1.0 0.895503224543 0.893844799107 
7.01701701702 1.0 0.669720024621 0.687016947076 
1.59159159159 1.0 0.999783786273 1.00025663557 
-8.81881881882 1.0 -0.569550710787 -0.572013989091 
7.75775775776 1.0 0.995374053792 0.958691892658 
6.63663663664 1.0 0.346137843492 0.357797573926 
-4.07407407407 1.0 0.803100948886 0.89235893044 
-2.79279279279 1.0 -0.341770182763 -0.362558810087 
-7.55755755756 1.0 -0.956387136503 -0.972436708422 
-7.35735735736 1.0 -0.879195966573 -0.901734907523 
-5.21521521522 1.0 0.87622408965 0.862866584139 
5.83583583584 1.0 -0.432577348176 -0.470421661604 
-9.13913913914 1.0 -0.281770446506 -0.296389646133 
4.85485485485 1.0 -0.989868890237 -0.996348040101 
-2.61261261261 1.0 -0.504653050544 -0.56057213393 
0.810810810811 1.0 0.724845989014 0.72343153233 
-1.49149149149 1.0 -0.996857019318 -1.01503217727 
-3.25325325325 1.0 0.111428711879 0.19276988565 
-3.59359359359 1.0 0.436766402789 0.555977946962 
8.47847847848 1.0 0.811257411747 0.760352203656 
-1.91191191191 1.0 -0.942382045726 -1.01330593524 
9.53953953954 1.0 -0.114509838728 -0.0346810066134 
-0.45045045045 1.0 -0.435371096772 -0.413877076569 
-2.29229229229 1.0 -0.750818471552 -0.838534147914 
-3.19319319319 1.0 0.0515776439174 0.121414912891 
-7.37737737738 1.0 -0.888557889358 -0.910587030949 
6.15615615616 1.0 -0.126687794244 -0.148466630768 
-8.0980980981 1.0 -0.970351253498 -0.966188568427 
1.43143143143 1.0 0.99030442098 0.992018359327 
-8.93893893894 1.0 -0.466950456861 -0.474000337926 
-2.87287287287 1.0 -0.265497380359 -0.268220936379 
-0.47047047047 1.0 -0.453305691794 -0.430976508484 
-5.3953953954 1.0 0.775678794758 0.76683141256 
1.01101101101 1.0 0.84736912878 0.848517794542 
0.630630630631 1.0 0.589654207656 0.585691551156 
8.55855855856 1.0 0.761885650774 0.716493369153 
-5.03503503504 1.0 0.948399735659 0.935223000798 
0.41041041041 1.0 0.398985690337 0.393427282276 
4.29429429429 1.0 -0.913864194148 -0.909424839794 
8.63863863864 1.0 0.707630665292 0.669143163092 
8.71871871872 1.0 0.648840196822 0.618535974094 
-3.07307307307 1.0 -0.0684659772958 -0.0244783390593 
-5.65565565566 1.0 0.587146852786 0.587855591855 
-6.0960960961 1.0 0.185999691898 0.193084170943 
-8.25825825826 1.0 -0.919387180273 -0.912524229404 
2.87287287287 1.0 0.265497380359 0.269654130537 
-9.4994994995 1.0 0.0746520259067 0.0539209992122 
-2.51251251251 1.0 -0.588401237484 -0.658999756188 
7.03703703704 1.0 0.684451964588 0.701222528873 
-2.21221221221 1.0 -0.801249393857 -0.889881573887 
1.17117117117 1.0 0.921206900567 0.923431438921 
2.07207207207 1.0 0.876970223046 0.875412340614 
1.03103103103 1.0 0.857829327634 0.859169852126 
-8.01801801802 1.0 -0.986576173517 -0.984606290344 
-9.33933933934 1.0 -0.0853347124856 -0.105275527871 
3.43343343343 1.0 -0.28771565565 -0.287444932535 
3.05305305305 1.0 0.0884239650333 0.0918923877873 
1.27127127127 1.0 0.955476737061 0.957813150815 
-3.05305305305 1.0 -0.0884239650333 -0.0490079446926 
-0.37037037037 1.0 -0.361960713579 -0.344026395052 
0.590590590591 1.0 0.556851671602 0.552417457228 
4.35435435435 1.0 -0.936587366299 -0.932076313477 
5.27527527528 1.0 -0.845718424022 -0.873778682043 
0.510510510511 1.0 0.488622728493 0.483454419625 
6.23623623624 1.0 -0.046931825201 -0.062935233987 
-1.67167167167 1.0 -0.994916395419 -1.03673689183 
-6.31631631632 1.0 -0.0331249483513 -0.0314047075375 
0.33033033033 1.0 0.32435551719 0.319017905724 
-4.85485485485 1.0 0.989868890237 0.983490358592 
8.2982982983 1.0 0.902904601864 0.845039932253 
2.77277277277 1.0 0.360514923027 0.364547774689 
-1.01101101101 1.0 -0.84736912878 -0.822180866334 
-4.27427427427 1.0 0.905553075921 0.96598467158 
-0.610610610611 1.0 -0.573367839051 -0.546150568551 
-8.03803803804 1.0 -0.983109384216 -0.980544476247 
-4.99499499499 1.0 0.960331988856 0.948045300673 
-6.73673673674 1.0 -0.438160658811 -0.454651915718 
7.37737737738 1.0 0.888557889358 0.885439210036 
-1.29129129129 1.0 -0.961192106815 -0.956378537405 
-2.03203203203 1.0 -0.895503224543 -0.97696324522 
3.45345345345 1.0 -0.306830209454 -0.306689202746 
-8.05805805806 1.0 -0.979248576653 -0.976119004436 
4.87487487487 1.0 -0.986828185163 -0.994196099521 
3.63363363363 1.0 -0.472425730458 -0.472855445203 
-4.47447447447 1.0 0.971831589603 1.0033664589 
-7.93793793794 1.0 -0.996477739177 -0.997162592188 
4.93493493493 1.0 -0.975338684403 -0.985530938678 
-7.41741741742 1.0 -0.906209755988 -0.927113375618 
-5.23523523524 1.0 0.866401418913 0.853356784253 
-9.67967967968 1.0 0.252150304413 0.236240764189 
-8.45845845846 1.0 -0.822799547447 -0.816101693651 
5.41541541542 1.0 -0.762889004574 -0.797197332811 
-9.43943943944 1.0 0.0146609534063 -0.00624352978522 
2.19219219219 1.0 0.813066617154 0.812139611268 
-2.55255255255 1.0 -0.555563147622 -0.620772419221 
-2.65265265265 1.0 -0.469690351946 -0.518668540737 
5.91591591592 1.0 -0.359068265792 -0.394287270679 
4.49449449449 1.0 -0.976354771373 -0.972687407401 
-9.1991991992 1.0 -0.223670498102 -0.240242910903 
8.7987987988 1.0 0.585891056576 0.564903739371 
0.25025025025 1.0 0.247646422081 0.243076809157 
-0.25025025025 1.0 -0.247646422081 -0.235374756542 
-2.89289289289 1.0 -0.246143932464 -0.244220167729 
-4.21421421421 1.0 0.878456163293 0.94782818522 
-7.11711711712 1.0 -0.740579143612 -0.765942782095 
2.11211211211 1.0 0.857031446499 0.855631002015 
6.45645645646 1.0 0.172405433055 0.172888430494 
0.690690690691 1.0 0.637069722791 0.633905480466 
-1.37137137137 1.0 -0.980180659514 -0.983899448495 
1.37137137137 1.0 0.980180659514 0.98222734652 
3.81381381381 1.0 -0.622725447279 -0.622481025738 
9.87987987988 1.0 -0.439553861488 -0.343071159854 
0.27027027027 1.0 0.266991905564 0.262176371737 
7.2972972973 1.0 0.849011685183 0.852134109505 
8.5985985986 1.0 0.735347535638 0.693239981601 
-6.75675675676 1.0 -0.456067581459 -0.473360391782 
-6.85685685686 1.0 -0.542719485852 -0.563573082047 
8.6986986987 1.0 0.66394288333 0.631480387129 
7.13713713714 1.0 0.753882673169 0.766821232903 
3.29329329329 1.0 -0.151119458915 -0.149705145366 
1.85185185185 1.0 0.960763202681 0.959362734849 
-7.21721721722 1.0 -0.804023831509 -0.829000906186 
5.71571571572 1.0 -0.537499969971 -0.577237038296 
6.71671671672 1.0 0.42007812671 0.435254535753 
-5.25525525526 1.0 0.856231505045 0.843555003867 
-7.85785785786 1.0 -0.999992487454 -1.00369282744 
4.57457457457 1.0 -0.990518615549 -0.988079816278 
2.97297297297 1.0 0.167821766571 0.171729623763 
-6.37637637638 1.0 -0.0930562402792 -0.093611710555 
-9.3993993994 1.0 -0.0253758371902 -0.0460679871672 
-5.995995996 1.0 0.2832577738 0.290865903275 
-9.63963963964 1.0 0.213212289782 0.195602735968 
-2.69269269269 1.0 -0.433974744115 -0.475469278389 
-0.15015015015 1.0 -0.149586594914 -0.141936573009 
-2.67267267267 1.0 -0.451923110669 -0.497224025396 
4.39439439439 1.0 -0.949864345085 -0.94543926776 
6.1961961962 1.0 -0.0868794431893 -0.105820255606 
-8.35835835836 1.0 -0.875475849797 -0.868194210872 
-1.03103103103 1.0 -0.857829327634 -0.833558049024 
-2.25225225225 1.0 -0.776656419186 -0.865172438731 
0.43043043043 1.0 0.417262010319 0.411726661614 
-8.998998999 1.0 -0.413030320922 -0.422433992411 
2.17217217217 1.0 0.824557973258 0.823494072812 
-8.31831831832 1.0 -0.894118814814 -0.886883759566 
-8.95895895896 1.0 -0.449154692451 -0.456989874717 
-2.43243243243 1.0 -0.651196684992 -0.730516310033 
2.09209209209 1.0 0.867174611281 0.865688475835 
4.95495495495 1.0 -0.970724838874 -0.981905219258 
1.41141141141 1.0 0.987325090799 0.989161169875 
-3.67367367367 1.0 0.507327764109 0.627738646659 
2.41241241241 1.0 0.666258547712 0.667392908558 
2.71271271271 1.0 0.415852445773 0.419633787959 
-9.47947947948 1.0 0.054674242632 0.033815826657 
-4.03403403403 1.0 0.778606064409 0.873049059211 
6.91691691692 1.0 0.592155892373 0.610827445934 
6.77677677678 1.0 0.473791717778 0.490856325481 
-0.21021021021 1.0 -0.208665487323 -0.198274475493 
0.49049049049 1.0 0.471058607419 0.46576018825 
7.35735735736 1.0 0.879195966573 0.877702953376 
0.45045045045 1.0 0.435371096772 0.42988768648 
4.63463463463 1.0 -0.996978653508 -0.995849764526 
-5.17517517518 1.0 0.894812095251 0.881007796069 
-4.37437437437 1.0 0.943414910292 0.989033421669 
9.85985985986 1.0 -0.421484671785 -0.324803585495 
4.53453453453 1.0 -0.984225545624 -0.981099828225 
-2.71271271271 1.0 -0.415852445773 -0.453418606077 
-2.75275275275 1.0 -0.379115173303 -0.408489047188 
-5.2952952953 1.0 0.834866389361 0.823078237079 
7.5975975976 1.0 0.967313252172 0.944682070001 
-2.57257257257 1.0 -0.53880679503 -0.601075789743 
8.15815815816 1.0 0.9540939133 0.896113022644 
7.91791791792 1.0 0.997956771974 0.949570006878 
-4.93493493493 1.0 0.975338684403 0.965039458971 
-4.19419419419 1.0 0.868714740054 0.941037994751 
4.89489489489 1.0 -0.983391971377 -0.991676133081 
1.95195195195 1.0 0.928235370545 0.926550844113 
-1.09109109109 1.0 -0.887131000257 -0.866119999087 
6.61661661662 1.0 0.327287278425 0.337906687567 
7.97797797798 1.0 0.992322298019 0.94050812628 
9.57957957958 1.0 -0.154184093352 -0.0705143319355 
5.85585585586 1.0 -0.41444188151 -0.45172991943 
-5.83583583584 1.0 0.432577348176 0.438416547125 
0.17017017017 1.0 0.169350063744 0.166133969806 
0.0700700700701 1.0 0.0700127456343 0.0693178063169 
-0.970970970971 1.0 -0.825434213842 -0.79866572282 
3.61361361361 1.0 -0.454687183165 -0.45511330518 
-1.85185185185 1.0 -0.960763202681 -1.0251604601 
-9.83983983984 1.0 0.403246556161 0.398426533873 
2.35235235235 1.0 0.709818357066 0.710323529387 
2.25225225225 1.0 0.776656419186 0.776204803933 
-8.1981981982 1.0 -0.941340119153 -0.935206604976 
5.31531531532 1.0 -0.823679750423 -0.853682524984 
4.43443443443 1.0 -0.961618700226 -0.957399108419 
-7.13713713714 1.0 -0.753882673169 -0.779264702796 
-4.35435435435 1.0 0.936587366299 0.985131803468 
-4.81481481481 1.0 0.994759058541 0.990897897933 
-5.67567567568 1.0 0.570824460166 0.572221716102 
9.03903903904 1.0 0.376243865658 0.388139487216 
-6.67667667668 1.0 -0.38341529066 -0.397365723513 
5.17517517518 1.0 -0.894812095251 -0.917669681694 
-9.65965965966 1.0 0.232727934358 0.215919400418 
-1.63163163163 1.0 -0.998150103477 -1.03466121092 
-3.37337337337 1.0 0.229710988177 0.330188966661 
9.33933933934 1.0 0.0853347124856 0.141008118281 
-7.51751751752 1.0 -0.943927941216 -0.961486097384 
4.55455455455 1.0 -0.987569983594 -0.984769302764 
-5.07507507508 1.0 0.934947206573 0.921211662674 
4.21421421421 1.0 -0.878456163293 -0.874423522084 
5.35535535536 1.0 -0.800320725902 -0.832151579404 
7.05705705706 1.0 0.698909584547 0.715071911293 
9.11911911912 1.0 0.30092154409 0.324677945174 
6.25625625626 1.0 -0.0269257963344 -0.0414329447674 
-6.2962962963 1.0 -0.0131106134944 -0.0106958055017 
7.21721721722 1.0 0.804023831509 0.812563561105 
-2.91291291291 1.0 -0.226691833081 -0.220088118742 
5.63563563564 1.0 -0.603233924101 -0.642862656636 
5.8958958959 1.0 -0.377679973455 -0.413654259702 
-5.55555555556 1.0 0.665101514979 0.662128938578 
-5.81581581582 1.0 0.450539443112 0.455950441952 
5.33533533534 1.0 -0.812162990678 -0.843095560547 
5.5955955956 1.0 -0.634676409709 -0.673856943467 
-5.93593593594 1.0 0.340312647942 0.347621396703 
-9.6996996997 1.0 0.271471615699 0.256562125075 
-7.61761761762 1.0 -0.972195835089 -0.98585394057 
-3.39339339339 1.0 0.249148316352 0.352244603487 
3.79379379379 1.0 -0.606937230307 -0.606826899267 
1.83183183183 1.0 0.96612325186 0.964817970914 
-3.73373373373 1.0 0.558138856901 0.67755786484 
5.1951951952 1.0 -0.885695580449 -0.909621490501 
-8.47847847848 1.0 -0.811257411747 -0.804793630216 
5.65565565566 1.0 -0.587146852786 -0.626902863337 
-7.27727727728 1.0 -0.838264195546 -0.862452012061 
-2.45245245245 1.0 -0.635873830576 -0.713276739148 
-6.91691691692 1.0 -0.592155892373 -0.614715091047 
-9.97997997998 1.0 0.527114985665 0.538547373199 
-9.7997997998 1.0 0.366292850383 0.35800756474 
8.17817817818 1.0 0.947906971008 0.889665850678 
4.05405405405 1.0 -0.791012020637 -0.788459163883 
-7.87787787788 1.0 -0.99971449835 -1.00263337781 
9.91991991992 1.0 -0.475156566095 -0.379598821075 
1.25125125125 1.0 0.949378423874 0.951726488502 
-1.87187187187 1.0 -0.955018091318 -1.02166746698 
1.73173173173 1.0 0.987077824457 0.986403605679 
-9.15915915916 1.0 -0.26250641876 -0.277802453644 
-5.47547547548 1.0 0.722706208904 0.716706597255 
-2.13213213213 1.0 -0.846544793956 -0.933459545071 
9.7997997998 1.0 -0.366292850383 -0.270019748447 
-1.89189189189 1.0 -0.948890220341 -1.01771725233 
-1.41141141141 1.0 -0.987325090799 -0.995669838384 
4.99499499499 1.0 -0.960331988856 -0.973546643444 
-1.19119119119 1.0 -0.928811026462 -0.914909353489 
-2.19219219219 1.0 -0.813066617154 -0.901507704985 
4.27427427427 1.0 -0.905553075921 -0.901185244503 
-6.51651651652 1.0 -0.231219739195 -0.237873276181 
-7.65765765766 1.0 -0.980790267476 -0.992794591907 
1.79179179179 1.0 0.975679725882 0.974598259757 
-0.790790790791 1.0 -0.710909644644 -0.681056151878 
-0.710710710711 1.0 -0.65237258226 -0.623075568384 
9.47947947948 1.0 -0.054674242632 0.0186904306533 
5.47547547548 1.0 -0.722706208904 -0.759109029527 
-7.23723723724 1.0 -0.81576576016 -0.840524649299 
-1.43143143143 1.0 -0.99030442098 -1.00104026877 
-7.43743743744 1.0 -0.914492625181 -0.934784070116 
9.21921921922 1.0 0.204114170152 0.242702808082 
1.31131131131 1.0 0.966522242485 0.968787197764 
7.61761761762 1.0 0.972195835089 0.94774576067 
0.19019019019 1.0 0.189045659132 0.185435382268 
7.41741741742 1.0 0.906209755988 0.899730755892 
9.65965965966 1.0 -0.232727934358 -0.14267347087 
3.27327327327 1.0 -0.131300397197 -0.129702220122 
-0.630630630631 1.0 -0.589654207656 -0.561911633118 
6.21621621622 1.0 -0.066919044364 -0.0844016591193 
1.97197197197 1.0 0.920602539794 0.918902697139 
0.550550550551 1.0 0.523156507537 0.518315823508 
0.0900900900901 1.0 0.0899682743046 0.0886972339834 
3.83383383383 1.0 -0.63826408348 -0.637872706506 
2.79279279279 1.0 0.341770182763 0.345857956958 
-1.27127127127 1.0 -0.955476737061 -0.948697323129 
4.07407407407 1.0 -0.803100948886 -0.800336583307 
0.770770770771 1.0 0.69668837635 0.694684127947 
4.75475475475 1.0 -0.999102704803 -1.00160047207 
-8.63863863864 1.0 -0.707630665292 -0.704330027012 
-5.1951951952 1.0 0.885695580449 0.872083781821 
4.71471471471 1.0 -0.999997295481 -1.00113967714 
-0.35035035035 1.0 -0.343226895963 -0.326221898516 
-9.27927927928 1.0 -0.144985860003 -0.163725775576 
-9.91991991992 1.0 0.475156566095 0.478801192295 
-1.51151151151 1.0 -0.998243169988 -1.01897274671 
-6.01601601602 1.0 0.264002216892 0.271608340749 
8.53853853854 1.0 0.774699305584 0.727794602354 
-1.21121121121 1.0 -0.936042896216 -0.923806641179 
-6.43643643644 1.0 -0.152651959622 -0.155718480398 
-6.17617617618 1.0 0.106805021793 0.112564797768 
2.63263263263 1.0 0.487269347053 0.490530745079 
-0.27027027027 1.0 -0.266991905564 -0.253771655055 
9.8998998999 1.0 -0.45744688336 -0.361337167961 
-0.930930930931 1.0 -0.802176135594 -0.77416228835 
-6.41641641642 1.0 -0.132837305145 -0.135045062191 
-3.43343343343 1.0 0.28771565565 0.395518360843 
5.73573573574 1.0 -0.520511228445 -0.560105689776 
2.37237237237 1.0 0.695575258639 0.696287703716 
8.65865865866 1.0 0.693344009372 0.656787605653 
-1.83183183183 1.0 -0.96612325186 -1.02820028517 
8.43843843844 1.0 0.834011915114 0.780898467699 
4.51451451451 1.0 -0.980486642048 -0.977072234571 
-3.35335335335 1.0 0.210181594637 0.30786972695 
-7.53753753754 1.0 -0.950347982805 -0.967161897298 
-8.85885885886 1.0 -0.536191852752 -0.540145910995 
2.69269269269 1.0 0.433974744115 0.437644731617 
9.45945945946 1.0 -0.034674546587 0.036367220858 
0.750750750751 1.0 0.682187883844 0.679888660574 
9.17917917918 1.0 0.243137181641 0.275822082894 
-5.11511511512 1.0 0.919995965877 0.906015374787 
7.0970970971 1.0 0.726978798959 0.741684208967 
3.73373373373 1.0 -0.558138856901 -0.558346558683 
0.710710710711 1.0 0.65237258226 0.649491633864 
7.17717717718 1.0 0.779578080518 0.790455308535 
-5.51551551552 1.0 0.694460468753 0.689966862369 
9.13913913914 1.0 0.281770446506 0.30850692948 
6.31631631632 1.0 0.0331249483513 0.0231682488407 
5.81581581582 1.0 -0.450539443112 -0.488871848155 
9.95995995996 1.0 -0.509997599178 -0.416098044402 
-0.0500500500501 1.0 -0.0500291567086 -0.0465794623284 
-8.21821821822 1.0 -0.934395989648 -0.92798027519 
-6.71671671672 1.0 -0.42007812671 -0.435743443955 
-3.21321321321 1.0 0.0715593456609 0.145356084391 
5.95595595596 1.0 -0.32142063693 -0.354939302665 
6.8968968969 1.0 0.575905704393 0.594597988571 
-5.71571571572 1.0 0.537499969971 0.54020152584 
-8.17817817818 1.0 -0.947906971008 -0.942093970826 
-0.570570570571 1.0 -0.540112324789 -0.514090189045 
-6.95695695696 1.0 -0.623937863975 -0.647426501012 
2.45245245245 1.0 0.635873830576 0.637432491054 
-3.75375375375 1.0 0.574637462441 0.693382776814 
-9.11911911912 1.0 -0.30092154409 -0.314841690871 
6.95695695696 1.0 0.623937863975 0.642313233915 
7.07707707708 1.0 0.713087090062 0.728560548355 
4.37437437437 1.0 -0.943414910292 -0.938932539117 
1.91191191191 1.0 0.942382045726 0.94077074739 
3.97397397397 1.0 -0.739536372707 -0.737838646865 
7.45745745746 1.0 0.922408976872 0.912449589802 
9.97997997998 1.0 -0.527114985665 -0.434330176045 
0.530530530531 1.0 0.505991015532 0.500975825175 
2.01201201201 1.0 0.904233186475 0.902546318265 
6.85685685686 1.0 0.542719485852 0.561199854043 
-7.2972972973 1.0 -0.849011685183 -0.872848731433 
-4.95495495495 1.0 0.970724838874 0.959674126321 
-0.29029029029 1.0 -0.286230381945 -0.272059668154 
2.43243243243 1.0 0.651196684992 0.652543460004 
-1.97197197197 1.0 -0.920602539794 -0.997269473387 
4.65465465465 1.0 -0.998333836705 -0.997716787432 
6.81681681682 1.0 0.508663293061 0.526598307997 
6.0960960961 1.0 -0.185999691898 -0.211785026814 
3.21321321321 1.0 -0.0715593456609 -0.0694047148377 
5.93593593594 1.0 -0.340312647942 -0.374712575475 
8.61861861862 1.0 0.721633711464 0.681295171141 
6.11611611612 1.0 -0.166293065952 -0.190780952543 
9.55955955956 1.0 -0.13437389375 -0.0525745429233 
0.910910910911 1.0 0.790062479764 0.790049040241 
-9.73973973974 1.0 0.309780130585 0.297186255346 
1.33133133133 1.0 0.971465007816 0.973671319747 
4.13413413413 1.0 -0.837417761709 -0.834050633705 
8.31831831832 1.0 0.894118814814 0.836646889052 
-6.05605605606 1.0 0.225181436261 0.232629239268 
4.25425425425 1.0 -0.896879023055 -0.892603913266 
-0.03003003003 1.0 -0.0300255167065 -0.0273424614725 
7.53753753754 1.0 0.950347982805 0.933192873873 
6.6966966967 1.0 0.401827232414 0.416226710245 
-1.65165165165 1.0 -0.996732988666 -1.03590212995 
1.13113113113 1.0 0.904894218889 0.906952038196 
8.8988988989 1.0 0.501973484202 0.493958833879 
-0.910910910911 1.0 -0.790062479764 -0.761549586575 
1.19119119119 1.0 0.928811026462 0.931092519406 
5.4954954955 1.0 -0.708725363073 -0.745729313506 
8.41841841842 1.0 0.844890020967 0.790812799354 
2.49249249249 1.0 0.604469813648 0.60644616453 
9.73973973974 1.0 -0.309780130585 -0.21532469727 
-9.75975975976 1.0 0.328751980598 0.317479852903 
-8.91891891892 1.0 -0.484559073218 -0.490825991974 
-7.997997998 1.0 -0.989647555109 -0.988301668941 
0.47047047047 1.0 0.453305691794 0.44790173704 
-0.590590590591 1.0 -0.556851671602 -0.53020884245 
-8.57857857858 1.0 -0.748766641479 -0.74402496683 
-7.77777777778 1.0 -0.997097890944 -1.00405559488 
-0.750750750751 1.0 -0.682187883844 -0.652478281528 
-1.25125125125 1.0 -0.949378423874 -0.940705183992 
-2.39239239239 1.0 -0.681053382124 -0.763669852938 
-7.03703703704 1.0 -0.684451964588 -0.709258076572 
8.83883883884 1.0 0.552982096013 0.537025035598 
9.31931931932 1.0 0.105263273301 0.15818112793 
-7.5975975976 1.0 -0.967313252172 -0.98178267644 
-9.61961961962 1.0 0.193611192318 0.175295515545 
4.01401401401 1.0 -0.765888052358 -0.763764117931 
6.03603603604 1.0 -0.244640851113 -0.274051831997 
-9.2992992993 1.0 -0.125149645879 -0.144335018035 
9.05905905906 1.0 0.357620745349 0.37246434797 
-1.07107107107 1.0 -0.877714248189 -0.855531679762 
-2.99299299299 1.0 -0.148053371305 -0.122607948771 
2.83283283283 1.0 0.303877337824 0.30802994478 
8.01801801802 1.0 0.986576173517 0.932831371508 
6.53653653654 1.0 0.250649611665 0.256556298076 
2.65265265265 1.0 0.469690351946 0.473099684977 
3.31331331331 1.0 -0.170877953796 -0.169644690896 
-9.37937937938 1.0 -0.0453829883483 -0.0658794724619 
-8.83883883884 1.0 -0.552982096013 -0.556184288686 
5.43543543544 1.0 -0.749793457774 -0.784845998254 
5.77577577578 1.0 -0.485914794209 -0.525016725171 
-5.05505505506 1.0 0.941862214566 0.928365700124 
-2.85285285285 1.0 -0.284744420138 -0.292072640354 
5.6956956957 1.0 -0.554273288059 -0.594084369303 
-5.87587587588 1.0 0.396140311588 0.402706208131 
7.93793793794 1.0 0.996477739177 0.946881169608 
2.75275275275 1.0 0.379115173303 0.383078406843 
-4.69469469469 1.0 0.999843460211 1.00574831869 
-6.7967967968 1.0 -0.491325964149 -0.510139126017 
8.4984984985 1.0 0.799390133963 0.749727718752 
6.43643643644 1.0 0.152651959622 0.151696826415 
7.73773773774 1.0 0.993251282848 0.958235674936 
-5.45545545546 1.0 0.736397402892 0.72965967611 
0.730730730731 1.0 0.667413978747 0.664821950906 
6.51651651652 1.0 0.231219739195 0.235827776267 
-4.67467467467 1.0 0.999288899866 1.00713472321 
4.23423423423 1.0 -0.887845512006 -0.883682688458 
6.07607607608 1.0 -0.205631771434 -0.232672135305 
0.610610610611 1.0 0.573367839051 0.569162145031 
5.61561561562 1.0 -0.61907922661 -0.658515687054 
-2.27227227227 1.0 -0.763890524376 -0.852093192612 
3.19319319319 1.0 -0.0515776439174 -0.0492399109391 
-7.47747747748 1.0 -0.929955638285 -0.94893334886 
-5.31531531532 1.0 0.823679750423 0.812404766286 
9.81981981982 1.0 -0.384846824231 -0.28827502566 
-2.53253253253 1.0 -0.572096837274 -0.640083918495 
-3.85385385385 1.0 0.653546911213 0.766547914656 
-4.41441441441 1.0 0.955933085822 0.995793705426 
-2.47247247247 1.0 -0.620296125676 -0.695605235186 
-8.13813813814 1.0 -0.959898466376 -0.954838646103 
-2.01201201201 1.0 -0.904233186475 -0.984211027721 
3.23323323323 1.0 -0.0915123672906 -0.0895428275727 
1.75175175175 1.0 0.983672194447 0.982853864926 
-2.05205205205 1.0 -0.886414355831 -0.969233365782 
4.17417417417 1.0 -0.858625146533 -0.854899754635 
0.31031031031 1.0 0.305354140677 0.300155213555 
1.29129129129 1.0 0.961192106815 0.963500636862 
-0.950950950951 1.0 -0.813968289004 -0.786535607207 
-5.35535535536 1.0 0.800320725902 0.790191966031 
-9.21921921922 1.0 -0.204114170152 -0.221280732157 
-8.07807807808 1.0 -0.974995298193 -0.971332727163 
-6.11611611612 1.0 0.166293065952 0.17311998865 
2.93293293293 1.0 0.207148878373 0.211199371113 
7.71771771772 1.0 0.990730428893 0.957414713662 
2.85285285285 1.0 0.284744420138 0.288906691389 
7.63763763764 1.0 0.976688773762 0.950429761388 
-0.43043043043 1.0 -0.417262010319 -0.396628146963 
3.95395395395 1.0 -0.725913266541 -0.724423841159 
7.8978978979 1.0 0.999035835857 0.951922445997 
7.85785785786 1.0 0.999992487454 0.955604585362 
4.83483483483 1.0 -0.99251286792 -0.99813229682 
5.53553553554 1.0 -0.679917243139 -0.717963863721 
-9.01901901902 1.0 -0.39471619201 -0.40489837478 
4.03403403403 1.0 -0.778606064409 -0.776267225042 
-4.79479479479 1.0 0.996606561851 0.994143837529 
-6.35635635636 1.0 -0.0731057736575 -0.072873085932 
-3.11311311311 1.0 -0.0284756907485 0.0244674119962 
5.0950950951 1.0 -0.927657483133 -0.94618982003 
6.05605605606 1.0 -0.225181436261 -0.253431323485 
-3.81381381381 1.0 0.622725447279 0.73847962169 
3.57357357357 1.0 -0.41867057176 -0.419042155477 
7.51751751752 1.0 0.943927941216 0.928591163415 
-8.73873873874 1.0 -0.633477463068 -0.63315293326 
-7.97797797798 1.0 -0.992322298019 -0.991627911584 
-0.23023023023 1.0 -0.228201684929 -0.21687398695 
-7.33733733734 1.0 -0.869481672757 -0.892492882085 
-2.35235235235 1.0 -0.709818357066 -0.795012089748 
6.55655655656 1.0 0.269979026825 0.277139786155 
-0.730730730731 1.0 -0.667413978747 -0.637878220015 
-1.33133133133 1.0 -0.971465007816 -0.970789355793 
-2.41241241241 1.0 -0.666258547712 -0.747316351573 
9.2992992993 1.0 0.125149645879 0.175269021718 
6.93693693694 1.0 0.608168751487 0.626734682226 
3.47347347347 1.0 -0.325821789448 -0.325799126295 
1.57157157157 1.0 0.999999699498 1.00064271167 
5.97597597598 1.0 -0.302399804444 -0.334976837014 
6.65665665666 1.0 0.36484968073 0.377488133744 
8.03803803804 1.0 0.983109384216 0.928513026849 
8.33833833834 1.0 0.884974675839 0.827990911389 
6.75675675676 1.0 0.456067581459 0.472578665787 
-2.23223223223 1.0 -0.789111039566 -0.877769272136 
-4.23423423423 1.0 0.887845512006 0.954247505077 
-0.11011011011 1.0 -0.109887744787 -0.103983749296 
5.51551551552 1.0 -0.694460468753 -0.732013086236 
2.99299299299 1.0 0.148053371305 0.151869702979 
-3.23323323323 1.0 0.0915123672906 0.169146302774 
10.0 1.0 -0.544021110889 -0.452547076778 
-9.07907907908 1.0 -0.338854295004 -0.351320135196 
2.13213213213 1.0 0.846544793956 0.845243603918 
3.93393393393 1.0 -0.711999223182 -0.710712991393 
-3.27327327327 1.0 0.131300397197 0.21621156608 
-5.95595595596 1.0 0.32142063693 0.328879572014 
1.47147147147 1.0 0.995071340501 0.996512350493 
-7.4974974975 1.0 -0.93712958481 -0.955409714628 
-3.17317317317 1.0 0.0315752704827 0.0973388607134 
-5.27527527528 1.0 0.845718424022 0.833461912856 
9.93993993994 1.0 -0.492675811867 -0.397853357738 
5.25525525526 1.0 -0.856231505045 -0.883284910655 
0.35035035035 1.0 0.343226895963 0.337784938444 
6.2962962963 1.0 0.0131106134944 0.00163094771603 
-3.95395395395 1.0 0.725913266541 0.829703245732 
-8.71871871872 1.0 -0.648840196822 -0.647869732979 
1.09109109109 1.0 0.887131000257 0.888952263042 
4.97497497497 1.0 -0.965721938658 -0.977910497532 
7.23723723724 1.0 0.81576576016 0.823039628802 
-3.63363363363 1.0 0.472425730458 0.592605969129 
-8.4984984985 1.0 -0.799390133963 -0.793198257172 
-8.41841841842 1.0 -0.844890020967 -0.837839971327 
-6.03603603604 1.0 0.244640851113 0.252193542917 
7.997997998 1.0 0.989647555109 0.936830935999 
-7.31731731732 1.0 -0.859418901282 -0.882863296341 
-2.31231231231 1.0 -0.737445499834 -0.824498428463 
3.35335335335 1.0 -0.210181594637 -0.209297266848 
-5.15515515516 1.0 0.903569980268 0.889638078546 
8.13813813814 1.0 0.959898466376 0.902267200456 
-1.53153153153 1.0 -0.999229236959 -1.0225430868 
-0.990990990991 1.0 -0.836569314705 -0.810548776066 
1.05105105105 1.0 0.867945718946 0.869462689914 
-9.25925925926 1.0 -0.164763965562 -0.183017055845 
9.23923923924 1.0 0.184476035731 0.225988720378 
5.57557557558 1.0 -0.650019222236 -0.688881677087 
2.89289289289 1.0 0.246143932464 0.25028007389 
-4.43443443443 1.0 0.961618700226 0.998657716886 
-4.59459459459 1.0 0.993070259711 1.00951277515 
-9.71971971972 1.0 0.290684124469 0.276878825624 
1.39139139139 1.0 0.983950052752 0.985897366653 
0.890890890891 1.0 0.777632176518 0.777352728471 
-8.97897897898 1.0 -0.431178912314 -0.439799463561 
-6.87687687688 1.0 -0.559424700424 -0.580886376756 
-9.95995995996 1.0 0.509997599178 0.518690866155 
9.75975975976 1.0 -0.328751980598 -0.233541656773 
2.33233233233 1.0 0.723776968945 0.724078784962 
2.31231231231 1.0 0.737445499834 0.737548941902 
8.27827827828 1.0 0.911328515751 0.853166278555 
-2.73273273273 1.0 -0.397563478837 -0.43108678665 
9.5995995996 1.0 -0.173932497848 -0.0884972331681 
8.21821821822 1.0 0.934395989648 0.87590749938 
-7.83783783784 1.0 -0.999869691753 -1.00436667771 
-7.05705705706 1.0 -0.698909584547 -0.723927448753 
2.95295295295 1.0 0.187522900919 0.191508987478 
-5.85585585586 1.0 0.41444188151 0.420666615462 
-3.55355355355 1.0 0.400406942668 0.517898437705 
5.2952952953 1.0 -0.834866389361 -0.863910751841 
-3.29329329329 1.0 0.151119458915 0.239456516096 
-4.45445445445 1.0 0.966918909573 1.00118112172 
-0.530530530531 1.0 -0.505991015532 -0.48133722187 
-7.95795795796 1.0 -0.994599330244 -0.994582398182 
4.31431431431 1.0 -0.921809046742 -0.917320960792 
0.850850850851 1.0 0.75184168035 0.751006154297 
4.77477477477 1.0 -0.998054637396 -1.00128288067 
-8.33833833834 1.0 -0.884974675839 -0.877696142749 
3.91391391391 1.0 -0.69779981921 -0.69671032774 
-2.11211211211 1.0 -0.857031446499 -0.9431336336 
3.55355355355 1.0 -0.400406942668 -0.400728183497 
-3.09309309309 1.0 -0.0484805492288 1.93751225526e-05 
3.75375375375 1.0 -0.574637462441 -0.574753799328 
9.67967967968 1.0 -0.252150304413 -0.160797774163 
1.63163163163 1.0 0.998150103477 0.998281550828 
1.61161161161 1.0 0.999167171889 0.99946910459 
1.93193193193 1.0 0.935496175869 0.933841259417 
-5.37537537538 1.0 0.788157702332 0.778654607636 
8.77877877878 1.0 0.601996584369 0.578582804966 
8.45845845846 1.0 0.822799547447 0.770743693285 
-4.17417417417 1.0 0.858625146533 0.933874189796 
9.6996996997 1.0 -0.271471615699 -0.178949760808 
7.47747747748 1.0 0.929955638285 0.918220733152 
8.37837837838 1.0 0.865626143701 0.809905189264 
4.09409409409 1.0 -0.81486800406 -0.811896295429 
8.67867867868 1.0 0.678779469621 0.644232137375 
-9.23923923924 1.0 -0.184476035731 -0.202203745048 
5.13513513514 1.0 -0.911965725448 -0.932665395889 
7.95795795796 1.0 0.994599330244 0.943859379918 
-0.650650650651 1.0 -0.605704250039 -0.577488332808 
-1.99199199199 1.0 -0.912600742763 -0.990978934109 
4.61461461461 1.0 -0.995223893414 -0.99362079292 
2.23223223223 1.0 0.789111039566 0.788490947879 
5.21521521522 1.0 -0.87622408965 -0.901207368504 
-1.61161161161 1.0 -0.999167171889 -1.03301922008 
6.17617617618 1.0 -0.106805021793 -0.1271791612 
-7.6976976977 1.0 -0.987812502254 -0.998136734824 
6.4964964965 1.0 0.211697196671 0.214965795261 
-6.57657657658 1.0 -0.289200237681 -0.29862222151 
-7.73773773774 1.0 -0.993251282848 -1.00188731695 
-6.47647647648 1.0 -0.19208980849 -0.196925185167 
-3.79379379379 1.0 0.606937230307 0.723845414447 
3.41341341341 1.0 -0.268485788917 -0.268074883314 
0.15015015015 1.0 0.149586594914 0.146801825817 
2.91291291291 1.0 0.226691833081 0.230792464132 
3.39339339339 1.0 -0.249148316352 -0.248587728338 
-6.65665665666 1.0 -0.36484968073 -0.377916449673 
-1.45145145145 1.0 -0.992886849216 -1.00606084265 
3.71371371371 1.0 -0.541416556108 -0.541700336247 
6.5965965966 1.0 0.308305540605 0.31782614369 
-4.11411411411 1.0 0.826308470068 0.910114431212 
-8.51851851852 1.0 -0.787202470352 -0.781319608023 
-6.25625625626 1.0 0.0269257963344 0.030620083616 
2.51251251251 1.0 0.588401237484 0.59058117018 
8.25825825826 1.0 0.919387180273 0.861022164204 
-3.15315315315 1.0 0.0115602420643 0.0731443631344 
2.73273273273 1.0 0.397563478837 0.401442736036 
-8.65865865866 1.0 -0.693344009372 -0.690584853079 
8.87887887888 1.0 0.519186710331 0.508475932958 
2.57257257257 1.0 0.53880679503 0.541563495593 
4.11411411411 1.0 -0.826308470068 -0.823135270855 
-7.17717717718 1.0 -0.779578080518 -0.804852470241 
-5.53553553554 1.0 0.679917243139 0.676184102229 
-1.59159159159 1.0 -0.999783786273 -1.03098127181 
-1.75175175175 1.0 -0.983672194447 -1.03591419501 
3.51351351351 1.0 -0.363405633971 -0.363582243663 
-4.13413413413 1.0 0.837417761709 0.918415008685 
8.75875875876 1.0 0.617860839267 0.592083587983 
-9.93993993994 1.0 0.492675811867 0.498774175925 
-6.97697697698 1.0 -0.639456909771 -0.663344056365 
7.65765765766 1.0 0.980790267476 0.952736272852 
-0.31031031031 1.0 -0.305354140677 -0.290233892824 
5.45545545546 1.0 -0.736397402892 -0.772148946542 
-4.97497497497 1.0 0.965721938658 0.954009193786 
-4.65465465465 1.0 0.998333836705 1.00820609697 
-5.91591591592 1.0 0.359068265792 0.366177428126 
9.15915915916 1.0 0.26250641876 0.292220506705 
-7.25725725726 1.0 -0.827180739833 -0.851676210331 
-3.91391391391 1.0 0.69779981921 0.805642956713 
-1.39139139139 1.0 -0.983950052752 -0.989954571032 
-9.81981981982 1.0 0.384846824231 0.378232821188 
-4.51451451451 1.0 0.980486642048 1.0067327661 
-3.45345345345 1.0 0.306830209454 0.416714500392 
6.7967967968 1.0 0.491325964149 0.508865746036 
0.11011011011 1.0 0.109887744787 0.108075950834 
1.87187187187 1.0 0.955018091318 0.953534503744 
9.4994994995 1.0 -0.0746520259067 0.000954661895667 
-2.07207207207 1.0 -0.876970223046 -0.961019474488 
5.7957957958 1.0 -0.468320967329 -0.507072702001 
-0.890890890891 1.0 -0.777632176518 -0.748701286307 
0.790790790791 1.0 0.710909644644 0.709200863533 
-2.17217217217 1.0 -0.824557973258 -0.912646490439 
-9.77977977978 1.0 0.347592070824 0.337755108249 
-0.550550550551 1.0 -0.523156507537 -0.49779837848 
-6.4964964965 1.0 -0.211697196671 -0.217436944186 
-0.41041041041 1.0 -0.398985690337 -0.379233883337 
-1.35135135135 1.0 -0.97601842181 -0.977509411327 
6.37637637638 1.0 0.0930562402792 0.0876549287026 
4.81481481481 1.0 -0.994759058541 -0.99954924558 
8.1981981982 1.0 0.941340119153 0.882929426372 
9.1991991992 1.0 0.223670498102 0.259315054474 
-6.15615615616 1.0 0.126687794244 0.132851384621 
-2.83283283283 1.0 -0.303877337824 -0.315757700591 
0.650650650651 1.0 0.605704250039 0.601997371459 
9.3993993994 1.0 0.0253758371902 0.0890114500389 
-3.61361361361 1.0 0.454687183165 0.574476330179 
-6.55655655656 1.0 -0.269979026825 -0.278476633091 
5.67567567568 1.0 -0.570824460166 -0.610641584869 
5.3953953954 1.0 -0.775678794758 -0.809200305608 
-9.0990990991 1.0 -0.319952035985 -0.33315353348 
-7.91791791792 1.0 -0.997956771974 -0.999366043949 
5.23523523524 1.0 -0.866401418913 -0.892428179277 
-8.37837837838 1.0 -0.865626143701 -0.858381685239 
4.73473473473 1.0 -0.99975034402 -1.00155256339 
-3.13313313313 1.0 -0.00845941955823 0.0488481893553 
-3.87387387387 1.0 0.668567805308 0.779980723464 
2.05205205205 1.0 0.886414355831 0.884798970646 
9.37937937938 1.0 0.0453829883483 0.10641998581 
6.3963963964 1.0 0.112969411094 0.109067935109 
9.63963963964 1.0 -0.213212289782 -0.1245798983 
8.97897897898 1.0 0.431178912314 0.434355587426 
-4.39439439439 1.0 0.949864345085 0.992586490252 
3.01301301301 1.0 0.128225638051 0.131937754698 
3.69369369369 1.0 -0.524477262156 -0.524821481374 
2.21221221221 1.0 0.801249393857 0.80047057122 
-0.17017017017 1.0 -0.169350063744 -0.160800337858 
-3.33333333333 1.0 0.190567962875 0.285299235158 
3.65365365365 1.0 -0.489974935275 -0.490392217823 
-4.71471471471 1.0 0.999997295481 1.0040484815 
1.71171171171 1.0 0.990087845702 0.989564814998 
6.57657657658 1.0 0.289200237681 0.297566819226 
3.67367367367 1.0 -0.507327764109 -0.507716533182 
-3.41341341341 1.0 0.268485788917 0.37402482393 
-7.75775775776 1.0 -0.995374053792 -1.00316857976 
-2.59259259259 1.0 -0.521834495241 -0.581005136799 
9.61961961962 1.0 -0.193611192318 -0.106520123613 
9.07907907908 1.0 0.338854295004 0.356660083902 
-6.13613613614 1.0 0.146519791772 0.153039453773 
-1.13113113113 1.0 -0.904894218889 -0.88647893753 
2.55255255255 1.0 0.555563147622 0.558134298135 
8.81881881882 1.0 0.569550710787 0.551049962346 
-4.63463463463 1.0 0.996978653508 1.00896075677 
9.01901901902 1.0 0.39471619201 0.403682049296 
-4.57457457457 1.0 0.990518615549 1.00930634168 
-0.770770770771 1.0 -0.69668837635 -0.666872132913 
9.41941941942 1.0 0.00535851570584 0.0715309717633 
-6.45645645646 1.0 -0.172405433055 -0.1763487733 
-2.15215215215 1.0 -0.835718856574 -0.923297202776 
3.53353353353 1.0 -0.381982835353 -0.382238908226 
-3.01301301301 1.0 -0.128225638051 -0.0980908826156 
-8.23823823824 1.0 -0.927077365617 -0.920418344067 
9.77977977978 1.0 -0.347592070824 -0.251774320242 
0.990990990991 1.0 0.836569314705 0.837511424504 
3.49349349349 1.0 -0.34468278404 -0.344766249999 
-9.31931931932 1.0 -0.105263273301 -0.124849897745 
-5.75575575576 1.0 0.503313872361 0.507203908802 
-9.53953953954 1.0 0.114509838728 0.0942573279025 
-4.87487487487 1.0 0.986828185163 0.979330773384 
1.81181181181 1.0 0.971096090611 0.969897390813 
1.35135135135 1.0 0.97601842181 0.978151720729 
-6.07607607608 1.0 0.205631771434 0.212923387947 
-5.13513513514 1.0 0.911965725448 0.897974106363 
-1.31131131131 1.0 -0.966522242485 -0.96374413117 
2.15215215215 1.0 0.835718856574 0.834530025898 
-7.57757757758 1.0 -0.96204298189 -0.977310313114 
1.15115115115 1.0 0.91323356617 0.91538354287 
3.09309309309 1.0 0.0484805492288 0.0516636355935 
7.4974974975 1.0 0.93712958481 0.923600883143 
6.27627627628 1.0 -0.00690897593668 -0.0199068431264 
-5.8958958959 1.0 0.377679973455 0.38454112953 
-8.75875875876 1.0 -0.617860839267 -0.618204399504 
-1.79179179179 1.0 -0.975679725882 -1.03293741902 
-9.8998998999 1.0 0.45744688336 0.458775875001 
4.79479479479 1.0 -0.996606561851 -1.00059929418 
-5.6956956957 1.0 0.554273288059 0.556335790849 
2.53253253253 1.0 0.572096837274 0.574475389527 
5.37537537538 1.0 -0.788157702332 -0.820852471917 
-0.690690690691 1.0 -0.637069722791 -0.608073948808 
1.11111111111 1.0 0.89619220103 0.898140378366 
-3.47347347347 1.0 0.325821789448 0.437603086962 
4.15415415415 1.0 -0.848191426515 -0.844639656454 
-4.05405405405 1.0 0.791012020637 0.882899371517 
8.93893893894 1.0 0.466950456861 0.464457163304 
6.33633633634 1.0 0.0531260071326 0.0446928417319 
-6.27627627628 1.0 0.00690897593668 0.00998250851551 
-1.95195195195 1.0 -0.928235370545 -1.00308542522 
7.77777777778 1.0 0.997097890944 0.958786219254 
-5.77577577578 1.0 0.485914794209 0.490349083586 
8.05805805806 1.0 0.979248576653 0.923879524338 
1.21121121121 1.0 0.936042896216 0.938363823721 
2.67267267267 1.0 0.451923110669 0.455468879113 
-3.71371371371 1.0 0.541416556108 0.661340255139 
-1.81181181181 1.0 -0.971096090611 -1.03079115331 
0.39039039039 1.0 0.380549461752 0.374998153526 
5.55555555556 1.0 -0.665101514979 -0.703585396741 
-2.09209209209 1.0 -0.867174611281 -0.952319980212 
9.27927927928 1.0 0.144985860003 0.192268476489 
1.49149149149 1.0 0.996857019318 0.998149383139 
5.15515515516 1.0 -0.903569980268 -0.925351195611 
-3.51351351351 1.0 0.363405633971 0.478419785311 
7.83783783784 1.0 0.999869691753 0.956927645752 
3.25325325325 1.0 -0.111428711879 -0.1096450578 
-2.63263263263 1.0 -0.487269347053 -0.539789010853 
-4.55455455455 1.0 0.987569983594 1.00877561172 
3.07307307307 1.0 0.0684659772958 0.0717965010713 
7.6976976977 1.0 0.987812502254 0.9562262492 
4.59459459459 1.0 -0.993070259711 -0.991030567479 
-10.0 1.0 0.544021110889 0.558339878748 
-9.87987987988 1.0 0.439553861488 0.43870225214 
-3.65365365365 1.0 0.489974935275 0.610361644696 
-1.73173173173 1.0 -0.987077824457 -1.03675400885 
-0.0700700700701 1.0 -0.0700127456343 -0.065769506474 
-5.97597597598 1.0 0.302399804444 0.309958733815 
3.87387387387 1.0 -0.668567805308 -0.667847413025 
0.670670670671 1.0 0.62151153354 0.618071388242 
7.1971971972 1.0 0.791959659904 0.801701409103 
-8.2982982983 1.0 -0.902904601864 -0.8957533878 
7.87787787788 1.0 0.99971449835 0.953935088075 
0.930930930931 1.0 0.802176135594 0.80241898623 
-5.0950950951 1.0 0.927657483133 0.913761390107 
-6.83683683684 1.0 -0.525796755923 -0.546004981284 
2.47247247247 1.0 0.620296125676 0.622065017542 
-1.93193193193 1.0 -0.935496175869 -1.00842982266 
-7.0970970971 1.0 -0.726978798959 -0.752275612777 
7.31731731732 1.0 0.859418901282 0.861049958647 
-5.43543543544 1.0 0.749793457774 0.742332544318 
-0.830830830831 1.0 -0.738491823944 -0.708780166126 
-2.97297297297 1.0 -0.167821766571 -0.147084448784 
0.29029029029 1.0 0.286230381945 0.281205258747 
-6.1961961962 1.0 0.0868794431893 0.0921889001254 
3.85385385385 1.0 -0.653546911213 -0.652996563333 
7.55755755756 1.0 0.956387136503 0.937407483073 
7.43743743744 1.0 0.914492625181 0.906286513397 
7.3973973974 1.0 0.897563688968 0.892781768624 
-6.77677677678 1.0 -0.473791717778 -0.491859271018 
-3.49349349349 1.0 0.34468278404 0.458174526067 
-9.05905905906 1.0 -0.357620745349 -0.369336474468 
0.23023023023 1.0 0.228201684929 0.223914746797 
8.3983983984 1.0 0.855429505195 0.800482953602 
2.81281281281 1.0 0.322888465175 0.327016213375 
6.47647647648 1.0 0.19208980849 0.19398206798 
