-9.85985985986 1.0 0.421484671785 0.407267116712 
6.35635635636 1.0 0.0731057736575 0.119728806784 
-2.81281281281 1.0 -0.322888465175 -0.34545210434 
-2.95295295295 1.0 -0.187522900919 -0.163963670725 
1.89189189189 1.0 0.948890220341 0.949546795639 
4.67467467467 1.0 -0.999288899866 -0.986065731765 
-6.3963963964 1.0 -0.112969411094 -0.11058590079 
-5.4954954955 1.0 0.708725363073 0.705062273914 
-8.7987987988 1.0 -0.585891056576 -0.589934765756 
-9.55955955956 1.0 0.13437389375 0.107620057283 
-8.53853853854 1.0 -0.774699305584 -0.771689337531 
-6.53653653654 1.0 -0.250649611665 -0.254760076443 
7.33733733734 1.0 0.869481672757 0.868819735261 
6.83683683684 1.0 0.525796755923 0.579226524086 
1.45145145145 1.0 0.992886849216 0.993066404915 
-7.71771771772 1.0 -0.990730428893 -1.00336806596 
1.65165165165 1.0 0.996732988666 0.996678964295 
-0.0900900900901 1.0 -0.0899682743046 -0.0856088540539 
1.23123123123 1.0 0.942899611382 0.94336045686 
3.59359359359 1.0 -0.436766402789 -0.436703666122 
0.870870870871 1.0 0.764890207772 0.764455037744 
-7.63763763764 1.0 -0.976688773762 -0.992451024777 
0.37037037037 1.0 0.361960713579 0.360765308755 
9.35935935936 1.0 0.0653719505576 -0.00163129178045 
3.13313313313 1.0 0.00845941955822 0.0139415103433 
7.81781781782 1.0 0.999346160464 0.917815170897 
-1.17117117117 1.0 -0.921206900567 -0.965149965308 
-2.37237237237 1.0 -0.695575258639 -0.831159909773 
-6.33633633634 1.0 -0.0531260071326 -0.0483405269723 
8.07807807808 1.0 0.974995298193 0.858588498055 
-7.81781781782 1.0 -0.999346160464 -1.00799923408 
-4.29429429429 1.0 0.913864194148 0.989631294387 
-4.77477477477 1.0 0.998054637396 1.00347691473 
-5.7957957958 1.0 0.468320967329 0.475722873177 
-8.6986986987 1.0 -0.66394288333 -0.664675939148 
8.23823823824 1.0 0.927077365617 0.796621351966 
-0.13013013013 1.0 -0.1297631736 -0.124828481138 
0.13013013013 1.0 0.1297631736 0.130859050027 
-8.61861861862 1.0 -0.721633711464 -0.720226929477 
-7.07707707708 1.0 -0.713087090062 -0.737934471277 
8.91891891892 1.0 0.484559073218 0.368038091864 
2.29229229229 1.0 0.750818471552 0.755890152923 
-8.87887887888 1.0 -0.519186710331 -0.526268772504 
8.95895895896 1.0 0.449154692451 0.336543194422 
-0.19019019019 1.0 -0.189045659132 -0.183333423059 
-4.33433433433 1.0 0.929384449502 0.99796874168 
-0.39039039039 1.0 -0.380549461752 -0.373718983154 
-4.53453453453 1.0 0.984225545624 1.01941151539 
4.47447447447 1.0 -0.971831589603 -0.959326649375 
-8.15815815816 1.0 -0.9540939133 -0.951902544078 
4.19419419419 1.0 -0.868714740054 -0.8608854928 
4.91491491491 1.0 -0.979561626072 -0.968932968534 
-5.5955955956 1.0 0.634676409709 0.635003691517 
-9.03903903904 1.0 -0.376243865658 -0.389936904245 
-1.05105105105 1.0 -0.867945718946 -0.896776683339 
-0.870870870871 1.0 -0.764890207772 -0.776069622454 
5.11511511512 1.0 -0.919995965877 -0.913260319961 
-8.55855855856 1.0 -0.761885650774 -0.759222710493 
2.27227227227 1.0 0.763890524376 0.768688651676 
3.15315315315 1.0 -0.0115602420643 -0.00638489265218 
3.99399399399 1.0 -0.752863081707 -0.749143112752 
-8.3983983984 1.0 -0.855429505195 -0.851063637664 
-4.89489489489 1.0 0.983391971377 0.97943625644 
7.11711711712 1.0 0.740579143612 0.770833460367 
0.830830830831 1.0 0.738491823944 0.737873100341 
-1.55155155155 1.0 -0.999814825028 -1.10234121966 
0.03003003003 1.0 0.0300255167065 0.0325593163196 
8.73873873874 1.0 0.633477463068 0.502688279047 
-8.8988988989 1.0 -0.501973484202 -0.509854657204 
-9.51951951952 1.0 0.094599889559 0.0676965516117 
-9.41941941942 1.0 -0.00535851570584 -0.0314699586054 
-6.23623623624 1.0 0.046931825201 0.054959000837 
3.77377377377 1.0 -0.590905760288 -0.590304950697 
-6.8968968969 1.0 -0.575905704393 -0.596325407808 
-4.83483483483 1.0 0.99251286792 0.992767302668 
0.21021021021 1.0 0.208665487323 0.208780825422 
-1.77177177177 1.0 -0.979872320608 -1.11431231932 
-8.67867867868 1.0 -0.678779469621 -0.678931125918 
0.970970970971 1.0 0.825434213842 0.825417355377 
-1.71171171171 1.0 -0.990087845702 -1.11663548178 
-0.49049049049 1.0 -0.471058607419 -0.465056415147 
6.01601601602 1.0 -0.264002216892 -0.24071503756 
-8.77877877878 1.0 -0.601996584369 -0.605329316441 
7.7977977978 1.0 0.998422103411 0.920047686386 
-0.670670670671 1.0 -0.62151153354 -0.620498270815 
0.950950950951 1.0 0.813968289004 0.813874862358 
-8.11811811812 1.0 -0.965318303844 -0.964009294178 
-9.57957957958 1.0 0.154184093352 0.127617222031 
7.25725725726 1.0 0.827180739833 0.838767902552 
-4.75475475475 1.0 0.999102704803 1.00645952876 
-2.77277277277 1.0 -0.360514923027 -0.396021949931 
3.17317317317 1.0 -0.0315752704827 -0.0267106196649 
-2.49249249249 1.0 -0.604469813648 -0.717601216552 
-3.31331331331 1.0 0.170877953796 0.293780801717 
-3.77377377377 1.0 0.590905760288 0.742514039931 
-5.73573573574 1.0 0.520511228445 0.52606065411 
-3.89389389389 1.0 0.683320745574 0.823847259001 
-5.33533533534 1.0 0.812162990678 0.803008402809 
-9.45945945946 1.0 0.034674546587 0.00806176016541 
-5.41541541542 1.0 0.762889004574 0.756245356214 
-7.67767767768 1.0 -0.984498672401 -0.998716169625 
-3.93393393393 1.0 0.711999223182 0.847586291774 
-9.17917917918 1.0 -0.243137181641 -0.262472832588 
9.71971971972 1.0 -0.290684124469 -0.326442398877 
-7.8978978979 1.0 -0.999035835857 -1.00461048364 
1.51151151151 1.0 0.998243169988 0.99831647126 
-8.27827827828 1.0 -0.911328515751 -0.907351115666 
6.87687687688 1.0 0.559424700424 0.610839666016 
4.45445445445 1.0 -0.966918909573 -0.954629406967 
-0.01001001001 1.0 -0.0100098428432 -0.00686532193827 
-1.11111111111 1.0 -0.89619220103 -0.932271041421 
-3.99399399399 1.0 0.752863081707 0.880091638139 
-4.09409409409 1.0 0.81486800406 0.926186946636 
0.0500500500501 1.0 0.0500291567086 0.0522624583765 
7.15715715716 1.0 0.766884055736 0.792218516965 
-2.93293293293 1.0 -0.207148878373 -0.190153268844 
-6.93693693694 1.0 -0.608168751487 -0.629877764097 
7.57757757758 1.0 0.96204298189 0.920784834061 
4.33433433433 1.0 -0.929384449502 -0.918836748115 
-6.21621621622 1.0 0.066919044364 0.07546162048 
8.57857857858 1.0 0.748766641479 0.611043878959 
8.0980980981 1.0 0.970351253498 0.851841881721 
1.53153153153 1.0 0.999229236959 0.999271084829 
8.998998999 1.0 0.413030320922 0.304540190267 
6.41641641642 1.0 0.132837305145 0.182818018311 
-6.61661661662 1.0 -0.327287278425 -0.335371069587 
7.67767767768 1.0 0.984498672401 0.925973693371 
6.996996997 1.0 0.654719669029 0.69744269116 
5.05505505506 1.0 -0.941862214566 -0.9339113518 
-3.03303303303 1.0 -0.108346513523 -0.0590923254887 
-5.63563563564 1.0 0.603233924101 0.605138928202 
-6.6966966967 1.0 -0.401827232414 -0.413834691954 
-8.43843843844 1.0 -0.834011915114 -0.829836940528 
-0.33033033033 1.0 -0.32435551719 -0.317539703986 
-7.01701701702 1.0 -0.669720024621 -0.69349804919 
5.87587587588 1.0 -0.396140311588 -0.381505893103 
-5.57557557558 1.0 0.650019222236 0.64954608084 
-4.49449449449 1.0 0.976354771373 1.01774020406 
0.570570570571 1.0 0.540112324789 0.538567066102 
8.11811811812 1.0 0.965318303844 0.844801801941 
9.25925925926 1.0 0.164763965562 0.0861212188175 
-5.01501501502 1.0 0.954557149695 0.944991090095 
-4.01401401401 1.0 0.765888052358 0.890110310364 
-4.31431431431 1.0 0.921809046742 0.993974718562 
9.83983983984 1.0 -0.403246556161 -0.435632219413 
1.77177177177 1.0 0.979872320608 0.979986499424 
-3.83383383383 1.0 0.63826408348 0.785089403361 
4.41441441441 1.0 -0.955933085822 -0.944143231173 
-6.63663663664 1.0 -0.346137843492 -0.355214681591 
-8.5985985986 1.0 -0.735347535638 -0.733487076383 
-0.810810810811 1.0 -0.724845989014 -0.731560745387 
-2.33233233233 1.0 -0.723776968945 -0.865079501061 
3.37337337337 1.0 -0.229710988177 -0.227833250377 
4.69469469469 1.0 -0.999843460211 -0.986699661938 
5.01501501502 1.0 -0.954557149695 -0.94580073258 
-6.996996997 1.0 -0.654719669029 -0.678047410474 
2.39239239239 1.0 0.681053382124 0.687457520919 
-3.53353353353 1.0 0.381982835353 0.53414764524 
-4.73473473473 1.0 0.99975034402 1.0091465269 
-6.81681681682 1.0 -0.508663293061 -0.52605985178 
-1.69169169169 1.0 -0.992701051804 -1.1164501694 
5.03503503504 1.0 -0.948399735659 -0.940044132402 
3.03303303303 1.0 0.108346513523 0.115252924714 
-4.61461461461 1.0 0.995223893414 1.01897843061 
5.75575575576 1.0 -0.503313872361 -0.494442680422 
-3.97397397397 1.0 0.739536372707 0.86966670901 
1.67167167167 1.0 0.994916395419 0.994868435173 
-7.45745745746 1.0 -0.922408976872 -0.944209753685 
5.07507507508 1.0 -0.934947206573 -0.927402783555 
6.13613613614 1.0 -0.146519791772 -0.114828441457 
-7.15715715716 1.0 -0.766884055736 -0.792479728318 
6.97697697698 1.0 0.639456909771 0.68389992673 
3.89389389389 1.0 -0.683320745574 -0.681301395854 
-4.25425425425 1.0 0.896879023055 0.979882134763 
7.27727727728 1.0 0.838264195546 0.84688175411 
1.69169169169 1.0 0.992701051804 0.992667201706 
9.0990990991 1.0 0.319952035985 0.22249982789 
-4.91491491491 1.0 0.979561626072 0.974413964946 
-3.69369369369 1.0 0.524477262156 0.679779365224 
-1.57157157157 1.0 -0.999999699498 -1.10568560401 
3.11311311311 1.0 0.0284756907485 0.0342590928419 
9.51951951952 1.0 -0.094599889559 -0.144830428345 
-3.57357357357 1.0 0.41867057176 0.573019525862 
-1.15115115115 1.0 -0.91323356617 -0.954490326492 
-4.15415415415 1.0 0.848191426515 0.949143117705 
-7.1971971972 1.0 -0.791959659904 -0.817635947055 
5.995995996 1.0 -0.2832577738 -0.261305260884 
8.35835835836 1.0 0.875475849797 0.738880760498 
0.01001001001 1.0 0.0100098428432 0.0128478873261 
8.85885885886 1.0 0.536191852752 0.414263690613 
-5.61561561562 1.0 0.61907922661 0.620200452896 
1.07107107107 1.0 0.877714248189 0.878003543649 
-1.47147147147 1.0 -0.995071340501 -1.0847686571 
1.99199199199 1.0 0.912600742763 0.914028178239 
9.43943943944 1.0 -0.0146609534063 -0.0728800547143 
-6.5965965966 1.0 -0.308305540605 -0.315393147677 
-7.7977977978 1.0 -0.998422103411 -1.00786714594 
3.33333333333 1.0 -0.190567962875 -0.188147306018 
-0.850850850851 1.0 -0.75184168035 -0.761453903807 
6.73673673674 1.0 0.438160658811 0.494693052834 
-1.23123123123 1.0 -0.942899611382 -0.995259604661 
2.61261261261 1.0 0.504653050544 0.513225146195 
-7.3973973974 1.0 -0.897563688968 -0.920869129053 
-0.510510510511 1.0 -0.488622728493 -0.48293538441 
1.55155155155 1.0 0.999814825028 0.999828430681 
-9.5995995996 1.0 0.173932497848 0.147631552593 
-9.35935935936 1.0 -0.0653719505576 -0.090329854088 
8.51851851852 1.0 0.787202470352 0.648508392732 
2.59259259259 1.0 0.521834495241 0.530278685702 
6.67667667668 1.0 0.38341529066 0.440518930743 
2.03203203203 1.0 0.895503224543 0.897317292378 
7.01701701702 1.0 0.669720024621 0.710617505267 
1.59159159159 1.0 0.999783786273 0.999753478849 
-8.81881881882 1.0 -0.569550710787 -0.574326597993 
7.75775775776 1.0 0.995374053792 0.923459041448 
6.63663663664 1.0 0.346137843492 0.403111359858 
-4.07407407407 1.0 0.803100948886 0.917760758991 
-2.79279279279 1.0 -0.341770182763 -0.370835557495 
-7.55755755756 1.0 -0.956387136503 -0.975061291221 
-7.35735735736 1.0 -0.879195966573 -0.903319673468 
-5.21521521522 1.0 0.87622408965 0.864746748577 
5.83583583584 1.0 -0.432577348176 -0.420057574885 
-9.13913913914 1.0 -0.281770446506 -0.299559162837 
4.85485485485 1.0 -0.989868890237 -0.978289693627 
-2.61261261261 1.0 -0.504653050544 -0.588119782482 
0.810810810811 1.0 0.724845989014 0.724134749315 
-1.49149149149 1.0 -0.996857019318 -1.08977816607 
-3.25325325325 1.0 0.111428711879 0.221509616142 
-3.59359359359 1.0 0.436766402789 0.591849532983 
8.47847847848 1.0 0.811257411747 0.672440634052 
-1.91191191191 1.0 -0.942382045726 -1.09138737219 
9.53953953954 1.0 -0.114509838728 -0.16290344137 
-0.45045045045 1.0 -0.435371096772 -0.42889535645 
-2.29229229229 1.0 -0.750818471552 -0.896928536085 
-3.19319319319 1.0 0.0515776439174 0.147015075351 
-7.37737737738 1.0 -0.888557889358 -0.912292030758 
6.15615615616 1.0 -0.126687794244 -0.0935646875079 
-8.0980980981 1.0 -0.970351253498 -0.969532873559 
1.43143143143 1.0 0.99030442098 0.990520931647 
-8.93893893894 1.0 -0.466950456861 -0.476463724929 
-2.87287287287 1.0 -0.265497380359 -0.268321562671 
-0.47047047047 1.0 -0.453305691794 -0.44704146056 
-5.3953953954 1.0 0.775678794758 0.76835316978 
1.01101101101 1.0 0.84736912878 0.847491200165 
0.630630630631 1.0 0.589654207656 0.588232185682 
8.55855855856 1.0 0.761885650774 0.62373567784 
-5.03503503504 1.0 0.948399735659 0.938247578637 
0.41041041041 1.0 0.398985690337 0.397610843853 
4.29429429429 1.0 -0.913864194148 -0.904037742912 
8.63863863864 1.0 0.707630665292 0.571793192161 
8.71871871872 1.0 0.648840196822 0.516860148311 
-3.07307307307 1.0 -0.0684659772958 -0.00687562993533 
-5.65565565566 1.0 0.587146852786 0.589821874489 
-6.0960960961 1.0 0.185999691898 0.196577022012 
-8.25825825826 1.0 -0.919387180273 -0.915613144281 
2.87287287287 1.0 0.265497380359 0.274009340081 
-9.4994994995 1.0 0.0746520259067 0.0477799650162 
-2.51251251251 1.0 -0.588401237484 -0.697055916569 
7.03703703704 1.0 0.684451964588 0.723420082745 
-2.21221221221 1.0 -0.801249393857 -0.954241732399 
1.17117117117 1.0 0.921206900567 0.921650629723 
2.07207207207 1.0 0.876970223046 0.879211406182 
1.03103103103 1.0 0.857829327634 0.858012950464 
-8.01801801802 1.0 -0.986576173517 -0.988020792277 
-9.33933933934 1.0 -0.0853347124856 -0.109812814705 
3.43343343343 1.0 -0.28771565565 -0.286553434096 
3.05305305305 1.0 0.0884239650333 0.0950646246108 
1.27127127127 1.0 0.955476737061 0.955920357846 
-3.05305305305 1.0 -0.0884239650333 -0.0329489195295 
-0.37037037037 1.0 -0.361960713579 -0.355097303545 
0.590590590591 1.0 0.556851671602 0.555338183867 
4.35435435435 1.0 -0.936587366299 -0.925701955901 
5.27527527528 1.0 -0.845718424022 -0.841809181872 
0.510510510511 1.0 0.488622728493 0.487046788462 
6.23623623624 1.0 -0.046931825201 -0.00814271575699 
-1.67167167167 1.0 -0.994916395419 -1.11579491788 
-6.31631631632 1.0 -0.0331249483513 -0.0276089827759 
0.33033033033 1.0 0.32435551719 0.323399216798 
-4.85485485485 1.0 0.989868890237 0.988613687908 
8.2982982983 1.0 0.902904601864 0.768892170542 
2.77277277277 1.0 0.360514923027 0.36944484193 
-1.01101101101 1.0 -0.84736912878 -0.871734585576 
-4.27427427427 1.0 0.905553075921 0.984934956004 
-0.610610610611 1.0 -0.573367839051 -0.570122825998 
-8.03803803804 1.0 -0.983109384216 -0.983945930313 
-4.99499499499 1.0 0.960331988856 0.95144884339 
-6.73673673674 1.0 -0.438160658811 -0.452052557563 
7.37737737738 1.0 0.888557889358 0.881442368497 
-1.29129129129 1.0 -0.961192106815 -1.02244137502 
-2.03203203203 1.0 -0.895503224543 -1.05125980398 
3.45345345345 1.0 -0.306830209454 -0.305874841165 
-8.05805805806 1.0 -0.979248576653 -0.979504308883 
4.87487487487 1.0 -0.986828185163 -0.975547513297 
3.63363363363 1.0 -0.472425730458 -0.472415211173 
-4.47447447447 1.0 0.971831589603 1.01642383922 
-7.93793793794 1.0 -0.996477739177 -1.00059549775 
4.93493493493 1.0 -0.975338684403 -0.965060355678 
-7.41741741742 1.0 -0.906209755988 -0.929048939607 
-5.23523523524 1.0 0.866401418913 0.855161819725 
-9.67967967968 1.0 0.252150304413 0.227765517815 
-8.45845845846 1.0 -0.822799547447 -0.818779721524 
5.41541541542 1.0 -0.762889004574 -0.760191310517 
-9.43943943944 1.0 0.0146609534063 -0.0117299131336 
2.19219219219 1.0 0.813066617154 0.816783630581 
-2.55255255255 1.0 -0.555563147622 -0.654682391883 
-2.65265265265 1.0 -0.469690351946 -0.541917565831 
5.91591591592 1.0 -0.359068265792 -0.342144333416 
4.49449449449 1.0 -0.976354771373 -0.963658613394 
-9.1991991992 1.0 -0.223670498102 -0.24374982724 
8.7987987988 1.0 0.585891056576 0.459180607932 
0.25025025025 1.0 0.247646422081 0.247347276742 
-0.25025025025 1.0 -0.247646422081 -0.241311570103 
-2.89289289289 1.0 -0.246143932464 -0.242353084711 
-4.21421421421 1.0 0.878456163293 0.968692542847 
-7.11711711712 1.0 -0.740579143612 -0.765898545969 
2.11211211211 1.0 0.857031446499 0.859735892329 
6.45645645646 1.0 0.172405433055 0.224337745628 
0.690690690691 1.0 0.637069722791 0.635842759236 
-1.37137137137 1.0 -0.980180659514 -1.05384675162 
1.37137137137 1.0 0.980180659514 0.980502847101 
3.81381381381 1.0 -0.622725447279 -0.621739020471 
9.87987987988 1.0 -0.439553861488 -0.471928201765 
0.27027027027 1.0 0.266991905564 0.266506487987 
7.2972972973 1.0 0.849011685183 0.854595145844 
8.5985985986 1.0 0.735347535638 0.598153623732 
-6.75675675676 1.0 -0.456067581459 -0.470872570911 
-6.85685685686 1.0 -0.542719485852 -0.561696636858 
8.6986986987 1.0 0.66394288333 0.530860376222 
7.13713713714 1.0 0.753882673169 0.781721664459 
3.29329329329 1.0 -0.151119458915 -0.14811645294 
1.85185185185 1.0 0.960763202681 0.961193143672 
-7.21721721722 1.0 -0.804023831509 -0.82966772585 
5.71571571572 1.0 -0.537499969971 -0.530142796002 
6.71671671672 1.0 0.42007812671 0.476905716675 
-5.25525525526 1.0 0.856231505045 0.845294386974 
-7.85785785786 1.0 -0.999992487454 -1.00708427109 
4.57457457457 1.0 -0.990518615549 -0.977315173027 
2.97297297297 1.0 0.167821766571 0.17544851257 
-6.37637637638 1.0 -0.0930562402792 -0.0898394434105 
-9.3993993994 1.0 -0.0253758371902 -0.0511533394762 
-5.995995996 1.0 0.2832577738 0.29406127608 
-9.63963963964 1.0 0.213212289782 0.187692622068 
-2.69269269269 1.0 -0.433974744115 -0.49440577469 
-0.15015015015 1.0 -0.149586594914 -0.144379219091 
-2.67267267267 1.0 -0.451923110669 -0.518316795159 
4.39439439439 1.0 -0.949864345085 -0.938356525121 
6.1961961962 1.0 -0.0868794431893 -0.0509025560851 
-8.35835835836 1.0 -0.875475849797 -0.871079451729 
-1.03103103103 1.0 -0.857829327634 -0.884389929601 
-2.25225225225 1.0 -0.776656419186 -0.926661089622 
0.43043043043 1.0 0.417262010319 0.41581935614 
-8.998998999 1.0 -0.413030320922 -0.42504528394 
2.17217217217 1.0 0.824557973258 0.828013096094 
-8.31831831832 1.0 -0.894118814814 -0.889852359795 
-8.95895895896 1.0 -0.449154692451 -0.459496847025 
-2.43243243243 1.0 -0.651196684992 -0.776525467469 
2.09209209209 1.0 0.867174611281 0.869643219259 
4.95495495495 1.0 -0.970724838874 -0.960810774544 
1.41141141141 1.0 0.987325090799 0.987578141997 
-3.67367367367 1.0 0.507327764109 0.663032925565 
2.41241241241 1.0 0.666258547712 0.672914132764 
2.71271271271 1.0 0.415852445773 0.424793530933 
-9.47947947948 1.0 0.054674242632 0.027900048443 
-4.03403403403 1.0 0.778606064409 0.899725860774 
6.91691691692 1.0 0.592155892373 0.641111668148 
6.77677677678 1.0 0.473791717778 0.529411637196 
-0.21021021021 1.0 -0.208665487323 -0.202725481528 
0.49049049049 1.0 0.471058607419 0.469496195414 
7.35735735736 1.0 0.879195966573 0.875331111263 
0.45045045045 1.0 0.435371096772 0.433874846855 
4.63463463463 1.0 -0.996978653508 -0.983679841316 
-5.17517517518 1.0 0.894812095251 0.883067704875 
-4.37437437437 1.0 0.943414910292 1.00492231399 
9.85985985986 1.0 -0.421484671785 -0.453789695344 
4.53453453453 1.0 -0.984225545624 -0.971222901739 
-2.71271271271 1.0 -0.415852445773 -0.470202293985 
-2.75275275275 1.0 -0.379115173303 -0.420991466667 
-5.2952952953 1.0 0.834866389361 0.824713655707 
7.5975975976 1.0 0.967313252172 0.922578423488 
-2.57257257257 1.0 -0.53880679503 -0.632880843416 
8.15815815816 1.0 0.9540939133 0.829857134813 
7.91791791792 1.0 0.997956771974 0.901525333979 
-4.93493493493 1.0 0.975338684403 0.969103518838 
-4.19419419419 1.0 0.868714740054 0.962548436647 
4.89489489489 1.0 -0.983391971377 -0.972428655057 
1.95195195195 1.0 0.928235370545 0.929319909657 
-1.09109109109 1.0 -0.887131000257 -0.920722732414 
6.61661661662 1.0 0.327287278425 0.384049086307 
7.97797797798 1.0 0.992322298019 0.88778164571 
9.57957957958 1.0 -0.154184093352 -0.199129812156 
5.85585585586 1.0 -0.41444188151 -0.400887646819 
-5.83583583584 1.0 0.432577348176 0.441028347827 
0.17017017017 1.0 0.169350063744 0.169932276272 
0.0700700700701 1.0 0.0700127456343 0.0719507211935 
-0.970970970971 1.0 -0.825434213842 -0.845639481421 
3.61361361361 1.0 -0.454687183165 -0.454662610863 
-1.85185185185 1.0 -0.960763202681 -1.10428576702 
-9.83983983984 1.0 0.403246556161 0.387447563356 
2.35235235235 1.0 0.709818357066 0.715701119621 
2.25225225225 1.0 0.776656419186 0.781181245032 
-8.1981981982 1.0 -0.941340119153 -0.938405316823 
5.31531531532 1.0 -0.823679750423 -0.820276527696 
4.43443443443 1.0 -0.961618700226 -0.949567907108 
-7.13713713714 1.0 -0.753882673169 -0.779364729194 
-4.35435435435 1.0 0.936587366299 1.00161681364 
-4.81481481481 1.0 0.994759058541 0.996629703073 
-5.67567567568 1.0 0.570824460166 0.574252249212 
9.03903903904 1.0 0.376243865658 0.272058128262 
-6.67667667668 1.0 -0.38341529066 -0.394456891531 
5.17517517518 1.0 -0.894812095251 -0.889243650023 
-9.65965965966 1.0 0.232727934358 0.207729922932 
-1.63163163163 1.0 -0.998150103477 -1.11309906953 
-3.37337337337 1.0 0.229710988177 0.363446438987 
9.33933933934 1.0 0.0853347124856 0.0160466667123 
-7.51751751752 1.0 -0.943927941216 -0.963933860741 
4.55455455455 1.0 -0.987569983594 -0.974453452902 
-5.07507507508 1.0 0.934947206573 0.923904628654 
4.21421421421 1.0 -0.878456163293 -0.870211867741 
5.35535535536 1.0 -0.800320725902 -0.79730463183 
7.05705705706 1.0 0.698909584547 0.73584645834 
9.11911911912 1.0 0.30092154409 0.205771969966 
6.25625625626 1.0 -0.0269257963344 0.0132428949434 
-6.2962962963 1.0 -0.0131106134944 -0.00690314947147 
7.21721721722 1.0 0.804023831509 0.82134110435 
-2.91291291291 1.0 -0.226691833081 -0.216290032397 
5.63563563564 1.0 -0.603233924101 -0.598258806934 
5.8958958959 1.0 -0.377679973455 -0.36192160443 
-5.55555555556 1.0 0.665101514979 0.663825244609 
-5.81581581582 1.0 0.450539443112 0.458486120082 
5.33533533534 1.0 -0.812162990678 -0.80896935118 
5.5955955956 1.0 -0.634676409709 -0.630568634181 
-5.93593593594 1.0 0.340312647942 0.350607793541 
-9.6996996997 1.0 0.271471615699 0.247794803819 
-7.61761761762 1.0 -0.972195835089 -0.98871162723 
-3.39339339339 1.0 0.249148316352 0.386030774592 
3.79379379379 1.0 -0.606937230307 -0.606155136327 
1.83183183183 1.0 0.96612325186 0.966457348267 
-3.73373373373 1.0 0.558138856901 0.711998826256 
5.1951951952 1.0 -0.885695580449 -0.880494189624 
-8.47847847848 1.0 -0.811257411747 -0.807432124411 
5.65565565566 1.0 -0.587146852786 -0.581657437025 
-7.27727727728 1.0 -0.838264195546 -0.863526710735 
-2.45245245245 1.0 -0.635873830576 -0.757347279112 
-6.91691691692 1.0 -0.592155892373 -0.613240273126 
-9.97997997998 1.0 0.527114985665 0.525096310202 
-9.7997997998 1.0 0.366292850383 0.347689127163 
8.17817817818 1.0 0.947906971008 0.821960509574 
4.05405405405 1.0 -0.791012020637 -0.786114638227 
-7.87787787788 1.0 -0.99971449835 -1.00604117014 
9.91991991992 1.0 -0.475156566095 -0.50813767845 
1.25125125125 1.0 0.949378423874 0.949833321662 
-1.87187187187 1.0 -0.955018091318 -1.1005065293 
1.73173173173 1.0 0.987077824457 0.987098641327 
-9.15915915916 1.0 -0.26250641876 -0.281077661686 
-5.47547547548 1.0 0.722706208904 0.718268259182 
-2.13213213213 1.0 -0.846544793956 -1.00285523274 
9.7997997998 1.0 -0.366292850383 -0.39927118679 
-1.89189189189 1.0 -0.948890220341 -1.09620854683 
-1.41141141141 1.0 -0.987325090799 -1.06736478015 
4.99499499499 1.0 -0.960331988856 -0.951180845273 
-1.19119119119 1.0 -0.928811026462 -0.975501945023 
-2.19219219219 1.0 -0.813066617154 -0.967216775093 
4.27427427427 1.0 -0.905553075921 -0.896107117276 
-6.51651651652 1.0 -0.231219739195 -0.234351744384 
-7.65765765766 1.0 -0.980790267476 -0.995785665664 
1.79179179179 1.0 0.975679725882 0.975856207813 
-0.790790790791 1.0 -0.710909644644 -0.716293140208 
-0.710710710711 1.0 -0.65237258226 -0.653195843093 
9.47947947948 1.0 -0.054674242632 -0.108780516651 
5.47547547548 1.0 -0.722706208904 -0.719962874904 
-7.23723723724 1.0 -0.81576576016 -0.841329437089 
-1.43143143143 1.0 -0.99030442098 -1.0735555453 
-7.43743743744 1.0 -0.914492625181 -0.936829668866 
9.21921921922 1.0 0.204114170152 0.120728587993 
1.31131131131 1.0 0.966522242485 0.966928881594 
7.61761761762 1.0 0.972195835089 0.923991445069 
0.19019019019 1.0 0.189045659132 0.189388198811 
7.41741741742 1.0 0.906209755988 0.892467291006 
9.65965965966 1.0 -0.232727934358 -0.27181716683 
3.27327327327 1.0 -0.131300397197 -0.127995183599 
-0.630630630631 1.0 -0.589654207656 -0.58708553519 
6.21621621622 1.0 -0.066919044364 -0.0295286748773 
1.97197197197 1.0 0.920602539794 0.921852900056 
0.550550550551 1.0 0.523156507537 0.521589785901 
0.0900900900901 1.0 0.0899682743046 0.0916174278323 
3.83383383383 1.0 -0.63826408348 -0.637050943529 
2.79279279279 1.0 0.341770182763 0.350656241787 
-1.27127127127 1.0 -0.955476737061 -1.01371608291 
4.07407407407 1.0 -0.803100948886 -0.797793908045 
0.770770770771 1.0 0.69668837635 0.695794465365 
4.75475475475 1.0 -0.999102704803 -0.98635895051 
-8.63863863864 1.0 -0.707630665292 -0.706711199747 
-5.1951951952 1.0 0.885695580449 0.874048817418 
4.71471471471 1.0 -0.999997295481 -0.986960176567 
-0.35035035035 1.0 -0.343226895963 -0.336369185435 
-9.27927927928 1.0 -0.144985860003 -0.167779154507 
-9.91991991992 1.0 0.475156566095 0.466438346272 
-1.51151151151 1.0 -0.998243169988 -1.09438106028 
-6.01601601602 1.0 0.264002216892 0.27486900109 
8.53853853854 1.0 0.774699305584 0.636225144617 
-1.21121121121 1.0 -0.936042896216 -0.985540449584 
-6.43643643644 1.0 -0.152651959622 -0.152019872587 
-6.17617617618 1.0 0.106805021793 0.116232029138 
2.63263263263 1.0 0.487269347053 0.495952101234 
-0.27027027027 1.0 -0.266991905564 -0.260494644778 
9.8998998999 1.0 -0.45744688336 -0.490045073294 
-0.930930930931 1.0 -0.802176135594 -0.818533548318 
-6.41641641642 1.0 -0.132837305145 -0.131316264667 
-3.43343343343 1.0 0.28771565565 0.430176864145 
5.73573573574 1.0 -0.520511228445 -0.512423641143 
2.37237237237 1.0 0.695575258639 0.701721407928 
8.65865865866 1.0 0.693344009372 0.558330711759 
-1.83183183183 1.0 -0.96612325186 -1.1075509501 
8.43843843844 1.0 0.834011915114 0.695501102405 
4.51451451451 1.0 -0.980486642048 -0.967624334651 
-3.35335335335 1.0 0.210181594637 0.340535521264 
-7.53753753754 1.0 -0.950347982805 -0.969700167464 
-8.85885885886 1.0 -0.536191852752 -0.542488734831 
2.69269269269 1.0 0.433974744115 0.442879877534 
9.45945945946 1.0 -0.034674546587 -0.0908099958871 
0.750750750751 1.0 0.682187883844 0.68120542589 
9.17917917918 1.0 0.243137181641 0.155012720596 
-5.11511511512 1.0 0.919995965877 0.908422422673 
7.0970970971 1.0 0.726978798959 0.759556326719 
3.73373373373 1.0 -0.558138856901 -0.557829331489 
0.710710710711 1.0 0.65237258226 0.651222753875 
7.17717717718 1.0 0.779578080518 0.802321888951 
-5.51551551552 1.0 0.694460468753 0.691585282488 
9.13913913914 1.0 0.281770446506 0.188945816346 
6.31631631632 1.0 0.0331249483513 0.07727284514 
5.81581581582 1.0 -0.450539443112 -0.439006654214 
9.95995995996 1.0 -0.509997599178 -0.544239736353 
-0.0500500500501 1.0 -0.0500291567086 -0.0462714864869 
-8.21821821822 1.0 -0.934395989648 -0.931143884785 
-6.71671671672 1.0 -0.42007812671 -0.433036613013 
-3.21321321321 1.0 0.0715593456609 0.172067967431 
5.95595595596 1.0 -0.32142063693 -0.302050324783 
6.8968968969 1.0 0.575905704393 0.626146477371 
-5.71571571572 1.0 0.537499969971 0.542368153142 
-8.17817817818 1.0 -0.947906971008 -0.945326033805 
-0.570570570571 1.0 -0.540112324789 -0.535708394693 
-6.95695695696 1.0 -0.623937863975 -0.646229901714 
2.45245245245 1.0 0.635873830576 0.643008143643 
-3.75375375375 1.0 0.574637462441 0.727469721764 
-9.11911911912 1.0 -0.30092154409 -0.317912189553 
6.95695695696 1.0 0.623937863975 0.66999382228 
7.07707707708 1.0 0.713087090062 0.74789298437 
4.37437437437 1.0 -0.943414910292 -0.932209003866 
1.91191191191 1.0 0.942382045726 0.94316956475 
3.97397397397 1.0 -0.739536372707 -0.736186501534 
7.45745745746 1.0 0.922408976872 0.901902043657 
9.97997997998 1.0 -0.527114985665 -0.562244100312 
0.530530530531 1.0 0.505991015532 0.504413845144 
2.01201201201 1.0 0.904233186475 0.905848648599 
6.85685685686 1.0 0.542719485852 0.595197487536 
-7.2972972973 1.0 -0.849011685183 -0.874054957478 
-4.95495495495 1.0 0.970724838874 0.963505506778 
-0.29029029029 1.0 -0.286230381945 -0.279597219466 
2.43243243243 1.0 0.651196684992 0.65809603567 
-1.97197197197 1.0 -0.920602539794 -1.07374427228 
4.65465465465 1.0 -0.998333836705 -0.985058931468 
6.81681681682 1.0 0.508663293061 0.56293368492 
6.0960960961 1.0 -0.185999691898 -0.15716085651 
3.21321321321 1.0 -0.0715593456609 -0.0673219171482 
5.93593593594 1.0 -0.340312647942 -0.32218388812 
8.61861861862 1.0 0.721633711464 0.585068776928 
6.11611611612 1.0 -0.166293065952 -0.136031156382 
9.55955955956 1.0 -0.13437389375 -0.181004279307 
0.910910910911 1.0 0.790062479764 0.789804134192 
-9.73973973974 1.0 0.309780130585 0.287816290706 
1.33133133133 1.0 0.971465007816 0.971846843378 
4.13413413413 1.0 -0.837417761709 -0.83085314626 
8.31831831832 1.0 0.894118814814 0.759136631886 
-6.05605605606 1.0 0.225181436261 0.236012294195 
4.25425425425 1.0 -0.896879023055 -0.887824686208 
-0.03003003003 1.0 -0.0300255167065 -0.0265738911133 
7.53753753754 1.0 0.950347982805 0.916046165928 
6.6966966967 1.0 0.401827232414 0.458844645649 
-1.65165165165 1.0 -0.996732988666 -1.11467582472 
1.13113113113 1.0 0.904894218889 0.905295401199 
8.8988988989 1.0 0.501973484202 0.383585866676 
-0.910910910911 1.0 -0.790062479764 -0.804614477443 
1.19119119119 1.0 0.928811026462 0.929266530969 
5.4954954955 1.0 -0.708725363073 -0.705877373273 
8.41841841842 1.0 0.844890020967 0.706694597936 
2.49249249249 1.0 0.604469813648 0.612043262201 
9.73973973974 1.0 -0.309780130585 -0.34465588962 
-9.75975975976 1.0 0.328751980598 0.307799544976 
-8.91891891892 1.0 -0.484559073218 -0.493251322079 
-7.997997998 1.0 -0.989647555109 -0.991725973476 
0.47047047047 1.0 0.453305691794 0.451769672763 
-0.590590590591 1.0 -0.556851671602 -0.552995533763 
-8.57857857858 1.0 -0.748766641479 -0.746487153186 
-7.77777777778 1.0 -0.997097890944 -1.00733958108 
-0.750750750751 1.0 -0.682187883844 -0.68514022381 
-1.25125125125 1.0 -0.949378423874 -1.00465347847 
-2.39239239239 1.0 -0.681053382124 -0.813440967747 
-7.03703703704 1.0 -0.684451964588 -0.708633878945 
8.83883883884 1.0 0.552982096013 0.4293863514 
9.31931931932 1.0 0.105263273301 0.0336642703287 
-7.5975975976 1.0 -0.967313252172 -0.984567023983 
-9.61961961962 1.0 0.193611192318 0.167658266264 
4.01401401401 1.0 -0.765888052358 -0.761785786913 
6.03603603604 1.0 -0.244640851113 -0.219994230823 
-9.2992992993 1.0 -0.125149645879 -0.148542593443 
9.05905905906 1.0 0.357620745349 0.25564647108 
-1.07107107107 1.0 -0.877714248189 -0.908889439067 
-2.99299299299 1.0 -0.148053371305 -0.111509264407 
2.83283283283 1.0 0.303877337824 0.312615635163 
8.01801801802 1.0 0.986576173517 0.877028063393 
6.53653653654 1.0 0.250649611665 0.305650523891 
2.65265265265 1.0 0.469690351946 0.478465867935 
3.31331331331 1.0 -0.170877953796 -0.168170307863 
-9.37937937938 1.0 -0.0453829883483 -0.0707749972813 
-8.83883883884 1.0 -0.552982096013 -0.558509636825 
5.43543543544 1.0 -0.749793457774 -0.747123550566 
5.77577577578 1.0 -0.485914794209 -0.47620754096 
-5.05505505506 1.0 0.941862214566 0.931218653504 
-2.85285285285 1.0 -0.284744420138 -0.294174663559 
5.6956956957 1.0 -0.554273288059 -0.547592803304 
-5.87587587588 1.0 0.396140311588 0.405469987511 
7.93793793794 1.0 0.996477739177 0.897267434927 
2.75275275275 1.0 0.379115173303 0.388068837358 
-4.69469469469 1.0 0.999843460211 1.01362822139 
-6.7967967968 1.0 -0.491325964149 -0.507885765988 
8.4984984985 1.0 0.799390133963 0.660581525036 
6.43643643644 1.0 0.152651959622 0.203639950224 
7.73773773774 1.0 0.993251282848 0.92463110218 
-5.45545545546 1.0 0.736397402892 0.731201686195 
0.730730730731 1.0 0.667413978747 0.666345934604 
6.51651651652 1.0 0.231219739195 0.285567410967 
-4.67467467467 1.0 0.999288899866 1.0154199353 
4.23423423423 1.0 -0.887845512006 -0.879192287025 
6.07607607608 1.0 -0.205631771434 -0.178205701816 
0.610610610611 1.0 0.573367839051 0.571895687953 
5.61561561562 1.0 -0.61907922661 -0.614564513585 
-2.27227227227 1.0 -0.763890524376 -0.912061828456 
3.19319319319 1.0 -0.0515776439174 -0.0470261435933 
-7.47747747748 1.0 -0.929955638285 -0.951187856355 
-5.31531531532 1.0 0.823679750423 0.814001315116 
9.81981981982 1.0 -0.384846824231 -0.417458472711 
-2.53253253253 1.0 -0.572096837274 -0.676078640269 
-3.85385385385 1.0 0.653546911213 0.798431110023 
-4.41441441441 1.0 0.955933085822 1.01051872817 
-2.47247247247 1.0 -0.620296125676 -0.737702215792 
-8.13813813814 1.0 -0.959898466376 -0.958131418819 
-2.01201201201 1.0 -0.904233186475 -1.05929743121 
3.23323323323 1.0 -0.0915123672906 -0.0875883834638 
1.75175175175 1.0 0.983672194447 0.983734620664 
-2.05205205205 1.0 -0.886414355831 -1.04267633625 
4.17417417417 1.0 -0.858625146533 -0.851215348851 
0.31031031031 1.0 0.305354140677 0.304539924241 
1.29129129129 1.0 0.961192106815 0.961619498972 
-0.950950950951 1.0 -0.813968289004 -0.832210264838 
-5.35535535536 1.0 0.800320725902 0.791735569562 
-9.21921921922 1.0 -0.204114170152 -0.22491380069 
-8.07807807808 1.0 -0.974995298193 -0.974698930032 
-6.11611611612 1.0 0.166293065952 0.176662414558 
2.93293293293 1.0 0.207148878373 0.21518129972 
7.71771771772 1.0 0.990730428893 0.925443018496 
2.85285285285 1.0 0.284744420138 0.293379210708 
7.63763763764 1.0 0.976688773762 0.925026500512 
-0.43043043043 1.0 -0.417262010319 -0.410622968944 
3.95395395395 1.0 -0.725913266541 -0.722919849219 
7.8978978979 1.0 0.999035835857 0.905454860515 
7.85785785786 1.0 0.999992487454 0.912313894494 
4.83483483483 1.0 -0.99251286792 -0.980655395314 
5.53553553554 1.0 -0.679917243139 -0.676716394506 
-9.01901901902 1.0 -0.39471619201 -0.407570667296 
4.03403403403 1.0 -0.778606064409 -0.774110808534 
-4.79479479479 1.0 0.996606561851 1.00019992465 
-6.35635635636 1.0 -0.0731057736575 -0.0690874834078 
-3.11311311311 1.0 -0.0284756907485 0.0449821839507 
5.0950950951 1.0 -0.927657483133 -0.920518912137 
6.05605605606 1.0 -0.225181436261 -0.199154002153 
-3.81381381381 1.0 0.622725447279 0.771323319294 
3.57357357357 1.0 -0.41867057176 -0.418545996036 
7.51751751752 1.0 0.943927941216 0.913096525958 
-8.73873873874 1.0 -0.633477463068 -0.635458422115 
-7.97797797798 1.0 -0.992322298019 -0.9950586365 
-0.23023023023 1.0 -0.228201684929 -0.222053368394 
-7.33733733734 1.0 -0.869481672757 -0.893954325699 
-2.35235235235 1.0 -0.709818357066 -0.848375234073 
6.55655655656 1.0 0.269979026825 0.325551249452 
-0.730730730731 1.0 -0.667413978747 -0.669264567414 
-1.33133133133 1.0 -0.971465007816 -1.03885558727 
-2.41241241241 1.0 -0.666258547712 -0.795226542352 
9.2992992993 1.0 0.125149645879 0.0512181548333 
6.93693693694 1.0 0.608168751487 0.655729314482 
3.47347347347 1.0 -0.325821789448 -0.325055429503 
1.57157157157 1.0 0.999999699498 0.999989010405 
5.97597597598 1.0 -0.302399804444 -0.281753939795 
6.65665665666 1.0 0.36484968073 0.421937949962 
8.03803803804 1.0 0.983109384216 0.871185524804 
8.33833833834 1.0 0.884974675839 0.749131501393 
6.75675675676 1.0 0.456067581459 0.512197857871 
-2.23223223223 1.0 -0.789111039566 -0.940722216067 
-4.23423423423 1.0 0.887845512006 0.97446921494 
-0.11011011011 1.0 -0.109887744787 -0.105236390737 
5.51551551552 1.0 -0.694460468753 -0.691460440178 
2.99299299299 1.0 0.148053371305 0.155453929356 
-3.23323323323 1.0 0.0915123672906 0.196904812123 
10.0 1.0 -0.544021110889 -0.580214021315 
-9.07907907908 1.0 -0.338854295004 -0.35421227054 
2.13213213213 1.0 0.846544793956 0.849492788602 
3.93393393393 1.0 -0.711999223182 -0.709347236322 
-3.27327327327 1.0 0.131300397197 0.24586697516 
-5.95595595596 1.0 0.32142063693 0.331937532764 
1.47147147147 1.0 0.995071340501 0.995214228906 
-7.4974974975 1.0 -0.93712958481 -0.957762859487 
-3.17317317317 1.0 0.0315752704827 0.121762695698 
-5.27527527528 1.0 0.845718424022 0.835144849124 
9.93993993994 1.0 -0.492675811867 -0.526203420175 
5.25525525526 1.0 -0.856231505045 -0.852030581854 
0.35035035035 1.0 0.343226895963 0.342143533058 
6.2962962963 1.0 0.0131106134944 0.0559631729905 
-3.95395395395 1.0 0.725913266541 0.858832534471 
-8.71871871872 1.0 -0.648840196822 -0.650183482705 
1.09109109109 1.0 0.887131000257 0.887463950754 
4.97497497497 1.0 -0.965721938658 -0.956184243415 
7.23723723724 1.0 0.81576576016 0.830254099141 
-3.63363363363 1.0 0.472425730458 0.628275460723 
-8.4984984985 1.0 -0.799390133963 -0.795798355314 
-8.41841841842 1.0 -0.844890020967 -0.840599618707 
-6.03603603604 1.0 0.244640851113 0.255516850774 
7.997997998 1.0 0.989647555109 0.882561399854 
-7.31731731732 1.0 -0.859418901282 -0.884198500087 
-2.31231231231 1.0 -0.737445499834 -0.881265959153 
3.35335335335 1.0 -0.210181594637 -0.208038060474 
-5.15515515516 1.0 0.903569980268 0.891803116484 
8.13813813814 1.0 0.959898466376 0.83747222714 
-1.53153153153 1.0 -0.999229236959 -1.09857089317 
-0.990990990991 1.0 -0.836569314705 -0.85881600349 
1.05105105105 1.0 0.867945718946 0.868185170718 
-9.25925925926 1.0 -0.164763965562 -0.186923309532 
9.23923923924 1.0 0.184476035731 0.103463580416 
5.57557557558 1.0 -0.650019222236 -0.646265523525 
2.89289289289 1.0 0.246143932464 0.254514179074 
-4.43443443443 1.0 0.961618700226 1.01281599432 
-4.59459459459 1.0 0.993070259711 1.01955282834 
-9.71971971972 1.0 0.290684124469 0.267813228259 
1.39139139139 1.0 0.983950052752 0.984238548487 
0.890890890891 1.0 0.777632176518 0.777286598755 
-8.97897897898 1.0 -0.431178912314 -0.442355691876 
-6.87687687688 1.0 -0.559424700424 -0.579141381835 
-9.95995995996 1.0 0.509997599178 0.505607025639 
9.75975975976 1.0 -0.328751980598 -0.362867084193 
2.33233233233 1.0 0.723776968945 0.729392096101 
2.31231231231 1.0 0.737445499834 0.74278988802 
8.27827827828 1.0 0.911328515751 0.778394130937 
-2.73273273273 1.0 -0.397563478837 -0.445724620832 
9.5995995996 1.0 -0.173932497848 -0.217276934543 
8.21821821822 1.0 0.934395989648 0.805338623606 
-7.83783783784 1.0 -0.999869691753 -1.00773763728 
-7.05705705706 1.0 -0.698909584547 -0.723448174056 
2.95295295295 1.0 0.187522900919 0.195360569084 
-5.85585585586 1.0 0.41444188151 0.423354555463 
-3.55355355355 1.0 0.400406942668 0.553783885875 
5.2952952953 1.0 -0.834866389361 -0.831223847265 
-3.29329329329 1.0 0.151119458915 0.269962093595 
-4.45445445445 1.0 0.966918909573 1.01478338364 
-0.530530530531 1.0 -0.505991015532 -0.500673558946 
-7.95795795796 1.0 -0.994599330244 -0.998016031121 
4.31431431431 1.0 -0.921809046742 -0.911614830814 
0.850850850851 1.0 0.75184168035 0.751315226427 
4.77477477477 1.0 -0.998054637396 -0.985496292654 
-8.33833833834 1.0 -0.884974675839 -0.880623240551 
3.91391391391 1.0 -0.69779981921 -0.69547293168 
-2.11211211211 1.0 -0.857031446499 -1.01363535559 
3.55355355355 1.0 -0.400406942668 -0.400197395922 
-3.09309309309 1.0 -0.0484805492288 0.0191078538361 
3.75375375375 1.0 -0.574637462441 -0.574194326852 
9.67967967968 1.0 -0.252150304413 -0.290020106636 
1.63163163163 1.0 0.998150103477 0.998097439158 
1.61161161161 1.0 0.999167171889 0.999122639387 
1.93193193193 1.0 0.935496175869 0.936426380421 
-5.37537537538 1.0 0.788157702332 0.780183549771 
8.77877877878 1.0 0.601996584369 0.473844742216 
8.45845845846 1.0 0.822799547447 0.684081802254 
-4.17417417417 1.0 0.858625146533 0.956033196877 
9.6996996997 1.0 -0.271471615699 -0.308229499062 
7.47747747748 1.0 0.929955638285 0.906026301664 
8.37837837838 1.0 0.865626143701 0.728388384814 
4.09409409409 1.0 -0.81486800406 -0.809145416593 
8.67867867868 1.0 0.678779469621 0.544685166642 
-9.23923923924 1.0 -0.184476035731 -0.205969909446 
5.13513513514 1.0 -0.911965725448 -0.905627693871 
7.95795795796 1.0 0.994599330244 0.892684936514 
-0.650650650651 1.0 -0.605704250039 -0.603878928129 
-1.99199199199 1.0 -0.912600742763 -1.06679139812 
4.61461461461 1.0 -0.995223893414 -0.981929077065 
2.23223223223 1.0 0.789111039566 0.793363890334 
5.21521521522 1.0 -0.87622408965 -0.871374624431 
-1.61161161161 1.0 -0.999167171889 -1.11107090162 
6.17617617618 1.0 -0.106805021793 -0.0722519914199 
-7.6976976977 1.0 -0.987812502254 -1.00124332154 
6.4964964965 1.0 0.211697196671 0.265313219142 
-6.57657657658 1.0 -0.289200237681 -0.295291539596 
-7.73773773774 1.0 -0.993251282848 -1.00509150163 
-6.47647647648 1.0 -0.19208980849 -0.193303893272 
-3.79379379379 1.0 0.606937230307 0.757131778692 
3.41341341341 1.0 -0.268485788917 -0.267100046202 
0.15015015015 1.0 0.149586594914 0.150420202308 
2.91291291291 1.0 0.226691833081 0.234902022537 
3.39339339339 1.0 -0.249148316352 -0.247523631437 
-6.65665665666 1.0 -0.36484968073 -0.374913439428 
-1.45145145145 1.0 -0.992886849216 -1.07935897411 
3.71371371371 1.0 -0.541416556108 -0.541216233948 
6.5965965966 1.0 0.308305540605 0.36476131455 
-4.11411411411 1.0 0.826308470068 0.934223658578 
-8.51851851852 1.0 -0.787202470352 -0.783882662897 
-6.25625625626 1.0 0.0269257963344 0.0343908123538 
2.51251251251 1.0 0.588401237484 0.596176743133 
8.25825825826 1.0 0.919387180273 0.787638522588 
-3.15315315315 1.0 0.0115602420643 0.0963279297768 
2.73273273273 1.0 0.397563478837 0.406520818378 
-8.65865865866 1.0 -0.693344009372 -0.692944411616 
8.87887887888 1.0 0.519186710331 0.398995628929 
2.57257257257 1.0 0.53880679503 0.547106555241 
4.11411411411 1.0 -0.826308470068 -0.820166123926 
-7.17717717718 1.0 -0.779578080518 -0.805238419193 
-5.53553553554 1.0 0.679917243139 0.677838986441 
-1.59159159159 1.0 -0.999783786273 -1.10859762833 
-1.75175175175 1.0 -0.983672194447 -1.11557238857 
3.51351351351 1.0 -0.363405633971 -0.362959432635 
-4.13413413413 1.0 0.837417761709 0.941874498903 
8.75875875876 1.0 0.617860839267 0.488348552823 
-9.93993993994 1.0 0.492675811867 0.486053126938 
-6.97697697698 1.0 -0.639456909771 -0.662288947788 
7.65765765766 1.0 0.980790267476 0.925686307562 
-0.31031031031 1.0 -0.305354140677 -0.298613987214 
5.45545545546 1.0 -0.736397402892 -0.733712875874 
-4.97497497497 1.0 0.965721938658 0.957620457114 
-4.65465465465 1.0 0.998333836705 1.01691006384 
-5.91591591592 1.0 0.359068265792 0.369090741175 
9.15915915916 1.0 0.26250641876 0.172024895373 
-7.25725725726 1.0 -0.827180739833 -0.852617028246 
-3.91391391391 1.0 0.69779981921 0.835925343713 
-1.39139139139 1.0 -0.983950052752 -1.06079306373 
-9.81981981982 1.0 0.384846824231 0.3675868513 
-4.51451451451 1.0 0.980486642048 1.01873521802 
-3.45345345345 1.0 0.306830209454 0.451718882098 
6.7967967968 1.0 0.491325964149 0.546326204057 
0.11011011011 1.0 0.109887744787 0.111255818059 
1.87187187187 1.0 0.955018091318 0.955555488565 
9.4994994995 1.0 -0.0746520259067 -0.126788394271 
-2.07207207207 1.0 -0.876970223046 -1.03354525694 
5.7957957958 1.0 -0.468320967329 -0.457726134225 
-0.890890890891 1.0 -0.777632176518 -0.79045815085 
0.790790790791 1.0 0.710909644644 0.710106411203 
-2.17217217217 1.0 -0.824557973258 -0.979645075129 
-9.77977977978 1.0 0.347592070824 0.327758601086 
-0.550550550551 1.0 -0.523156507537 -0.518266151834 
-6.4964964965 1.0 -0.211697196671 -0.213862744526 
-0.41041041041 1.0 -0.398985690337 -0.392229198377 
-1.35135135135 1.0 -0.97601842181 -1.04653216515 
6.37637637638 1.0 0.0930562402792 0.140850203645 
4.81481481481 1.0 -0.994759058541 -0.982644863447 
8.1981981982 1.0 0.941340119153 0.813786341332 
9.1991991992 1.0 0.223670498102 0.137912790465 
-6.15615615616 1.0 0.126687794244 0.136481205741 
-2.83283283283 1.0 -0.303877337824 -0.319891691654 
0.650650650651 1.0 0.605704250039 0.604340350888 
9.3993993994 1.0 0.0253758371902 -0.0371549104647 
-3.61361361361 1.0 0.454687183165 0.610269466669 
-6.55655655656 1.0 -0.269979026825 -0.275076935122 
5.67567567568 1.0 -0.570824460166 -0.564766607134 
5.3953953954 1.0 -0.775678794758 -0.772912797699 
-9.0990990991 1.0 -0.319952035985 -0.336131602356 
-7.91791791792 1.0 -0.997956771974 -1.00279447104 
5.23523523524 1.0 -0.866401418913 -0.861886268126 
-8.37837837838 1.0 -0.865626143701 -0.86122492428 
4.73473473473 1.0 -0.99975034402 -0.986846764811 
-3.13313313313 1.0 -0.00845941955823 0.0707283928176 
-3.87387387387 1.0 0.668567805308 0.811349833181 
2.05205205205 1.0 0.886414355831 0.888437167075 
9.37937937938 1.0 0.0453829883483 -0.0193662596202 
6.3963963964 1.0 0.112969411094 0.161884037272 
9.63963963964 1.0 -0.213212289782 -0.253623653053 
8.97897897898 1.0 0.431178912314 0.320603385274 
-4.39439439439 1.0 0.949864345085 1.00788854546 
3.01301301301 1.0 0.128225638051 0.135385729104 
3.69369369369 1.0 -0.524477262156 -0.524361504883 
2.21221221221 1.0 0.801249393857 0.805232638397 
-0.17017017017 1.0 -0.169350063744 -0.163882780781 
-3.33333333333 1.0 0.190567962875 0.317309570079 
3.65365365365 1.0 -0.489974935275 -0.489954029467 
-4.71471471471 1.0 0.999997295481 1.01153657091 
1.71171171171 1.0 0.990087845702 0.990076738703 
6.57657657658 1.0 0.289200237681 0.345258478516 
3.67367367367 1.0 -0.507327764109 -0.507271814372 
-3.41341341341 1.0 0.268485788917 0.408277650995 
-7.75775775776 1.0 -0.995374053792 -1.00641487624 
-2.59259259259 1.0 -0.521834495241 -0.610688319977 
9.61961961962 1.0 -0.193611192318 -0.235442566298 
9.07907907908 1.0 0.338854295004 0.239125847282 
-6.13613613614 1.0 0.146519791772 0.156627606619 
-1.13113113113 1.0 -0.904894218889 -0.94352878581 
2.55255255255 1.0 0.555563147622 0.563702740873 
8.81881881882 1.0 0.569550710787 0.444359898738 
-4.63463463463 1.0 0.996978653508 1.0180968507 
9.01901901902 1.0 0.39471619201 0.288357234077 
-4.57457457457 1.0 0.990518615549 1.019817958 
-0.770770770771 1.0 -0.69668837635 -0.700818019654 
9.41941941942 1.0 0.00535851570584 -0.0549939376531 
-6.45645645646 1.0 -0.172405433055 -0.172686003889 
-2.15215215215 1.0 -0.835718856574 -0.991524939644 
3.53353353353 1.0 -0.381982835353 -0.381665831516 
-3.01301301301 1.0 -0.128225638051 -0.0852858571117 
-8.23823823824 1.0 -0.927077365617 -0.923545290149 
9.77977977978 1.0 -0.347592070824 -0.381073125453 
0.990990990991 1.0 0.836569314705 0.836624433102 
3.49349349349 1.0 -0.34468278404 -0.344086486323 
-9.31931931932 1.0 -0.105263273301 -0.129218768875 
-5.75575575576 1.0 0.503313872361 0.509514537856 
-9.53953953954 1.0 0.114509838728 0.0876448806097 
-4.87487487487 1.0 0.986828185163 0.984169739059 
1.81181181181 1.0 0.971096090611 0.971345779581 
1.35135135135 1.0 0.97601842181 0.976371920898 
-6.07607607608 1.0 0.205631771434 0.216363037973 
-5.13513513514 1.0 0.911965725448 0.900254776971 
-1.31131131131 1.0 -0.966522242485 -1.03082325879 
2.15215215215 1.0 0.835718856574 0.838917349517 
-7.57757757758 1.0 -0.96204298189 -0.980016942271 
1.15115115115 1.0 0.91323356617 0.913659220775 
3.09309309309 1.0 0.0484805492288 0.0545583992025 
7.4974974975 1.0 0.93712958481 0.909757210003 
6.27627627628 1.0 -0.00690897593668 0.0346156890002 
-5.8958958959 1.0 0.377679973455 0.387380135872 
-8.75875875876 1.0 -0.617860839267 -0.620505456237 
-1.79179179179 1.0 -0.975679725882 -1.11255901312 
-9.8998998999 1.0 0.45744688336 0.446766488532 
4.79479479479 1.0 -0.996606561851 -0.984258386232 
-5.6956956957 1.0 0.554273288059 0.558433216507 
2.53253253253 1.0 0.572096837274 0.58006137688 
5.37537537538 1.0 -0.788157702332 -0.785284877558 
-0.690690690691 1.0 -0.637069722791 -0.636938824714 
1.11111111111 1.0 0.89619220103 0.89656247468 
-3.47347347347 1.0 0.325821789448 0.472894841783 
4.15415415415 1.0 -0.848191426515 -0.841203750536 
-4.05405405405 1.0 0.791012020637 0.908941552524 
8.93893893894 1.0 0.466950456861 0.35235598009 
6.33633633634 1.0 0.0531260071326 0.0985322122695 
-6.27627627628 1.0 0.00690897593668 0.0137667964422 
-1.95195195195 1.0 -0.928235370545 -1.08015898703 
7.77777777778 1.0 0.997097890944 0.921930117786 
-5.77577577578 1.0 0.485914794209 0.492733851089 
8.05805805806 1.0 0.979248576653 0.865037693692 
1.21121121121 1.0 0.936042896216 0.936504034406 
2.67267267267 1.0 0.451923110669 0.460772917702 
-3.71371371371 1.0 0.541416556108 0.696101761673 
-1.81181181181 1.0 -0.971096090611 -1.11030699238 
0.39039039039 1.0 0.380549461752 0.379256950867 
5.55555555556 1.0 -0.665101514979 -0.661649810582 
-2.09209209209 1.0 -0.867174611281 -1.02386522589 
9.27927927928 1.0 0.144985860003 0.0687049377509 
1.49149149149 1.0 0.996857019318 0.996964246325 
5.15515515516 1.0 -0.903569980268 -0.897621831865 
-3.51351351351 1.0 0.363405633971 0.514116443798 
7.83783783784 1.0 0.999869691753 0.915236058383 
3.25325325325 1.0 -0.111428711879 -0.107815986844 
-2.63263263263 1.0 -0.487269347053 -0.565190807724 
-4.55455455455 1.0 0.987569983594 1.01977162285 
3.07307307307 1.0 0.0684659772958 0.0748300245837 
7.6976976977 1.0 0.987812502254 0.925891588066 
4.59459459459 1.0 -0.993070259711 -0.979807290947 
-10.0 1.0 0.544021110889 0.544517322472 
-9.87987987988 1.0 0.439553861488 0.42704142996 
-3.65365365365 1.0 0.489974935275 0.645864204918 
-1.73173173173 1.0 -0.987077824457 -1.11634485267 
-0.0700700700701 1.0 -0.0700127456343 -0.0659518610186 
-5.97597597598 1.0 0.302399804444 0.313086447873 
3.87387387387 1.0 -0.668567805308 -0.666837284159 
0.670670670671 1.0 0.62151153354 0.620212931858 
7.1971971972 1.0 0.791959659904 0.812029938508 
-8.2982982983 1.0 -0.902904601864 -0.898762928236 
7.87787787788 1.0 0.99971449835 0.909052278829 
0.930930930931 1.0 0.802176135594 0.802002034733 
-5.0950950951 1.0 0.927657483133 0.9163057941 
-6.83683683684 1.0 -0.525796755923 -0.543999835165 
2.47247247247 1.0 0.620296125676 0.62765549623 
-1.93193193193 1.0 -0.935496175869 -1.08603882003 
-7.0970970971 1.0 -0.726978798959 -0.75208657235 
7.31731731732 1.0 0.859418901282 0.861907814773 
-5.43543543544 1.0 0.749793457774 0.743861144306 
-0.830830830831 1.0 -0.738491823944 -0.746615966616 
-2.97297297297 1.0 -0.167821766571 -0.137742081421 
0.29029029029 1.0 0.286230381945 0.285573184929 
-6.1961961962 1.0 0.0868794431893 0.0958890962177 
3.85385385385 1.0 -0.653546911213 -0.652085449292 
7.55755755756 1.0 0.956387136503 0.918608197904 
7.43743743744 1.0 0.914492625181 0.897382845453 
7.3973973974 1.0 0.897563688968 0.887154146558 
-6.77677677678 1.0 -0.473791717778 -0.489486852305 
-3.49349349349 1.0 0.34468278404 0.493696543577 
-9.05905905906 1.0 -0.357620745349 -0.37214907387 
0.23023023023 1.0 0.228201684929 0.228102943627 
8.3983983984 1.0 0.855429505195 0.71765834337 
2.81281281281 1.0 0.322888465175 0.33171060082 
6.47647647648 1.0 0.19208980849 0.244899442353 
