-9.85985985986 1.0 0.421484671785 0.478576885238 
6.35635635636 1.0 0.0731057736575 0.0617781703526 
-2.81281281281 1.0 -0.322888465175 -0.349185355111 
-2.95295295295 1.0 -0.187522900919 -0.158883830341 
1.89189189189 1.0 0.948890220341 0.949370501379 
4.67467467467 1.0 -0.999288899866 -1.00530961309 
-6.3963963964 1.0 -0.112969411094 -0.0901548583146 
-5.4954954955 1.0 0.708725363073 0.713292673713 
-8.7987987988 1.0 -0.585891056576 -0.520875237001 
-9.55955955956 1.0 0.13437389375 0.184210458659 
-8.53853853854 1.0 -0.774699305584 -0.710174650279 
-6.53653653654 1.0 -0.250649611665 -0.232799967676 
7.33733733734 1.0 0.869481672757 0.826038918533 
6.83683683684 1.0 0.525796755923 0.523415721711 
1.45145145145 1.0 0.992886849216 0.990693015027 
-7.71771771772 1.0 -0.990730428893 -0.966241329643 
1.65165165165 1.0 0.996732988666 0.995113912025 
-0.0900900900901 1.0 -0.0899682743046 -0.0879618141207 
1.23123123123 1.0 0.942899611382 0.940827268407 
3.59359359359 1.0 -0.436766402789 -0.444121154615 
0.870870870871 1.0 0.764890207772 0.763487127586 
-7.63763763764 1.0 -0.976688773762 -0.957088970912 
0.37037037037 1.0 0.361960713579 0.362489871138 
9.35935935936 1.0 0.0653719505576 0.0137938060414 
3.13313313313 1.0 0.00845941955822 0.0114726628592 
7.81781781782 1.0 0.999346160464 0.89124999184 
-1.17117117117 1.0 -0.921206900567 -1.00847656342 
-2.37237237237 1.0 -0.695575258639 -0.865546874306 
-6.33633633634 1.0 -0.0531260071326 -0.0286213902749 
8.07807807808 1.0 0.974995298193 0.840549494625 
-7.81781781782 1.0 -0.999346160464 -0.968450090301 
-4.29429429429 1.0 0.913864194148 0.999871302982 
-4.77477477477 1.0 0.998054637396 1.00850132829 
-5.7957957958 1.0 0.468320967329 0.487940465631 
-8.6986986987 1.0 -0.66394288333 -0.598346977892 
8.23823823824 1.0 0.927077365617 0.783547871172 
-0.13013013013 1.0 -0.1297631736 -0.128022912517 
0.13013013013 1.0 0.1297631736 0.131670568178 
-8.61861861862 1.0 -0.721633711464 -0.656249332386 
-7.07707707708 1.0 -0.713087090062 -0.710931487911 
8.91891891892 1.0 0.484559073218 0.373490789848 
2.29229229229 1.0 0.750818471552 0.757486208932 
-8.87887887888 1.0 -0.519186710331 -0.455232069502 
8.95895895896 1.0 0.449154692451 0.342965105388 
-0.19019019019 1.0 -0.189045659132 -0.187944541467 
-4.33433433433 1.0 0.929384449502 1.00756031223 
-0.39039039039 1.0 -0.380549461752 -0.384327401346 
-4.53453453453 1.0 0.984225545624 1.0262991371 
4.47447447447 1.0 -0.971831589603 -0.975865081446 
-8.15815815816 1.0 -0.9540939133 -0.902583663817 
4.19419419419 1.0 -0.868714740054 -0.874334946673 
4.91491491491 1.0 -0.979561626072 -0.992266542135 
-5.5955955956 1.0 0.634676409709 0.64446704321 
-9.03903903904 1.0 -0.376243865658 -0.315630520132 
-1.05105105105 1.0 -0.867945718946 -0.935231258247 
-0.870870870871 1.0 -0.764890207772 -0.806617171745 
5.11511511512 1.0 -0.919995965877 -0.940845564012 
-8.55855855856 1.0 -0.761885650774 -0.69708370981 
2.27227227227 1.0 0.763890524376 0.770241655992 
3.15315315315 1.0 -0.0115602420643 -0.0090584386341 
3.99399399399 1.0 -0.752863081707 -0.760613661888 
-8.3983983984 1.0 -0.855429505195 -0.7940249776 
-4.89489489489 1.0 0.983391971377 0.984124696843 
7.11711711712 1.0 0.740579143612 0.721397076615 
0.830830830831 1.0 0.738491823944 0.737176946621 
-1.55155155155 1.0 -0.999814825028 -1.15646375536 
0.03003003003 1.0 0.0300255167065 0.032234824906 
8.73873873874 1.0 0.633477463068 0.503622017124 
-8.8988988989 1.0 -0.501973484202 -0.43835660594 
-9.51951951952 1.0 0.094599889559 0.144623380622 
-9.41941941942 1.0 -0.00535851570584 0.0459114140081 
-6.23623623624 1.0 0.046931825201 0.0734170791791 
3.77377377377 1.0 -0.590905760288 -0.599593955974 
-6.8968968969 1.0 -0.575905704393 -0.571020624572 
-4.83483483483 1.0 0.99251286792 0.997574545633 
0.21021021021 1.0 0.208665487323 0.210161080816 
-1.77177177177 1.0 -0.979872320608 -1.1697430048 
-8.67867867868 1.0 -0.678779469621 -0.613177679415 
0.970970970971 1.0 0.825434213842 0.823828188942 
-1.71171171171 1.0 -0.990087845702 -1.17215222454 
-0.49049049049 1.0 -0.471058607419 -0.479318401288 
6.01601601602 1.0 -0.264002216892 -0.29298017906 
-8.77877877878 1.0 -0.601996584369 -0.536794564366 
7.7977977978 1.0 0.998422103411 0.892807858201 
-0.670670670671 1.0 -0.62151153354 -0.64215761551 
0.950950950951 1.0 0.813968289004 0.812401500682 
-8.11811811812 1.0 -0.965318303844 -0.91593695379 
-9.57957957958 1.0 0.154184093352 0.204006286817 
7.25725725726 1.0 0.827180739833 0.793451946441 
-4.75475475475 1.0 0.999102704803 1.01157841804 
-2.77277277277 1.0 -0.360514923027 -0.402491451828 
3.17317317317 1.0 -0.0315752704827 -0.0295911562324 
-2.49249249249 1.0 -0.604469813648 -0.744019642679 
-3.31331331331 1.0 0.170877953796 0.313134111283 
-3.77377377377 1.0 0.590905760288 0.762036107025 
-5.73573573574 1.0 0.520511228445 0.537423067578 
-3.89389389389 1.0 0.683320745574 0.841437326087 
-5.33533533534 1.0 0.812162990678 0.80956872989 
-9.45945945946 1.0 0.034674546587 0.0853274522128 
-5.41541541542 1.0 0.762889004574 0.763588404588 
-7.67767767768 1.0 -0.984498672401 -0.962491328126 
-3.93393393393 1.0 0.711999223182 0.864457270891 
-9.17917917918 1.0 -0.243137181641 -0.18619677821 
9.71971971972 1.0 -0.290684124469 -0.304038439192 
-7.8978978979 1.0 -0.999035835857 -0.962958882179 
1.51151151151 1.0 0.998243169988 0.996130350981 
-8.27827827828 1.0 -0.911328515751 -0.85420275687 
6.87687687688 1.0 0.559424700424 0.555746745501 
4.45445445445 1.0 -0.966918909573 -0.970924996853 
-0.01001001001 1.0 -0.0100098428432 -0.00778377895081 
-1.11111111111 1.0 -0.89619220103 -0.973218671224 
-3.99399399399 1.0 0.752863081707 0.895844363143 
-4.09409409409 1.0 0.81486800406 0.940035196051 
0.0500500500501 1.0 0.0500291567086 0.0522045969095 
7.15715715716 1.0 0.766884055736 0.743910402254 
-2.93293293293 1.0 -0.207148878373 -0.186244126385 
-6.93693693694 1.0 -0.608168751487 -0.604211828848 
7.57757757758 1.0 0.96204298189 0.886041901367 
4.33433433433 1.0 -0.929384449502 -0.933757091306 
-6.21621621622 1.0 0.066919044364 0.0936569607074 
8.57857857858 1.0 0.748766641479 0.607736702073 
8.0980980981 1.0 0.970351253498 0.834436273283 
1.53153153153 1.0 0.999229236959 0.997159057157 
8.998998999 1.0 0.413030320922 0.311918784967 
6.41641641642 1.0 0.132837305145 0.124444430908 
-6.61661661662 1.0 -0.327287278425 -0.312613052165 
7.67767767768 1.0 0.984498672401 0.894651767625 
6.996996997 1.0 0.654719669029 0.644913562292 
5.05505505506 1.0 -0.941862214566 -0.960137197685 
-3.03303303303 1.0 -0.108346513523 -0.0496843914771 
-5.63563563564 1.0 0.603233924101 0.615127414037 
-6.6966966967 1.0 -0.401827232414 -0.390322457495 
-8.43843843844 1.0 -0.834011915114 -0.771505758086 
-0.33033033033 1.0 -0.32435551719 -0.326153324195 
-7.01701701702 1.0 -0.669720024621 -0.66708614186 
5.87587587588 1.0 -0.396140311588 -0.430199253486 
-5.57557557558 1.0 0.650019222236 0.658753187376 
-4.49449449449 1.0 0.976354771373 1.02508998283 
0.570570570571 1.0 0.540112324789 0.539606638304 
8.11811811812 1.0 0.965318303844 0.828026026238 
9.25925925926 1.0 0.164763965562 0.0994139307247 
-5.01501501502 1.0 0.954557149695 0.949728908969 
-4.01401401401 1.0 0.765888052358 0.905483765956 
-4.31431431431 1.0 0.921809046742 1.00388659616 
9.83983983984 1.0 -0.403246556161 -0.411162288614 
1.77177177177 1.0 0.979872320608 0.979092507497 
-3.83383383383 1.0 0.63826408348 0.803696604747 
4.41441441441 1.0 -0.955933085822 -0.959965648862 
-6.63663663664 1.0 -0.346137843492 -0.33226448974 
-8.5985985986 1.0 -0.735347535638 -0.670116086082 
-0.810810810811 1.0 -0.724845989014 -0.759414829651 
-2.33233233233 1.0 -0.723776968945 -0.901924655669 
3.37337337337 1.0 -0.229710988177 -0.232864059874 
4.69469469469 1.0 -0.999843460211 -1.00624596482 
5.01501501502 1.0 -0.954557149695 -0.971160253246 
-6.996996997 1.0 -0.654719669029 -0.651825816618 
2.39239239239 1.0 0.681053382124 0.689171505319 
-3.53353353353 1.0 0.381982835353 0.555601363246 
-4.73473473473 1.0 0.99975034402 1.01437098437 
-6.81681681682 1.0 -0.508663293061 -0.501467202719 
-1.69169169169 1.0 -0.992701051804 -1.17191876077 
5.03503503504 1.0 -0.948399735659 -0.965832806724 
3.03303303303 1.0 0.108346513523 0.113765498432 
-4.61461461461 1.0 0.995223893414 1.02506926999 
5.75575575576 1.0 -0.503313872361 -0.539754419828 
-3.97397397397 1.0 0.739536372707 0.885796094095 
1.67167167167 1.0 0.994916395419 0.993408631844 
-7.45745745746 1.0 -0.922408976872 -0.912248717846 
5.07507507508 1.0 -0.934947206573 -0.954073803953 
6.13613613614 1.0 -0.146519791772 -0.169668737131 
-7.15715715716 1.0 -0.766884055736 -0.764628873889 
6.97697697698 1.0 0.639456909771 0.63090367557 
3.89389389389 1.0 -0.683320745574 -0.691790265692 
-4.25425425425 1.0 0.896879023055 0.990800248392 
7.27727727728 1.0 0.838264195546 0.802189347581 
1.69169169169 1.0 0.992701051804 0.991315764424 
9.0990990991 1.0 0.319952035985 0.232215575212 
-4.91491491491 1.0 0.979561626072 0.979084358097 
-3.69369369369 1.0 0.524477262156 0.700302838573 
-1.57157157157 1.0 -0.999999699498 -1.16010356214 
3.11311311311 1.0 0.0284756907485 0.0319924333007 
9.51951951952 1.0 -0.094599889559 -0.126164711089 
-3.57357357357 1.0 0.41867057176 0.594402096876 
-1.15115115115 1.0 -0.91323356617 -0.997038194102 
-4.15415415415 1.0 0.848191426515 0.961861673807 
-7.1971971972 1.0 -0.791959659904 -0.789329549371 
5.995995996 1.0 -0.2832577738 -0.313092943635 
8.35835835836 1.0 0.875475849797 0.7293756061 
0.01001001001 1.0 0.0100098428432 0.0122365891593 
8.85885885886 1.0 0.536191852752 0.41823891296 
-5.61561561562 1.0 0.61907922661 0.629924353521 
1.07107107107 1.0 0.877714248189 0.875917562177 
-1.47147147147 1.0 -0.995071340501 -1.13739396368 
1.99199199199 1.0 0.912600742763 0.914428706923 
9.43943943944 1.0 -0.0146609534063 -0.0558078033277 
-6.5965965966 1.0 -0.308305540605 -0.29283005414 
-7.7977977978 1.0 -0.998422103411 -0.968821249218 
3.33333333333 1.0 -0.190567962875 -0.192741082044 
-0.850850850851 1.0 -0.75184168035 -0.791103742877 
6.73673673674 1.0 0.438160658811 0.437420931237 
-1.23123123123 1.0 -0.942899611382 -1.04082550438 
2.61261261261 1.0 0.504653050544 0.514586304089 
-7.3973973974 1.0 -0.897563688968 -0.889873207415 
-0.510510510511 1.0 -0.488622728493 -0.49797244745 
1.55155155155 1.0 0.999814825028 0.99779587877 
-9.5995995996 1.0 0.173932497848 0.223797255064 
-9.35935935936 1.0 -0.0653719505576 -0.0129389026038 
8.51851851852 1.0 0.787202470352 0.643554015636 
2.59259259259 1.0 0.521834495241 0.531707402372 
6.67667667668 1.0 0.38341529066 0.382613669241 
2.03203203203 1.0 0.895503224543 0.897932565239 
7.01701701702 1.0 0.669720024621 0.658570211634 
1.59159159159 1.0 0.999783786273 0.997894848181 
-8.81881881882 1.0 -0.569550710787 -0.504753986312 
7.75775775776 1.0 0.995374053792 0.894864214867 
6.63663663664 1.0 0.346137843492 0.344890597612 
-4.07407407407 1.0 0.803100948886 0.931989828485 
-2.79279279279 1.0 -0.341770182763 -0.37592758495 
-7.55755755756 1.0 -0.956387136503 -0.941307177742 
-7.35735735736 1.0 -0.879195966573 -0.872923643912 
-5.21521521522 1.0 0.87622408965 0.870359628336 
5.83583583584 1.0 -0.432577348176 -0.467648395114 
-9.13913913914 1.0 -0.281770446506 -0.223752789215 
4.85485485485 1.0 -0.989868890237 -1.00050194933 
-2.61261261261 1.0 -0.504653050544 -0.606006196756 
0.810810810811 1.0 0.724845989014 0.723577496737 
-1.49149149149 1.0 -0.996857019318 -1.14282348931 
-3.25325325325 1.0 0.111428711879 0.239448037872 
-3.59359359359 1.0 0.436766402789 0.613152785427 
8.47847847848 1.0 0.811257411747 0.66637036275 
-1.91191191191 1.0 -0.942382045726 -1.1452073555 
9.53953953954 1.0 -0.114509838728 -0.143847925598 
-0.45045045045 1.0 -0.435371096772 -0.441649773279 
-2.29229229229 1.0 -0.750818471552 -0.936110970575 
-3.19319319319 1.0 0.0515776439174 0.16314664711 
-7.37737737738 1.0 -0.888557889358 -0.881600279822 
6.15615615616 1.0 -0.126687794244 -0.14878011918 
-8.0980980981 1.0 -0.970351253498 -0.922076381766 
1.43143143143 1.0 0.99030442098 0.988097614075 
-8.93893893894 1.0 -0.466950456861 -0.404085849856 
-2.87287287287 1.0 -0.265497380359 -0.268112204658 
-0.47047047047 1.0 -0.453305691794 -0.460542358383 
-5.3953953954 1.0 0.775678794758 0.775490157521 
1.01101101101 1.0 0.84736912878 0.845685868801 
0.630630630631 1.0 0.589654207656 0.588912815804 
8.55855855856 1.0 0.761885650774 0.619882954104 
-5.03503503504 1.0 0.948399735659 0.943029672025 
0.41041041041 1.0 0.398985690337 0.399280982515 
4.29429429429 1.0 -0.913864194148 -0.918525877178 
8.63863863864 1.0 0.707630665292 0.570101834075 
8.71871871872 1.0 0.648840196822 0.517275549845 
-3.07307307307 1.0 -0.0684659772958 0.00446548020162 
-5.65565565566 1.0 0.587146852786 0.600078711486 
-6.0960960961 1.0 0.185999691898 0.21313290124 
-8.25825825826 1.0 -0.919387180273 -0.863109923207 
2.87287287287 1.0 0.265497380359 0.273893269036 
-9.4994994995 1.0 0.0746520259067 0.124841845238 
-2.51251251251 1.0 -0.588401237484 -0.72207921195 
7.03703703704 1.0 0.684451964588 0.671868800123 
-2.21221221221 1.0 -0.801249393857 -0.997693191835 
1.17117117117 1.0 0.921206900567 0.919230401944 
2.07207207207 1.0 0.876970223046 0.880028410269 
1.03103103103 1.0 0.857829327634 0.856107950102 
-8.01801801802 1.0 -0.986576173517 -0.942969771783 
-9.33933933934 1.0 -0.0853347124856 -0.032461946087 
3.43343343343 1.0 -0.28771565565 -0.292240657097 
3.05305305305 1.0 0.0884239650333 0.0933872603152 
1.27127127127 1.0 0.955476737061 0.953349724772 
-3.05305305305 1.0 -0.0884239650333 -0.0225542330027 
-0.37037037037 1.0 -0.361960713579 -0.36502333552 
0.590590590591 1.0 0.556851671602 0.556263500098 
4.35435435435 1.0 -0.936587366299 -0.940842801229 
5.27527527528 1.0 -0.845718424022 -0.873357622507 
0.510510510511 1.0 0.488622728493 0.488388642825 
6.23623623624 1.0 -0.046931825201 -0.0646833894083 
-1.67167167167 1.0 -0.994916395419 -1.17117795668 
-6.31631631632 1.0 -0.0331249483513 -0.00813474609315 
0.33033033033 1.0 0.32435551719 0.325126644219 
-4.85485485485 1.0 0.989868890237 0.993370479455 
8.2982982983 1.0 0.902904601864 0.757619665096 
2.77277277277 1.0 0.360514923027 0.370021465292 
-1.01101101101 1.0 -0.84736912878 -0.908476428742 
-4.27427427427 1.0 0.905553075921 0.995510519751 
-0.610610610611 1.0 -0.573367839051 -0.589221778814 
-8.03803803804 1.0 -0.983109384216 -0.938302915648 
-4.99499499499 1.0 0.960331988856 0.956152498298 
-6.73673673674 1.0 -0.438160658811 -0.428175434104 
7.37737737738 1.0 0.888557889358 0.839965142348 
-1.29129129129 1.0 -0.961192106815 -1.07008155952 
-2.03203203203 1.0 -0.895503224543 -1.10206042202 
3.45345345345 1.0 -0.306830209454 -0.311780505674 
-8.05805805806 1.0 -0.979248576653 -0.933262829208 
4.87487487487 1.0 -0.986828185163 -0.998125846715 
3.63363363363 1.0 -0.472425730458 -0.480256502539 
-4.47447447447 1.0 0.971831589603 1.0240201608 
-7.93793793794 1.0 -0.996477739177 -0.957841650599 
4.93493493493 1.0 -0.975338684403 -0.988783250882 
-7.41741741742 1.0 -0.906209755988 -0.897740200183 
-5.23523523524 1.0 0.866401418913 0.860912211288 
-9.67967967968 1.0 0.252150304413 0.302819053994 
-8.45845845846 1.0 -0.822799547447 -0.759805335965 
5.41541541542 1.0 -0.762889004574 -0.795561356301 
-9.43943943944 1.0 0.0146609534063 0.0656046073635 
2.19219219219 1.0 0.813066617154 0.818104718364 
-2.55255255255 1.0 -0.555563147622 -0.676876493628 
-2.65265265265 1.0 -0.469690351946 -0.55691650766 
5.91591591592 1.0 -0.359068265792 -0.391908333168 
4.49449449449 1.0 -0.976354771373 -0.980444331269 
-9.1991991992 1.0 -0.223670498102 -0.167268150972 
8.7987987988 1.0 0.585891056576 0.461649658242 
0.25025025025 1.0 0.247646422081 0.248906897437 
-0.25025025025 1.0 -0.247646422081 -0.247521443732 
-2.89289289289 1.0 -0.246143932464 -0.2408809359 
-4.21421421421 1.0 0.878456163293 0.980314868586 
-7.11711711712 1.0 -0.740579143612 -0.738481291523 
2.11211211211 1.0 0.857031446499 0.860739226774 
6.45645645646 1.0 0.172405433055 0.165791415637 
0.690690690691 1.0 0.637069722791 0.636125968785 
-1.37137137137 1.0 -0.980180659514 -1.10395279864 
1.37137137137 1.0 0.980180659514 0.977970220556 
3.81381381381 1.0 -0.622725447279 -0.631431664985 
9.87987987988 1.0 -0.439553861488 -0.446800416838 
0.27027027027 1.0 0.266991905564 0.268131148963 
7.2972972973 1.0 0.849011685183 0.810533446992 
8.5985985986 1.0 0.735347535638 0.595388506805 
-6.75675675676 1.0 -0.456067581459 -0.446815197744 
-6.85685685686 1.0 -0.542719485852 -0.536748740005 
8.6986986987 1.0 0.66394288333 0.530754122781 
7.13713713714 1.0 0.753882673169 0.732843972046 
3.29329329329 1.0 -0.151119458915 -0.152275190991 
1.85185185185 1.0 0.960763202681 0.960777347307 
-7.21721721722 1.0 -0.804023831509 -0.80112453945 
5.71571571572 1.0 -0.537499969971 -0.574288600059 
6.71671671672 1.0 0.42007812671 0.419401583728 
-5.25525525526 1.0 0.856231505045 0.851190703506 
-7.85785785786 1.0 -0.999992487454 -0.966501443964 
4.57457457457 1.0 -0.990518615549 -0.995138493761 
2.97297297297 1.0 0.167821766571 0.174508339678 
-6.37637637638 1.0 -0.0930562402792 -0.0696418779023 
-9.3993993994 1.0 -0.0253758371902 0.0262529879687 
-5.995995996 1.0 0.2832577738 0.309188111028 
-9.63963963964 1.0 0.213212289782 0.263345796305 
-2.69269269269 1.0 -0.433974744115 -0.506526749558 
-0.15015015015 1.0 -0.149586594914 -0.148025377367 
-2.67267267267 1.0 -0.451923110669 -0.531874374939 
4.39439439439 1.0 -0.949864345085 -0.95394820076 
6.1961961962 1.0 -0.0868794431893 -0.106816715136 
-8.35835835836 1.0 -0.875475849797 -0.815338076397 
-1.03103103103 1.0 -0.857829327634 -0.921992573328 
-2.25225225225 1.0 -0.776656419186 -0.968048830135 
0.43043043043 1.0 0.417262010319 0.417444507905 
-8.998998999 1.0 -0.413030320922 -0.351461669757 
2.17217217217 1.0 0.824557973258 0.829262239189 
-8.31831831832 1.0 -0.894118814814 -0.83540904394 
-8.95895895896 1.0 -0.449154692451 -0.386701414984 
-2.43243243243 1.0 -0.651196684992 -0.80702611542 
2.09209209209 1.0 0.867174611281 0.870555456556 
4.95495495495 1.0 -0.970724838874 -0.984930880114 
1.41141141141 1.0 0.987325090799 0.985111515492 
-3.67367367367 1.0 0.507327764109 0.683758869653 
2.41241241241 1.0 0.666258547712 0.674631414969 
2.71271271271 1.0 0.415852445773 0.425713731947 
-9.47947947948 1.0 0.054674242632 0.105074874711 
-4.03403403403 1.0 0.778606064409 0.914718364589 
6.91691691692 1.0 0.592155892373 0.586807589554 
6.77677677678 1.0 0.473791717778 0.472664872388 
-0.21021021021 1.0 -0.208665487323 -0.207849540269 
0.49049049049 1.0 0.471058607419 0.470923051515 
7.35735735736 1.0 0.879195966573 0.833199489569 
0.45045045045 1.0 0.435371096772 0.435444017974 
4.63463463463 1.0 -0.996978653508 -1.00233771683 
-5.17517517518 1.0 0.894812095251 0.888431522691 
-4.37437437437 1.0 0.943414910292 1.01389819936 
9.85985985986 1.0 -0.421484671785 -0.428988881707 
4.53453453453 1.0 -0.984225545624 -0.988517331172 
-2.71271271271 1.0 -0.415852445773 -0.480893800703 
-2.75275275275 1.0 -0.379115173303 -0.428854902041 
-5.2952952953 1.0 0.834866389361 0.830926307866 
7.5975975976 1.0 0.967313252172 0.888519306497 
-2.57257257257 1.0 -0.53880679503 -0.653645295353 
8.15815815816 1.0 0.9540939133 0.814330179348 
7.91791791792 1.0 0.997956771974 0.878298177006 
-4.93493493493 1.0 0.975338684403 0.97376650581 
-4.19419419419 1.0 0.868714740054 0.974531408728 
4.89489489489 1.0 -0.983391971377 -0.995380732802 
1.95195195195 1.0 0.928235370545 0.929495218814 
-1.09109109109 1.0 -0.887131000257 -0.960850752594 
6.61661661662 1.0 0.327287278425 0.325703240949 
7.97797797798 1.0 0.992322298019 0.866524148372 
9.57957957958 1.0 -0.154184093352 -0.179305160077 
5.85585585586 1.0 -0.41444188151 -0.449033383039 
-5.83583583584 1.0 0.432577348176 0.453824242619 
0.17017017017 1.0 0.169350063744 0.171064305629 
0.0700700700701 1.0 0.0700127456343 0.072139520558 
-0.970970970971 1.0 -0.825434213842 -0.88063691939 
3.61361361361 1.0 -0.454687183165 -0.462292537844 
-1.85185185185 1.0 -0.960763202681 -1.15904379523 
-9.83983983984 1.0 0.403246556161 0.459255129356 
2.35235235235 1.0 0.709818357066 0.717387910045 
2.25225225225 1.0 0.776656419186 0.782685047548 
-8.1981981982 1.0 -0.941340119153 -0.887822705347 
5.31531531532 1.0 -0.823679750423 -0.852886799942 
4.43443443443 1.0 -0.961618700226 -0.965624894063 
-7.13713713714 1.0 -0.753882673169 -0.751733256479 
-4.35435435435 1.0 0.936587366299 1.01089627226 
-4.81481481481 1.0 0.994759058541 1.00149833294 
-5.67567567568 1.0 0.570824460166 0.58478093048 
9.03903903904 1.0 0.376243865658 0.280380925884 
-6.67667667668 1.0 -0.38341529066 -0.371129807102 
5.17517517518 1.0 -0.894812095251 -0.918259001236 
-9.65965965966 1.0 0.232727934358 0.283094111233 
-1.63163163163 1.0 -0.998150103477 -1.16820143612 
-3.37337337337 1.0 0.229710988177 0.383834248384 
9.33933933934 1.0 0.0853347124856 0.031051752394 
-7.51751751752 1.0 -0.943927941216 -0.930925421256 
4.55455455455 1.0 -0.987569983594 -0.992009707322 
-5.07507507508 1.0 0.934947206573 0.928805094621 
4.21421421421 1.0 -0.878456163293 -0.883865073083 
5.35535535536 1.0 -0.800320725902 -0.831001889864 
7.05705705706 1.0 0.698909584547 0.684804819969 
9.11911911912 1.0 0.30092154409 0.215945804613 
6.25625625626 1.0 -0.0269257963344 -0.0435827382846 
-6.2962962963 1.0 -0.0131106134944 0.0123224581247 
7.21721721722 1.0 0.804023831509 0.774801583426 
-2.91291291291 1.0 -0.226691833081 -0.213584021718 
5.63563563564 1.0 -0.603233924101 -0.640045286437 
5.8958958959 1.0 -0.377679973455 -0.411154614293 
-5.55555555556 1.0 0.665101514979 0.672780674162 
-5.81581581582 1.0 0.450539443112 0.470992231772 
5.33533533534 1.0 -0.812162990678 -0.842120100664 
5.5955955956 1.0 -0.634676409709 -0.671171235519 
-5.93593593594 1.0 0.340312647942 0.36486191001 
-9.6996996997 1.0 0.271471615699 0.322516153876 
-7.61761761762 1.0 -0.972195835089 -0.953766245585 
-3.39339339339 1.0 0.249148316352 0.406682032535 
3.79379379379 1.0 -0.606937230307 -0.615646474697 
1.83183183183 1.0 0.96612325186 0.965921350995 
-3.73373373373 1.0 0.558138856901 0.732057194466 
5.1951951952 1.0 -0.885695580449 -0.910001556596 
-8.47847847848 1.0 -0.811257411747 -0.747817263136 
5.65565565566 1.0 -0.587146852786 -0.624035665556 
-7.27727727728 1.0 -0.838264195546 -0.834233500157 
-2.45245245245 1.0 -0.635873830576 -0.786506412199 
-6.91691691692 1.0 -0.592155892373 -0.587755614683 
-9.97997997998 1.0 0.527114985665 0.593016990019 
-9.7997997998 1.0 0.366292850383 0.420432294628 
8.17817817818 1.0 0.947906971008 0.80705247738 
4.05405405405 1.0 -0.791012020637 -0.798172497096 
-7.87787787788 1.0 -0.99971449835 -0.964928246984 
9.91991991992 1.0 -0.475156566095 -0.482367785812 
1.25125125125 1.0 0.949378423874 0.947277609736 
-1.87187187187 1.0 -0.955018091318 -1.15499374353 
1.73173173173 1.0 0.987077824457 0.985971858001 
-9.15915915916 1.0 -0.26250641876 -0.205026808554 
-5.47547547548 1.0 0.722706208904 0.726267828048 
-2.13213213213 1.0 -0.846544793956 -1.04997818152 
9.7997997998 1.0 -0.366292850383 -0.37547465303 
-1.89189189189 1.0 -0.948890220341 -1.150383171 
-1.41141141141 1.0 -0.987325090799 -1.11855891733 
4.99499499499 1.0 -0.960331988856 -0.976119230863 
-1.19119119119 1.0 -0.928811026462 -1.01959175321 
-2.19219219219 1.0 -0.813066617154 -1.01164439334 
4.27427427427 1.0 -0.905553075921 -0.910383135607 
-6.51651651652 1.0 -0.231219739195 -0.212599195186 
-7.65765765766 1.0 -0.980790267476 -0.959997121928 
1.79179179179 1.0 0.975679725882 0.975080743187 
-0.790790790791 1.0 -0.710909644644 -0.743250997741 
-0.710710710711 1.0 -0.65237258226 -0.676600572129 
9.47947947948 1.0 -0.054674242632 -0.0909047278047 
5.47547547548 1.0 -0.722706208904 -0.757048599528 
-7.23723723724 1.0 -0.81576576016 -0.812543045729 
-1.43143143143 1.0 -0.99030442098 -1.12525440425 
-7.43743743744 1.0 -0.914492625181 -0.905199281018 
9.21921921922 1.0 0.204114170152 0.133145942073 
1.31131131131 1.0 0.966522242485 0.964351123838 
7.61761761762 1.0 0.972195835089 0.890616634717 
0.19019019019 1.0 0.189045659132 0.190653172586 
7.41741741742 1.0 0.906209755988 0.852312618556 
9.65965965966 1.0 -0.232727934358 -0.250496834883 
3.27327327327 1.0 -0.131300397197 -0.131937598807 
-0.630630630631 1.0 -0.589654207656 -0.60702919257 
6.21621621622 1.0 -0.066919044364 -0.0857653676562 
1.97197197197 1.0 0.920602539794 0.922141964454 
0.550550550551 1.0 0.523156507537 0.522737319558 
0.0900900900901 1.0 0.0899682743046 0.0920331584615 
3.83383383383 1.0 -0.63826408348 -0.646943923604 
2.79279279279 1.0 0.341770182763 0.351105919077 
-1.27127127127 1.0 -0.955476737061 -1.06068472629 
4.07407407407 1.0 -0.803100948886 -0.810048094641 
0.770770770771 1.0 0.69668837635 0.695518350785 
4.75475475475 1.0 -0.999102704803 -1.00685215853 
-8.63863863864 1.0 -0.707630665292 -0.642133968078 
-5.1951951952 1.0 0.885695580449 0.879532780409 
4.71471471471 1.0 -0.999997295481 -1.00681540254 
-0.35035035035 1.0 -0.343226895963 -0.34563013353 
-9.27927927928 1.0 -0.144985860003 -0.0906762537389 
-9.91991991992 1.0 0.475156566095 0.536137984045 
-1.51151151151 1.0 -0.998243169988 -1.14781647486 
-6.01601601602 1.0 0.264002216892 0.290284827747 
8.53853853854 1.0 0.774699305584 0.631823362328 
-1.21121121121 1.0 -0.936042896216 -1.03037700476 
-6.43643643644 1.0 -0.152651959622 -0.131133357616 
-6.17617617618 1.0 0.106805021793 0.133892274462 
2.63263263263 1.0 0.487269347053 0.497238718401 
-0.27027027027 1.0 -0.266991905564 -0.267276897937 
9.8998998999 1.0 -0.45744688336 -0.464594253823 
-0.930930930931 1.0 -0.802176135594 -0.851762497658 
-6.41641641642 1.0 -0.132837305145 -0.110655577463 
-3.43343343343 1.0 0.28771565565 0.451238137584 
5.73573573574 1.0 -0.520511228445 -0.557154072627 
2.37237237237 1.0 0.695575258639 0.703425198551 
8.65865865866 1.0 0.693344009372 0.557171102074 
-1.83183183183 1.0 -0.96612325186 -1.16253834021 
8.43843843844 1.0 0.834011915114 0.688300511715 
4.51451451451 1.0 -0.980486642048 -0.984661984716 
-3.35335335335 1.0 0.210181594637 0.360619714021 
-7.53753753754 1.0 -0.950347982805 -0.936323697389 
-8.85885885886 1.0 -0.536191852752 -0.471927043353 
2.69269269269 1.0 0.433974744115 0.443901735136 
9.45945945946 1.0 -0.034674546587 -0.0733342867892 
0.750750750751 1.0 0.682187883844 0.681070408694 
9.17917917918 1.0 0.243137181641 0.166542078055 
-5.11511511512 1.0 0.919995965877 0.913480119154 
7.0970970971 1.0 0.726978798959 0.709572687706 
3.73373373373 1.0 -0.558138856901 -0.566710413604 
0.710710710711 1.0 0.65237258226 0.651368015424 
7.17717717718 1.0 0.779578080518 0.754593690797 
-5.51551551552 1.0 0.694460468753 0.700052103136 
9.13913913914 1.0 0.281770446506 0.199574618794 
6.31631631632 1.0 0.0331249483513 0.0197107405773 
5.81581581582 1.0 -0.450539443112 -0.486035945909 
9.95995995996 1.0 -0.509997599178 -0.517843676925 
-0.0500500500501 1.0 -0.0500291567086 -0.0478658537881 
-8.21821821822 1.0 -0.934395989648 -0.879923978903 
-6.71671671672 1.0 -0.42007812671 -0.409341115299 
-3.21321321321 1.0 0.0715593456609 0.188845731956 
5.95595595596 1.0 -0.32142063693 -0.352847585167 
6.8968968969 1.0 0.575905704393 0.571439343408 
-5.71571571572 1.0 0.537499969971 0.553449900265 
-8.17817817818 1.0 -0.947906971008 -0.895377236072 
-0.570570570571 1.0 -0.540112324789 -0.553148069586 
-6.95695695696 1.0 -0.623937863975 -0.620380947647 
2.45245245245 1.0 0.635873830576 0.644711045036 
-3.75375375375 1.0 0.574637462441 0.74726816959 
-9.11911911912 1.0 -0.30092154409 -0.242369257389 
6.95695695696 1.0 0.623937863975 0.616545692181 
7.07707707708 1.0 0.713087090062 0.697374076944 
4.37437437437 1.0 -0.943414910292 -0.947573557738 
1.91191191191 1.0 0.942382045726 0.94311184722 
3.97397397397 1.0 -0.739536372707 -0.747461348194 
7.45745745746 1.0 0.922408976872 0.863085330011 
9.97997997998 1.0 -0.527114985665 -0.535540993259 
0.530530530531 1.0 0.505991015532 0.505662366057 
2.01201201201 1.0 0.904233186475 0.906358020686 
6.85685685686 1.0 0.542719485852 0.539736524345 
-7.2972972973 1.0 -0.849011685183 -0.844497577303 
-4.95495495495 1.0 0.970724838874 0.968171636133 
-0.29029029029 1.0 -0.286230381945 -0.286971115167 
2.43243243243 1.0 0.651196684992 0.659809644104 
-1.97197197197 1.0 -0.920602539794 -1.12624608022 
4.65465465465 1.0 -0.998333836705 -1.00400672733 
6.81681681682 1.0 0.508663293061 0.506791689575 
6.0960960961 1.0 -0.185999691898 -0.211202139408 
3.21321321321 1.0 -0.0715593456609 -0.0706224491006 
5.93593593594 1.0 -0.340312647942 -0.372469532793 
8.61861861862 1.0 0.721633711464 0.58284225798 
6.11611611612 1.0 -0.166293065952 -0.190479875616 
9.55955955956 1.0 -0.13437389375 -0.161562443148 
0.910910910911 1.0 0.790062479764 0.788575906304 
-9.73973973974 1.0 0.309780130585 0.361809277009 
1.33133133133 1.0 0.971465007816 0.969276775738 
4.13413413413 1.0 -0.837417761709 -0.843700221684 
8.31831831832 1.0 0.894118814814 0.748456973636 
-6.05605605606 1.0 0.225181436261 0.252001783151 
4.25425425425 1.0 -0.896879023055 -0.901890977438 
-0.03003003003 1.0 -0.0300255167065 -0.0278200014666 
7.53753753754 1.0 0.950347982805 0.87993836284 
6.6966966967 1.0 0.401827232414 0.401129370726 
-1.65165165165 1.0 -0.996732988666 -1.16993656252 
1.13113113113 1.0 0.904894218889 0.902987620899 
8.8988988989 1.0 0.501973484202 0.388549238097 
-0.910910910911 1.0 -0.790062479764 -0.836952511647 
1.19119119119 1.0 0.928811026462 0.926801133085 
5.4954954955 1.0 -0.708725363073 -0.743542775179 
8.41841841842 1.0 0.844890020967 0.698923384754 
2.49249249249 1.0 0.604469813648 0.613703472041 
9.73973973974 1.0 -0.309780130585 -0.321898131682 
-9.75975975976 1.0 0.328751980598 0.381396698863 
-8.91891891892 1.0 -0.484559073218 -0.421306058779 
-7.997997998 1.0 -0.989647555109 -0.947260160876 
0.47047047047 1.0 0.453305691794 0.453272524319 
-0.590590590591 1.0 -0.556851671602 -0.571259575085 
-8.57857857858 1.0 -0.748766641479 -0.683729206708 
-7.77777777778 1.0 -0.997097890944 -0.968787668943 
-0.750750750751 1.0 -0.682187883844 -0.710313406795 
-1.25125125125 1.0 -0.949378423874 -1.05093038471 
-2.39239239239 1.0 -0.681053382124 -0.846557342371 
-7.03703703704 1.0 -0.684451964588 -0.682028532972 
8.83883883884 1.0 0.552982096013 0.432862724749 
9.31931931932 1.0 0.105263273301 0.0482460939057 
-7.5975975976 1.0 -0.967313252172 -0.950028504178 
-9.61961961962 1.0 0.193611192318 0.243578644747 
4.01401401401 1.0 -0.765888052358 -0.773451977456 
6.03603603604 1.0 -0.244640851113 -0.272724109433 
-9.2992992993 1.0 -0.125149645879 -0.0713359271835 
9.05905905906 1.0 0.357620745349 0.264436698433 
-1.07107107107 1.0 -0.877714248189 -0.948186123593 
-2.99299299299 1.0 -0.148053371305 -0.104191623805 
2.83283283283 1.0 0.303877337824 0.312793695647 
8.01801801802 1.0 0.986576173517 0.857068012486 
6.53653653654 1.0 0.250649611665 0.247025735658 
2.65265265265 1.0 0.469690351946 0.479671031991 
3.31331331331 1.0 -0.170877953796 -0.172546227596 
-9.37937937938 1.0 -0.0453829883483 0.00663448477824 
-8.83883883884 1.0 -0.552982096013 -0.488436138815 
5.43543543544 1.0 -0.749793457774 -0.783061202336 
5.77577577578 1.0 -0.485914794209 -0.522096628409 
-5.05505505506 1.0 0.941862214566 0.936055006449 
-2.85285285285 1.0 -0.284744420138 -0.295255133011 
5.6956956957 1.0 -0.554273288059 -0.591151289242 
-5.87587587588 1.0 0.396140311588 0.418848130203 
7.93793793794 1.0 0.996477739177 0.874699834441 
2.75275275275 1.0 0.379115173303 0.388766291333 
-4.69469469469 1.0 0.999843460211 1.01909714043 
-6.7967967968 1.0 -0.491325964149 -0.483470918803 
8.4984984985 1.0 0.799390133963 0.655070992768 
6.43643643644 1.0 0.152651959622 0.145168950299 
7.73773773774 1.0 0.993251282848 0.895356314851 
-5.45545545546 1.0 0.736397402892 0.738976259502 
0.730730730731 1.0 0.667413978747 0.666351579398 
6.51651651652 1.0 0.231219739195 0.226928689366 
-4.67467467467 1.0 0.999288899866 1.02102774399 
4.23423423423 1.0 -0.887845512006 -0.893051039837 
6.07607607608 1.0 -0.205631771434 -0.231824286923 
0.610610610611 1.0 0.573367839051 0.572701131832 
5.61561561562 1.0 -0.61907922661 -0.655758932048 
-2.27227227227 1.0 -0.763890524376 -0.95236404771 
3.19319319319 1.0 -0.0515776439174 -0.0501157466088 
-7.47747747748 1.0 -0.929955638285 -0.918887019028 
-5.31531531532 1.0 0.823679750423 0.82038398802 
9.81981981982 1.0 -0.384846824231 -0.393323310593 
-2.53253253253 1.0 -0.572096837274 -0.699693100331 
-3.85385385385 1.0 0.653546911213 0.816709005882 
-4.41441441441 1.0 0.955933085822 1.01891432554 
-2.47247247247 1.0 -0.620296125676 -0.765499942496 
-8.13813813814 1.0 -0.959898466376 -0.909438155302 
-2.01201201201 1.0 -0.904233186475 -1.11070764322 
3.23323323323 1.0 -0.0915123672906 -0.0911014969183 
1.75175175175 1.0 0.983672194447 0.982723399345 
-2.05205205205 1.0 -0.886414355831 -1.0928250074 
4.17417417417 1.0 -0.858625146533 -0.86446265546 
0.31031031031 1.0 0.305354140677 0.306247944236 
1.29129129129 1.0 0.961192106815 0.959041530964 
-0.950950950951 1.0 -0.813968289004 -0.866325996004 
-5.35535535536 1.0 0.800320725902 0.798480976507 
-9.21921921922 1.0 -0.204114170152 -0.148246367399 
-8.07807807808 1.0 -0.974995298193 -0.927852843747 
-6.11611611612 1.0 0.166293065952 0.19349822798 
2.93293293293 1.0 0.207148878373 0.214585005421 
7.71771771772 1.0 0.990730428893 0.895486908773 
2.85285285285 1.0 0.284744420138 0.293412932063 
7.63763763764 1.0 0.976688773762 0.892336182834 
-0.43043043043 1.0 -0.417262010319 -0.422646105387 
3.95395395395 1.0 -0.725913266541 -0.733998798887 
7.8978978979 1.0 0.999035835857 0.881565290883 
7.85785785786 1.0 0.999992487454 0.887091430952 
4.83483483483 1.0 -0.99251286792 -1.0025091448 
5.53553553554 1.0 -0.679917243139 -0.715550307249 
-9.01901901902 1.0 -0.39471619201 -0.333617284606 
4.03403403403 1.0 -0.778606064409 -0.785972719916 
-4.79479479479 1.0 0.996606561851 1.00514093 
-6.35635635636 1.0 -0.0731057736575 -0.0491272257587 
-3.11311311311 1.0 -0.0284756907485 0.0580917062565 
5.0950950951 1.0 -0.927657483133 -0.947643080265 
6.05605605606 1.0 -0.225181436261 -0.252335242721 
-3.81381381381 1.0 0.622725447279 0.790248482688 
3.57357357357 1.0 -0.41867057176 -0.425750019519 
7.51751751752 1.0 0.943927941216 0.876308346651 
-8.73873873874 1.0 -0.633477463068 -0.568006263991 
-7.97797797798 1.0 -0.992322298019 -0.951170944209 
-0.23023023023 1.0 -0.228201684929 -0.227710422504 
-7.33733733734 1.0 -0.869481672757 -0.863845779728 
-2.35235235235 1.0 -0.709818357066 -0.88400565999 
6.55655655656 1.0 0.269979026825 0.266962773929 
-0.730730730731 1.0 -0.667413978747 -0.693551062959 
-1.33133133133 1.0 -0.971465007816 -1.08777458565 
-2.41241241241 1.0 -0.666258547712 -0.827046887653 
9.2992992993 1.0 0.125149645879 0.065373484337 
6.93693693694 1.0 0.608168751487 0.601845071031 
3.47347347347 1.0 -0.325821789448 -0.331179132393 
1.57157157157 1.0 0.999999699498 0.998041025583 
5.97597597598 1.0 -0.302399804444 -0.333052105212 
6.65665665666 1.0 0.36484968073 0.36386411594 
8.03803803804 1.0 0.983109384216 0.851869242039 
8.33833833834 1.0 0.884974675839 0.739040957419 
6.75675675676 1.0 0.456067581459 0.455178304746 
-2.23223223223 1.0 -0.789111039566 -0.983160058257 
-4.23423423423 1.0 0.887845512006 0.985736413122 
-0.11011011011 1.0 -0.109887744787 -0.10799973572 
5.51551551552 1.0 -0.694460468753 -0.729708719815 
2.99299299299 1.0 0.148053371305 0.154335316428 
-3.23323323323 1.0 0.0915123672906 0.214284826025 
10.0 1.0 -0.544021110889 -0.553207919918 
-9.07907907908 1.0 -0.338854295004 -0.279251768054 
2.13213213213 1.0 0.846544793956 0.850582811786 
3.93393393393 1.0 -0.711999223182 -0.720229968423 
-3.27327327327 1.0 0.131300397197 0.264320179638 
-5.95595595596 1.0 0.32142063693 0.346483262816 
1.47147147147 1.0 0.995071340501 0.992897171574 
-7.4974974975 1.0 -0.93712958481 -0.925112928587 
-3.17317317317 1.0 0.0315752704827 0.137204147563 
-5.27527527528 1.0 0.845718424022 0.841195316644 
9.93993993994 1.0 -0.492675811867 -0.500118439766 
5.25525525526 1.0 -0.856231505045 -0.883058132871 
0.35035035035 1.0 0.343226895963 0.343876277783 
6.2962962963 1.0 0.0131106134944 -0.0013735755107 
-3.95395395395 1.0 0.725913266541 0.875335005215 
-8.71871871872 1.0 -0.648840196822 -0.583288108689 
1.09109109109 1.0 0.887131000257 0.885297188493 
4.97497497497 1.0 -0.965721938658 -0.980709499421 
7.23723723724 1.0 0.81576576016 0.784322264559 
-3.63363363363 1.0 0.472425730458 0.64933932644 
-8.4984984985 1.0 -0.799390133963 -0.735546267637 
-8.41841841842 1.0 -0.844890020967 -0.782913849077 
-6.03603603604 1.0 0.244640851113 0.271220306332 
7.997997998 1.0 0.989647555109 0.861954251679 
-7.31731731732 1.0 -0.859418901282 -0.854369424716 
-2.31231231231 1.0 -0.737445499834 -0.9192955927 
3.35335335335 1.0 -0.210181594637 -0.212850189877 
-5.15515515516 1.0 0.903569980268 0.8970557319 
8.13813813814 1.0 0.959898466376 0.821322680764 
-1.53153153153 1.0 -0.999229236959 -1.15236564893 
-0.990990990991 1.0 -0.836569314705 -0.894689128087 
1.05105105105 1.0 0.867945718946 0.866186527249 
-9.25925925926 1.0 -0.164763965562 -0.109945018906 
9.23923923924 1.0 0.184476035731 0.116320199119 
5.57557557558 1.0 -0.650019222236 -0.686277090508 
2.89289289289 1.0 0.246143932464 0.25424304658 
-4.43443443443 1.0 0.961618700226 1.02093543533 
-4.59459459459 1.0 0.993070259711 1.02582664672 
-9.71971971972 1.0 0.290684124469 0.342181006788 
1.39139139139 1.0 0.983950052752 0.981735427078 
0.890890890891 1.0 0.777632176518 0.776186857298 
-8.97897897898 1.0 -0.431178912314 -0.369158202166 
-6.87687687688 1.0 -0.559424700424 -0.554015408626 
-9.95995995996 1.0 0.509997599178 0.574138921968 
9.75975975976 1.0 -0.328751980598 -0.339759279579 
2.33233233233 1.0 0.723776968945 0.731055183411 
2.31231231231 1.0 0.737445499834 0.744422686746 
8.27827827828 1.0 0.911328515751 0.766525040107 
-2.73273273273 1.0 -0.397563478837 -0.454996164731 
9.5995995996 1.0 -0.173932497848 -0.19707299774 
8.21821821822 1.0 0.934395989648 0.791657345031 
-7.83783783784 1.0 -0.999869691753 -0.967676129389 
-7.05705705706 1.0 -0.698909584547 -0.696645917736 
2.95295295295 1.0 0.187522900919 0.194594572515 
-5.85585585586 1.0 0.41444188151 0.43644121929 
-3.55355355355 1.0 0.400406942668 0.575217055246 
5.2952952953 1.0 -0.834866389361 -0.863299935812 
-3.29329329329 1.0 0.151119458915 0.288886782877 
-4.45445445445 1.0 0.966918909573 1.02263632575 
-0.530530530531 1.0 -0.505991015532 -0.516499044164 
-7.95795795796 1.0 -0.994599330244 -0.95469908469 
4.31431431431 1.0 -0.921809046742 -0.926317672064 
0.850850850851 1.0 0.75184168035 0.750482012704 
4.77477477477 1.0 -0.998054637396 -1.00631885876 
-8.33833833834 1.0 -0.884974675839 -0.825531043219 
3.91391391391 1.0 -0.69779981921 -0.706159007284 
-2.11211211211 1.0 -0.857031446499 -1.06157667365 
3.55355355355 1.0 -0.400406942668 -0.407186986054 
-3.09309309309 1.0 -0.0484805492288 0.0313541649737 
3.75375375375 1.0 -0.574637462441 -0.58327992555 
9.67967967968 1.0 -0.252150304413 -0.268334887677 
1.63163163163 1.0 0.998150103477 0.996430605251 
1.61161161161 1.0 0.999167171889 0.997357834322 
1.93193193193 1.0 0.935496175869 0.936485980836 
-5.37537537538 1.0 0.788157702332 0.787121249507 
8.77877877878 1.0 0.601996584369 0.475805284291 
8.45845845846 1.0 0.822799547447 0.67744818537 
-4.17417417417 1.0 0.858625146533 0.968381776411 
9.6996996997 1.0 -0.271471615699 -0.286183061606 
7.47747747748 1.0 0.929955638285 0.867883286882 
8.37837837838 1.0 0.865626143701 0.719464906181 
4.09409409409 1.0 -0.81486800406 -0.821596470776 
8.67867867868 1.0 0.678779469621 0.54405391722 
-9.23923923924 1.0 -0.184476035731 -0.129136853586 
5.13513513514 1.0 -0.911965725448 -0.933681881239 
7.95795795796 1.0 0.994599330244 0.870773923664 
-0.650650650651 1.0 -0.605704250039 -0.624676312343 
-1.99199199199 1.0 -0.912600742763 -1.11876870053 
4.61461461461 1.0 -0.995223893414 -1.00030302123 
2.23223223223 1.0 0.789111039566 0.794812513388 
5.21521521522 1.0 -0.87622408965 -0.901381464128 
-1.61161161161 1.0 -0.999167171889 -1.16597952863 
6.17617617618 1.0 -0.106805021793 -0.127825557574 
-7.6976976977 1.0 -0.987812502254 -0.964572401213 
6.4964964965 1.0 0.211697196671 0.206682951991 
-6.57657657658 1.0 -0.289200237681 -0.272926298787 
-7.73773773774 1.0 -0.993251282848 -0.967499273174 
-6.47647647648 1.0 -0.19208980849 -0.171977028738 
-3.79379379379 1.0 0.606937230307 0.776362319985 
3.41341341341 1.0 -0.268485788917 -0.27256855303 
0.15015015015 1.0 0.149586594914 0.151401209178 
2.91291291291 1.0 0.226691833081 0.234470750149 
3.39339339339 1.0 -0.249148316352 -0.252773284988 
-6.65665665666 1.0 -0.36484968073 -0.351773628219 
-1.45145145145 1.0 -0.992886849216 -1.1315351762 
3.71371371371 1.0 -0.541416556108 -0.549891663142 
6.5965965966 1.0 0.308305540605 0.306312401688 
-4.11411411411 1.0 0.826308470068 0.947692730855 
-8.51851851852 1.0 -0.787202470352 -0.722997123685 
-6.25625625626 1.0 0.0269257963344 0.0531082524049 
2.51251251251 1.0 0.588401237484 0.597804913894 
8.25825825826 1.0 0.919387180273 0.775169106147 
-3.15315315315 1.0 0.0115602420643 0.111035471969 
2.73273273273 1.0 0.397563478837 0.407332843192 
-8.65865865866 1.0 -0.693344009372 -0.627775052276 
8.87887887888 1.0 0.519186710331 0.403466512659 
2.57257257257 1.0 0.53880679503 0.548595791281 
4.11411411411 1.0 -0.826308470068 -0.832814750847 
-7.17717717718 1.0 -0.779578080518 -0.777162695554 
-5.53553553554 1.0 0.679917243139 0.686547568217 
-1.59159159159 1.0 -0.999783786273 -1.16327787117 
-1.75175175175 1.0 -0.983672194447 -1.17107075851 
3.51351351351 1.0 -0.363405633971 -0.369517536301 
-4.13413413413 1.0 0.837417761709 0.954966773577 
8.75875875876 1.0 0.617860839267 0.489797330786 
-9.93993993994 1.0 0.492675811867 0.55517811865 
-6.97697697698 1.0 -0.639456909771 -0.636254889399 
7.65765765766 1.0 0.980790267476 0.893680377328 
-0.31031031031 1.0 -0.305354140677 -0.306598459048 
5.45545545546 1.0 -0.736397402892 -0.770222548797 
-4.97497497497 1.0 0.965721938658 0.962300177885 
-4.65465465465 1.0 0.998333836705 1.02266784608 
-5.91591591592 1.0 0.359068265792 0.383052879169 
9.15915915916 1.0 0.26250641876 0.183105540953 
-7.25725725726 1.0 -0.827180739833 -0.823580723114 
-3.91391391391 1.0 0.69779981921 0.853159213815 
-1.39139139139 1.0 -0.983950052752 -1.11145597052 
-9.81981981982 1.0 0.384846824231 0.439872301634 
-4.51451451451 1.0 0.980486642048 1.02584871046 
-3.45345345345 1.0 0.306830209454 0.472928711603 
6.7967967968 1.0 0.491325964149 0.489872086351 
0.11011011011 1.0 0.109887744787 0.111879021172 
1.87187187187 1.0 0.955018091318 0.955259714573 
9.4994994995 1.0 -0.0746520259067 -0.108515927777 
-2.07207207207 1.0 -0.876970223046 -1.08299985114 
5.7957957958 1.0 -0.468320967329 -0.504187959074 
-0.890890890891 1.0 -0.777632176518 -0.821902074161 
0.790790790791 1.0 0.710909644644 0.70968935866 
-2.17217217217 1.0 -0.824557973258 -1.02501050983 
-9.77977977978 1.0 0.347592070824 0.400939078336 
-0.550550550551 1.0 -0.523156507537 -0.534892737555 
-6.4964964965 1.0 -0.211697196671 -0.192321243682 
-0.41041041041 1.0 -0.398985690337 -0.403536822006 
-1.35135135135 1.0 -0.97601842181 -1.09605661081 
6.37637637638 1.0 0.0930562402792 0.0827370096405 
4.81481481481 1.0 -0.994759058541 -1.0041475734 
8.1981981982 1.0 0.941340119153 0.799493540991 
9.1991991992 1.0 0.223670498102 0.149887720551 
-6.15615615616 1.0 0.126687794244 0.153869382724 
-2.83283283283 1.0 -0.303877337824 -0.322287048627 
0.650650650651 1.0 0.605704250039 0.604891896077 
9.3993993994 1.0 0.0253758371902 -0.020899615409 
-3.61361361361 1.0 0.454687183165 0.631466029509 
-6.55655655656 1.0 -0.269979026825 -0.252912639844 
5.67567567568 1.0 -0.570824460166 -0.607735700412 
5.3953953954 1.0 -0.775678794758 -0.807720016835 
-9.0990990991 1.0 -0.319952035985 -0.260870742438 
-7.91791791792 1.0 -0.997956771974 -0.960595819483 
5.23523523524 1.0 -0.866401418913 -0.892399890866 
-8.37837837838 1.0 -0.865626143701 -0.804834562907 
4.73473473473 1.0 -0.99975034402 -1.00701757483 
-3.13313313313 1.0 -0.00845941955823 0.0846584964167 
-3.87387387387 1.0 0.668567805308 0.829288291056 
2.05205205205 1.0 0.886414355831 0.889155085128 
9.37937937938 1.0 0.0453829883483 -0.00352441866308 
6.3963963964 1.0 0.112969411094 0.103629783509 
9.63963963964 1.0 -0.213212289782 -0.23267184889 
8.97897897898 1.0 0.431178912314 0.327505200676 
-4.39439439439 1.0 0.949864345085 1.01656971327 
3.01301301301 1.0 0.128225638051 0.134084626191 
3.69369369369 1.0 -0.524477262156 -0.532830128815 
2.21221221221 1.0 0.801249393857 0.806620290183 
-0.17017017017 1.0 -0.169350063744 -0.16800121121 
-3.33333333333 1.0 0.190567962875 0.337049170351 
3.65365365365 1.0 -0.489974935275 -0.498005574185 
-4.71471471471 1.0 0.999997295481 1.01687770369 
1.71171171171 1.0 0.990087845702 0.988836428432 
6.57657657658 1.0 0.289200237681 0.286728653106 
3.67367367367 1.0 -0.507327764109 -0.515532475148 
-3.41341341341 1.0 0.268485788917 0.429153076673 
-7.75775775776 1.0 -0.995374053792 -0.9683475575 
-2.59259259259 1.0 -0.521834495241 -0.630016105578 
9.61961961962 1.0 -0.193611192318 -0.214862903026 
9.07907907908 1.0 0.338854295004 0.248380391438 
-6.13613613614 1.0 0.146519791772 0.173740914667 
-1.13113113113 1.0 -0.904894218889 -0.98528334802 
2.55255255255 1.0 0.555563147622 0.565245411822 
8.81881881882 1.0 0.569550710787 0.44733422024 
-4.63463463463 1.0 0.996978653508 1.02401565828 
9.01901901902 1.0 0.39471619201 0.296209488248 
-4.57457457457 1.0 0.990518615549 1.02628562867 
-0.770770770771 1.0 -0.69668837635 -0.726881948205 
9.41941941942 1.0 0.00535851570584 -0.0383284985046 
-6.45645645646 1.0 -0.172405433055 -0.151577446089 
-2.15215215215 1.0 -0.835718856574 -1.03778905359 
3.53353353353 1.0 -0.381982835353 -0.388440088667 
-3.01301301301 1.0 -0.128225638051 -0.0769039857042 
-8.23823823824 1.0 -0.927077365617 -0.87168503553 
9.77977977978 1.0 -0.347592070824 -0.357619053164 
0.990990990991 1.0 0.836569314705 0.834924490564 
3.49349349349 1.0 -0.34468278404 -0.3504277054 
-9.31931931932 1.0 -0.105263273301 -0.0519293847565 
-5.75575575576 1.0 0.503313872361 0.521160001072 
-9.53953953954 1.0 0.114509838728 0.164414546335 
-4.87487487487 1.0 0.986828185163 0.988886953031 
1.81181181181 1.0 0.971096090611 0.970689769881 
1.35135135135 1.0 0.97601842181 0.97381693428 
-6.07607607608 1.0 0.205631771434 0.232636740154 
-5.13513513514 1.0 0.911965725448 0.905405298518 
-1.31131131131 1.0 -0.966522242485 -1.07911386689 
2.15215215215 1.0 0.835718856574 0.840089392015 
-7.57757757758 1.0 -0.96204298189 -0.945875498158 
1.15115115115 1.0 0.91323356617 0.911291570667 
3.09309309309 1.0 0.0484805492288 0.0524911969593 
7.4974974975 1.0 0.93712958481 0.872290502317 
6.27627627628 1.0 -0.00690897593668 -0.0224754405844 
-5.8958958959 1.0 0.377679973455 0.401050193539 
-8.75875875876 1.0 -0.617860839267 -0.552506665772 
-1.79179179179 1.0 -0.975679725882 -1.16788229688 
-9.8998998999 1.0 0.45744688336 0.517022006016 
4.79479479479 1.0 -0.996606561851 -1.00541740931 
-5.6956956957 1.0 0.554273288059 0.569236960112 
2.53253253253 1.0 0.572096837274 0.581650365895 
5.37537537538 1.0 -0.788157702332 -0.819534393054 
-0.690690690691 1.0 -0.637069722791 -0.659467558103 
1.11111111111 1.0 0.89619220103 0.894321713667 
-3.47347347347 1.0 0.325821789448 0.494217025231 
4.15415415415 1.0 -0.848191426515 -0.854250325798 
-4.05405405405 1.0 0.791012020637 0.923552310861 
8.93893893894 1.0 0.466950456861 0.358294854677 
6.33633633634 1.0 0.0531260071326 0.040765370103 
-6.27627627628 1.0 0.00690897593668 0.0327401115184 
-1.95195195195 1.0 -0.928235370545 -1.13314270087 
7.77777777778 1.0 0.997097890944 0.894013677683 
-5.77577577578 1.0 0.485914794209 0.504664467389 
8.05805805806 1.0 0.979248576653 0.846361780655 
1.21121121121 1.0 0.936042896216 0.934000962403 
2.67267267267 1.0 0.451923110669 0.461889797627 
-3.71371371371 1.0 0.541416556108 0.716402255297 
-1.81181181181 1.0 -0.971096090611 -1.16548266288 
0.39039039039 1.0 0.380549461752 0.380960437633 
5.55555555556 1.0 -0.665101514979 -0.701071647099 
-2.09209209209 1.0 -0.867174611281 -1.07258391071 
9.27927927928 1.0 0.144985860003 0.0824305581128 
1.49149149149 1.0 0.996857019318 0.994709694909 
5.15515515516 1.0 -0.903569980268 -0.926152752884 
-3.51351351351 1.0 0.363405633971 0.535559356439 
7.83783783784 1.0 0.999869691753 0.889343389208 
3.25325325325 1.0 -0.111428711879 -0.111543128477 
-2.63263263263 1.0 -0.487269347053 -0.58163348654 
-4.55455455455 1.0 0.987569983594 1.02644392979 
3.07307307307 1.0 0.0684659772958 0.0729593279065 
7.6976976977 1.0 0.987812502254 0.895253019521 
4.59459459459 1.0 -0.993070259711 -0.997903111905 
-10.0 1.0 0.544021110889 0.611809003513 
-9.87987987988 1.0 0.439553861488 0.497833755438 
-3.65365365365 1.0 0.489974935275 0.666770738705 
-1.73173173173 1.0 -0.987077824457 -1.17187172025 
-0.0700700700701 1.0 -0.0700127456343 -0.06791516436 
-5.97597597598 1.0 0.302399804444 0.327923168362 
3.87387387387 1.0 -0.668567805308 -0.677128296946 
0.670670670671 1.0 0.62151153354 0.620631784842 
7.1971971972 1.0 0.791959659904 0.764891451563 
-8.2982982983 1.0 -0.902904601864 -0.844967716272 
7.87787787788 1.0 0.99971449835 0.884497562816 
0.930930930931 1.0 0.802176135594 0.800649122289 
-5.0950950951 1.0 0.927657483133 0.921280089029 
-6.83683683684 1.0 -0.525796755923 -0.519229606694 
2.47247247247 1.0 0.620296125676 0.629340609459 
-1.93193193193 1.0 -0.935496175869 -1.13946188909 
-7.0970970971 1.0 -0.726978798959 -0.724878702682 
7.31731731732 1.0 0.859418901282 0.818483477445 
-5.43543543544 1.0 0.749793457774 0.751416798561 
-0.830830830831 1.0 -0.738491823944 -0.775367679663 
-2.97297297297 1.0 -0.167821766571 -0.131525577576 
0.29029029029 1.0 0.286230381945 0.287247134239 
-6.1961961962 1.0 0.0868794431893 0.113818446189 
3.85385385385 1.0 -0.653546911213 -0.662177860333 
7.55755755756 1.0 0.956387136503 0.883182259057 
7.43743743744 1.0 0.914492625181 0.857895441453 
7.3973973974 1.0 0.897563688968 0.846336053801 
-6.77677677678 1.0 -0.473791717778 -0.465250332486 
-3.49349349349 1.0 0.34468278404 0.515096023526 
-9.05905905906 1.0 -0.357620745349 -0.297506854386 
0.23023023023 1.0 0.228201684929 0.229581259204 
8.3983983984 1.0 0.855429505195 0.709312839993 
2.81281281281 1.0 0.322888465175 0.332027369883 
6.47647647648 1.0 0.19208980849 0.186299992166 
