-9.85985985986 1.0 0.421484671785 0.224724428364 
6.35635635636 1.0 0.0731057736575 0.0673690266296 
-2.81281281281 1.0 -0.322888465175 -0.365563299541 
-2.95295295295 1.0 -0.187522900919 -0.136539429052 
1.89189189189 1.0 0.948890220341 0.945657855663 
4.67467467467 1.0 -0.999288899866 -1.03733229918 
-6.3963963964 1.0 -0.112969411094 -0.272975998586 
-5.4954954955 1.0 0.708725363073 0.734574987397 
-8.7987987988 1.0 -0.585891056576 -0.158201111521 
-9.55955955956 1.0 0.13437389375 0.126157760205 
-8.53853853854 1.0 -0.774699305584 -0.260031996674 
-6.53653653654 1.0 -0.250649611665 -0.372616526466 
7.33733733734 1.0 0.869481672757 0.714276920575 
6.83683683684 1.0 0.525796755923 0.478285140995 
1.45145145145 1.0 0.992886849216 0.982769215259 
-7.71771771772 1.0 -0.990730428893 -0.531807678499 
1.65165165165 1.0 0.996732988666 0.987758584817 
-0.0900900900901 1.0 -0.0899682743046 -0.0979261446885 
1.23123123123 1.0 0.942899611382 0.935173749453 
3.59359359359 1.0 -0.436766402789 -0.451403916634 
0.870870870871 1.0 0.764890207772 0.766389812188 
-7.63763763764 1.0 -0.976688773762 -0.548991698188 
0.37037037037 1.0 0.361960713579 0.372856614883 
9.35935935936 1.0 0.0653719505576 -0.0852697214881 
3.13313313313 1.0 0.00845941955822 0.0218464092191 
7.81781781782 1.0 0.999346160464 0.730141932257 
-1.17117117117 1.0 -0.921206900567 -1.11584875381 
-2.37237237237 1.0 -0.695575258639 -0.938086292393 
-6.33633633634 1.0 -0.0531260071326 -0.224156934895 
8.07807807808 1.0 0.974995298193 0.66451784075 
-7.81781781782 1.0 -0.999346160464 -0.506980290407 
-4.29429429429 1.0 0.913864194148 1.53385476927 
-4.77477477477 1.0 0.998054637396 1.44476020424 
-5.7957957958 1.0 0.468320967329 0.355130203786 
-8.6986986987 1.0 -0.66394288333 -0.197490113321 
8.23823823824 1.0 0.927077365617 0.603208867697 
-0.13013013013 1.0 -0.1297631736 -0.141364384209 
0.13013013013 1.0 0.1297631736 0.135736073295 
-8.61861861862 1.0 -0.721633711464 -0.228854080133 
-7.07707707708 1.0 -0.713087090062 -0.576016264171 
8.91891891892 1.0 0.484559073218 0.219462856787 
2.29229229229 1.0 0.750818471552 0.763657618982 
-8.87887887888 1.0 -0.519186710331 -0.126831320606 
8.95895895896 1.0 0.449154692451 0.192754912113 
-0.19019019019 1.0 -0.189045659132 -0.20677378967 
-4.33433433433 1.0 0.929384449502 1.54154046221 
-0.39039039039 1.0 -0.380549461752 -0.424310747237 
-4.53453453453 1.0 0.984225545624 1.53753452932 
4.47447447447 1.0 -0.971831589603 -1.01031773588 
-8.15815815816 1.0 -0.9540939133 -0.401301290953 
4.19419419419 1.0 -0.868714740054 -0.905757917291 
4.91491491491 1.0 -0.979561626072 -1.01655050592 
-5.5955955956 1.0 0.634676409709 0.608019703231 
-9.03903903904 1.0 -0.376243865658 -0.0646501895086 
-1.05105105105 1.0 -0.867945718946 -1.03824174107 
-0.870870870871 1.0 -0.764890207772 -0.897806855374 
5.11511511512 1.0 -0.919995965877 -0.955516182912 
-8.55855855856 1.0 -0.761885650774 -0.25226177917 
2.27227227227 1.0 0.763890524376 0.775903122956 
3.15315315315 1.0 -0.0115602420643 0.000808123128824 
3.99399399399 1.0 -0.752863081707 -0.785849212331 
-8.3983983984 1.0 -0.855429505195 -0.31375340023 
-4.89489489489 1.0 0.983391971377 1.36575196288 
7.11711711712 1.0 0.740579143612 0.638536272112 
0.830830830831 1.0 0.738491823944 0.741157556241 
-1.55155155155 1.0 -0.999814825028 -1.26089874887 
0.03003003003 1.0 0.0300255167065 0.0309120883289 
8.73873873874 1.0 0.633477463068 0.335500336579 
-8.8988988989 1.0 -0.501973484202 -0.11901002317 
-9.51951951952 1.0 0.094599889559 0.112306341363 
-9.41941941942 1.0 -0.00535851570584 0.0770026578088 
-6.23623623624 1.0 0.046931825201 -0.134890243365 
3.77377377377 1.0 -0.590905760288 -0.615413389294 
-6.8968968969 1.0 -0.575905704393 -0.538145870139 
-4.83483483483 1.0 0.99251286792 1.40779233146 
0.21021021021 1.0 0.208665487323 0.217334406119 
-1.77177177177 1.0 -0.979872320608 -1.2657658093 
-8.67867867868 1.0 -0.678779469621 -0.205341953651 
0.970970970971 1.0 0.825434213842 0.824028188072 
-1.71171171171 1.0 -0.990087845702 -1.27062429773 
-0.49049049049 1.0 -0.471058607419 -0.530820429342 
6.01601601602 1.0 -0.264002216892 -0.273347901927 
-8.77877877878 1.0 -0.601996584369 -0.166057325083 
7.7977977978 1.0 0.998422103411 0.733230595658 
-0.670670670671 1.0 -0.62151153354 -0.714074018507 
0.950950950951 1.0 0.813968289004 0.813135803947 
-8.11811811812 1.0 -0.965318303844 -0.41507247095 
-9.57957957958 1.0 0.154184093352 0.13302360653 
7.25725725726 1.0 0.827180739833 0.691930047595 
-4.75475475475 1.0 0.999102704803 1.45591462456 
-2.77277277277 1.0 -0.360514923027 -0.427719579774 
3.17317317317 1.0 -0.0315752704827 -0.0202614664263 
-2.49249249249 1.0 -0.604469813648 -0.808428886054 
-3.31331331331 1.0 0.170877953796 0.487689767757 
-3.77377377377 1.0 0.590905760288 1.16812425325 
-5.73573573574 1.0 0.520511228445 0.430265004203 
-3.89389389389 1.0 0.683320745574 1.29580161694 
-5.33533533534 1.0 0.812162990678 0.930423201426 
-9.45945945946 1.0 0.034674546587 0.0912372133404 
-5.41541541542 1.0 0.762889004574 0.833929147619 
-7.67767767768 1.0 -0.984498672401 -0.540717833117 
-3.93393393393 1.0 0.711999223182 1.33276872353 
-9.17917917918 1.0 -0.243137181641 -0.0112654874656 
9.71971971972 1.0 -0.290684124469 -0.339431865868 
-7.8978978979 1.0 -0.999035835857 -0.484771633637 
1.51151151151 1.0 0.998243169988 0.988113911907 
-8.27827827828 1.0 -0.911328515751 -0.358445325122 
6.87687687688 1.0 0.559424700424 0.505358806784 
4.45445445445 1.0 -0.966918909573 -1.00540674473 
-0.01001001001 1.0 -0.0100098428432 -0.0117292139587 
-1.11111111111 1.0 -0.89619220103 -1.07877035904 
-3.99399399399 1.0 0.752863081707 1.38281536324 
-4.09409409409 1.0 0.81486800406 1.45158980202 
0.0500500500501 1.0 0.0500291567086 0.0520937207921 
7.15715715716 1.0 0.766884055736 0.655648811551 
-2.93293293293 1.0 -0.207148878373 -0.170188274968 
-6.93693693694 1.0 -0.608168751487 -0.548948907145 
7.57757757758 1.0 0.96204298189 0.746561148131 
4.33433433433 1.0 -0.929384449502 -0.967603140573 
-6.21621621622 1.0 0.066919044364 -0.115890239092 
8.57857857858 1.0 0.748766641479 0.43139265587 
8.0980980981 1.0 0.970351253498 0.657656635002 
1.53153153153 1.0 0.999229236959 0.98916270887 
8.998998999 1.0 0.413030320922 0.165771464122 
6.41641641642 1.0 0.132837305145 0.1254276436 
-6.61661661662 1.0 -0.327287278425 -0.420519205612 
7.67767767768 1.0 0.984498672401 0.745322922453 
6.996996997 1.0 0.654719669029 0.578378817288 
5.05505505506 1.0 -0.941862214566 -0.977920411477 
-3.03303303303 1.0 -0.108346513523 0.000334015023569 
-5.63563563564 1.0 0.603233924101 0.557103363094 
-6.6966966967 1.0 -0.401827232414 -0.46192597052 
-8.43843843844 1.0 -0.834011915114 -0.298546291348 
-0.33033033033 1.0 -0.32435551719 -0.359429834024 
-7.01701701702 1.0 -0.669720024621 -0.566402191012 
5.87587587588 1.0 -0.396140311588 -0.410673672788 
-5.57557557558 1.0 0.650019222236 0.633449121342 
-4.49449449449 1.0 0.976354771373 1.54387669601 
0.570570570571 1.0 0.540112324789 0.549254560914 
8.11811811812 1.0 0.965318303844 0.65055761996 
9.25925925926 1.0 0.164763965562 -0.0145513796799 
-5.01501501502 1.0 0.954557149695 1.26750020282 
-4.01401401401 1.0 0.765888052358 1.39804068623 
-4.31431431431 1.0 0.921809046742 1.53805837151 
9.83983983984 1.0 -0.403246556161 -0.422405791099 
1.77177177177 1.0 0.979872320608 0.973207899831 
-3.83383383383 1.0 0.63826408348 1.23505421405 
4.41441441441 1.0 -0.955933085822 -0.994388973708 
-6.63663663664 1.0 -0.346137843492 -0.431475218986 
-8.5985985986 1.0 -0.735347535638 -0.23667081814 
-0.810810810811 1.0 -0.724845989014 -0.845395478851 
-2.33233233233 1.0 -0.723776968945 -0.976515450339 
3.37337337337 1.0 -0.229710988177 -0.230380270804 
4.69469469469 1.0 -0.999843460211 -1.0378154647 
5.01501501502 1.0 -0.954557149695 -0.990920735166 
-6.996996997 1.0 -0.654719669029 -0.562545640234 
2.39239239239 1.0 0.681053382124 0.697780289166 
-3.53353353353 1.0 0.381982835353 0.844526111311 
-4.73473473473 1.0 0.99975034402 1.46647117939 
-6.81681681682 1.0 -0.508663293061 -0.512198941905 
-1.69169169169 1.0 -0.992701051804 -1.27119520292 
5.03503503504 1.0 -0.948399735659 -0.984615370603 
3.03303303303 1.0 0.108346513523 0.126214444884 
-4.61461461461 1.0 0.995223893414 1.51683042101 
5.75575575576 1.0 -0.503313872361 -0.522670188333 
-3.97397397397 1.0 0.739536372707 1.36685935491 
1.67167167167 1.0 0.994916395419 0.986243661453 
-7.45745745746 1.0 -0.922408976872 -0.577346064212 
5.07507507508 1.0 -0.934947206573 -0.970837614708 
6.13613613614 1.0 -0.146519791772 -0.152607801216 
-7.15715715716 1.0 -0.766884055736 -0.584468487216 
6.97697697698 1.0 0.639456909771 0.567085584017 
3.89389389389 1.0 -0.683320745574 -0.712992322484 
-4.25425425425 1.0 0.896879023055 1.52327079082 
7.27727727728 1.0 0.838264195546 0.698071585773 
1.69169169169 1.0 0.992701051804 0.984363819007 
9.0990990991 1.0 0.319952035985 0.0972806905122 
-4.91491491491 1.0 0.979561626072 1.35065482029 
-3.69369369369 1.0 0.524477262156 1.06970748162 
-1.57157157157 1.0 -0.999999699498 -1.2638743673 
3.11311311311 1.0 0.0284756907485 0.042843171901 
9.51951951952 1.0 -0.094599889559 -0.19873764685 
-3.57357357357 1.0 0.41867057176 0.904052842136 
-1.15115115115 1.0 -0.91323356617 -1.10388311527 
-4.15415415415 1.0 0.848191426515 1.48399962588 
-7.1971971972 1.0 -0.791959659904 -0.586919623164 
5.995995996 1.0 -0.2832577738 -0.293278000192 
8.35835835836 1.0 0.875475849797 0.548373117402 
0.01001001001 1.0 0.0100098428432 0.00963547119807 
8.85885885886 1.0 0.536191852752 0.258948755605 
-5.61561561562 1.0 0.61907922661 0.582565430849 
1.07107107107 1.0 0.877714248189 0.873573274425 
-1.47147147147 1.0 -0.995071340501 -1.24412336295 
1.99199199199 1.0 0.912600742763 0.912939036411 
9.43943943944 1.0 -0.0146609534063 -0.142016731465 
-6.5965965966 1.0 -0.308305540605 -0.409156840628 
-7.7977977978 1.0 -0.998422103411 -0.512220256781 
3.33333333333 1.0 -0.190567962875 -0.188693808104 
-0.850850850851 1.0 -0.75184168035 -0.880620513392 
6.73673673674 1.0 0.438160658811 0.404982876001 
-1.23123123123 1.0 -0.942899611382 -1.14931168233 
2.61261261261 1.0 0.504653050544 0.527357289894 
-7.3973973974 1.0 -0.897563688968 -0.583157587887 
-0.510510510511 1.0 -0.488622728493 -0.551794885456 
1.55155155155 1.0 0.999814825028 0.9898448627 
-9.5995995996 1.0 0.173932497848 0.139848942845 
-9.35935935936 1.0 -0.0653719505576 0.055379869861 
8.51851851852 1.0 0.787202470352 0.465178115575 
2.59259259259 1.0 0.521834495241 0.544194091297 
6.67667667668 1.0 0.38341529066 0.357388902812 
2.03203203203 1.0 0.895503224543 0.897409555899 
7.01701701702 1.0 0.669720024621 0.589313913476 
1.59159159159 1.0 0.999783786273 0.990109271281 
-8.81881881882 1.0 -0.569550710787 -0.15034889041 
7.75775775776 1.0 0.995374053792 0.738503318973 
6.63663663664 1.0 0.346137843492 0.32426933596 
-4.07407407407 1.0 0.803100948886 1.43930859651 
-2.79279279279 1.0 -0.341770182763 -0.396848801322 
-7.55755755756 1.0 -0.956387136503 -0.56348306159 
-7.35735735736 1.0 -0.879195966573 -0.585901933231 
-5.21521521522 1.0 0.87622408965 1.06750381711 
5.83583583584 1.0 -0.432577348176 -0.448714678523 
-9.13913913914 1.0 -0.281770446506 -0.0263968496496 
4.85485485485 1.0 -0.989868890237 -1.02716592736 
-2.61261261261 1.0 -0.504653050544 -0.657905440325 
0.810810810811 1.0 0.724845989014 0.728088898546 
-1.49149149149 1.0 -0.996857019318 -1.2490401631 
-3.25325325325 1.0 0.111428711879 0.384368521959 
-3.59359359359 1.0 0.436766402789 0.933051908113 
8.47847847848 1.0 0.811257411747 0.486958041379 
-1.91191191191 1.0 -0.942382045726 -1.2355992494 
9.53953953954 1.0 -0.114509838728 -0.212895400006 
-0.45045045045 1.0 -0.435371096772 -0.488515894795 
-2.29229229229 1.0 -0.750818471552 -1.01252598585 
-3.19319319319 1.0 0.0515776439174 0.279791732621 
-7.37737737738 1.0 -0.888557889358 -0.584646251845 
6.15615615616 1.0 -0.126687794244 -0.132399411322 
-8.0980980981 1.0 -0.970351253498 -0.421847930871 
1.43143143143 1.0 0.99030442098 0.980255880087 
-8.93893893894 1.0 -0.466950456861 -0.103402637858 
-2.87287287287 1.0 -0.265497380359 -0.269399553043 
-0.47047047047 1.0 -0.453305691794 -0.509724291633 
-5.3953953954 1.0 0.775678794758 0.858362763244 
1.01101101101 1.0 0.84736912878 0.84483819922 
0.630630630631 1.0 0.589654207656 0.597586871609 
8.55855855856 1.0 0.761885650774 0.442797918912 
-5.03503503504 1.0 0.948399735659 1.24941212366 
0.41041041041 1.0 0.398985690337 0.409875639017 
4.29429429429 1.0 -0.913864194148 -0.951858273181 
8.63863863864 1.0 0.707630665292 0.396363306295 
8.71871871872 1.0 0.648840196822 0.347903279169 
-3.07307307307 1.0 -0.0684659772958 0.0697950062014 
-5.65565565566 1.0 0.587146852786 0.531650461333 
-6.0960960961 1.0 0.185999691898 0.00562875177282 
-8.25825825826 1.0 -0.919387180273 -0.36573151414 
2.87287287287 1.0 0.265497380359 0.288017116164 
-9.4994994995 1.0 0.0746520259067 0.105321722888 
-2.51251251251 1.0 -0.588401237484 -0.78475833411 
7.03703703704 1.0 0.684451964588 0.599888273726 
-2.21221221221 1.0 -0.801249393857 -1.07728704783 
1.17117117117 1.0 0.921206900567 0.914679597607 
2.07207207207 1.0 0.876970223046 0.880504463424 
1.03103103103 1.0 0.857829327634 0.854749984657 
-8.01801801802 1.0 -0.986576173517 -0.448140029718 
-9.33933933934 1.0 -0.0853347124856 0.0481025804808 
3.43343343343 1.0 -0.28771565565 -0.292250196975 
3.05305305305 1.0 0.0884239650333 0.105483740586 
1.27127127127 1.0 0.955476737061 0.947067861772 
-3.05305305305 1.0 -0.0884239650333 0.0350001702315 
-0.37037037037 1.0 -0.361960713579 -0.402746643401 
0.590590590591 1.0 0.556851671602 0.565617832804 
4.35435435435 1.0 -0.936587366299 -0.974890002399 
5.27527527528 1.0 -0.845718424022 -0.8791638834 
0.510510510511 1.0 0.488622728493 0.498704879814 
6.23623623624 1.0 -0.046931825201 -0.0517529042408 
-1.67167167167 1.0 -0.994916395419 -1.271248075 
-6.31631631632 1.0 -0.0331249483513 -0.207083849495 
0.33033033033 1.0 0.32435551719 0.335049559462 
-4.85485485485 1.0 0.989868890237 1.39433032705 
8.2982982983 1.0 0.902904601864 0.576669715694 
2.77277277277 1.0 0.360514923027 0.38418247509 
-1.01101101101 1.0 -0.84736912878 -1.00939347475 
-4.27427427427 1.0 0.905553075921 1.52892652971 
-0.610610610611 1.0 -0.573367839051 -0.65451063111 
-8.03803803804 1.0 -0.983109384216 -0.441695117053 
-4.99499499499 1.0 0.960331988856 1.28511767014 
-6.73673673674 1.0 -0.438160658811 -0.48023743677 
7.37737737738 1.0 0.888557889358 0.723242352771 
-1.29129129129 1.0 -0.961192106815 -1.17900655125 
-2.03203203203 1.0 -0.895503224543 -1.18799519885 
3.45345345345 1.0 -0.306830209454 -0.312655780398 
-8.05805805806 1.0 -0.979248576653 -0.435162549802 
4.87487487487 1.0 -0.986828185163 -1.02402675083 
3.63363363363 1.0 -0.472425730458 -0.489438711729 
-4.47447447447 1.0 0.971831589603 1.54602584784 
-7.93793793794 1.0 -0.996477739177 -0.472973339746 
4.93493493493 1.0 -0.975338684403 -1.01221532145 
-7.41741741742 1.0 -0.906209755988 -0.581441196632 
-5.23523523524 1.0 0.866401418913 1.0454138137 
-9.67967967968 1.0 0.252150304413 0.166736975401 
-8.45845845846 1.0 -0.822799547447 -0.290895619945 
5.41541541542 1.0 -0.762889004574 -0.793501113379 
-9.43943943944 1.0 0.0146609534063 0.0841384062689 
2.19219219219 1.0 0.813066617154 0.821688666461 
-2.55255255255 1.0 -0.555563147622 -0.735695861042 
-2.65265265265 1.0 -0.469690351946 -0.603348071961 
5.91591591592 1.0 -0.359068265792 -0.372030819346 
4.49449449449 1.0 -0.976354771373 -1.01482886727 
-9.1991991992 1.0 -0.223670498102 -0.00374015146188 
8.7987987988 1.0 0.585891056576 0.297659981884 
0.25025025025 1.0 0.247646422081 0.257243793877 
-0.25025025025 1.0 -0.247646422081 -0.27229266972 
-2.89289289289 1.0 -0.246143932464 -0.236640229883 
-4.21421421421 1.0 0.878456163293 1.50976676454 
-7.11711711712 1.0 -0.740579143612 -0.580848411253 
2.11211211211 1.0 0.857031446499 0.862238474192 
6.45645645646 1.0 0.172405433055 0.163374387873 
0.690690690691 1.0 0.637069722791 0.643579969751 
-1.37137137137 1.0 -0.980180659514 -1.21249617976 
1.37137137137 1.0 0.980180659514 0.970527549851 
3.81381381381 1.0 -0.622725447279 -0.649094443892 
9.87987987988 1.0 -0.439553861488 -0.449731234009 
0.27027027027 1.0 0.266991905564 0.276955387068 
7.2972972973 1.0 0.849011685183 0.703842622555 
8.5985985986 1.0 0.735347535638 0.419849199921 
-6.75675675676 1.0 -0.456067581459 -0.488805330372 
-6.85685685686 1.0 -0.542719485852 -0.525907801227 
8.6986986987 1.0 0.66394288333 0.360194803417 
7.13713713714 1.0 0.753882673169 0.647277794696 
3.29329329329 1.0 -0.151119458915 -0.146753929049 
1.85185185185 1.0 0.960763202681 0.95627262322 
-7.21721721722 1.0 -0.804023831509 -0.587720386578 
5.71571571572 1.0 -0.537499969971 -0.558432397143 
6.71671671672 1.0 0.42007812671 0.389406064101 
-5.25525525526 1.0 0.856231505045 1.02300066888 
-7.85785785786 1.0 -0.999992487454 -0.496117694535 
4.57457457457 1.0 -0.990518615549 -1.02885995594 
2.97297297297 1.0 0.167821766571 0.187823799534 
-6.37637637638 1.0 -0.0930562402792 -0.257105945032 
-9.3993993994 1.0 -0.0253758371902 0.069830566772 
-5.995995996 1.0 0.2832577738 0.115851376588 
-9.63963963964 1.0 0.213212289782 0.153376403491 
-2.69269269269 1.0 -0.433974744115 -0.546730288391 
-0.15015015015 1.0 -0.149586594914 -0.163141802819 
-2.67267267267 1.0 -0.451923110669 -0.575290909297 
4.39439439439 1.0 -0.949864345085 -0.988284364754 
6.1961961962 1.0 -0.0868794431893 -0.0920152189035 
-8.35835835836 1.0 -0.875475849797 -0.328818944546 
-1.03103103103 1.0 -0.857829327634 -1.02399595224 
-2.25225225225 1.0 -0.776656419186 -1.04611525818 
0.43043043043 1.0 0.417262010319 0.428076577842 
-8.998998999 1.0 -0.413030320922 -0.0800993256683 
2.17217217217 1.0 0.824557973258 0.832322931165 
-8.31831831832 1.0 -0.894118814814 -0.343723124238 
-8.95895895896 1.0 -0.449154692451 -0.0956192166343 
-2.43243243243 1.0 -0.651196684992 -0.875931671502 
2.09209209209 1.0 0.867174611281 0.871540615834 
4.95495495495 1.0 -0.970724838874 -1.00748351173 
1.41141141141 1.0 0.987325090799 0.977377406814 
-3.67367367367 1.0 0.507327764109 1.0435417169 
2.41241241241 1.0 0.666258547712 0.683697452681 
2.71271271271 1.0 0.415852445773 0.439549551745 
-9.47947947948 1.0 0.054674242632 0.098298503255 
-4.03403403403 1.0 0.778606064409 1.41253266513 
6.91691691692 1.0 0.592155892373 0.531087419046 
6.77677677678 1.0 0.473791717778 0.435238816453 
-0.21021021021 1.0 -0.208665487323 -0.228612213697 
0.49049049049 1.0 0.471058607419 0.481384061632 
7.35735735736 1.0 0.879195966573 0.718942538123 
0.45045045045 1.0 0.435371096772 0.446064974032 
4.63463463463 1.0 -0.996978653508 -1.03515437529 
-5.17517517518 1.0 0.894812095251 1.110655173 
-4.37437437437 1.0 0.943414910292 1.5463538615 
9.85985985986 1.0 -0.421484671785 -0.436091340215 
4.53453453453 1.0 -0.984225545624 -1.02264838638 
-2.71271271271 1.0 -0.415852445773 -0.517678896167 
-2.75275275275 1.0 -0.379115173303 -0.458158750096 
-5.2952952953 1.0 0.834866389361 0.977265767922 
7.5975975976 1.0 0.967313252172 0.7469795668 
-2.57257257257 1.0 -0.53880679503 -0.710317424199 
8.15815815816 1.0 0.9540939133 0.635663264388 
7.91791791792 1.0 0.997956771974 0.710335061827 
-4.93493493493 1.0 0.975338684403 1.33503233033 
-4.19419419419 1.0 0.868714740054 1.50191419414 
4.89489489489 1.0 -0.983391971377 -1.02048797871 
1.95195195195 1.0 0.928235370545 0.927079309891 
-1.09109109109 1.0 -0.887131000257 -1.06563563903 
6.61661661662 1.0 0.327287278425 0.307315600032 
7.97797797798 1.0 0.992322298019 0.695107362419 
9.57957957958 1.0 -0.154184093352 -0.241167502272 
5.85585585586 1.0 -0.41444188151 -0.429774543046 
-5.83583583584 1.0 0.432577348176 0.305707021149 
0.17017017017 1.0 0.169350063744 0.176815788945 
0.0700700700701 1.0 0.0700127456343 0.0731735676894 
-0.970970970971 1.0 -0.825434213842 -0.979147067473 
3.61361361361 1.0 -0.454687183165 -0.470523174009 
-1.85185185185 1.0 -0.960763202681 -1.25180791021 
-9.83983983984 1.0 0.403246556161 0.218457548733 
2.35235235235 1.0 0.709818357066 0.725048657344 
2.25225225225 1.0 0.776656419186 0.787831681948 
-8.1981981982 1.0 -0.941340119153 -0.387257145669 
5.31531531532 1.0 -0.823679750423 -0.856423897069 
4.43443443443 1.0 -0.961618700226 -1.00009681434 
-7.13713713714 1.0 -0.753882673169 -0.582807270214 
-4.35435435435 1.0 0.936587366299 1.54430441914 
-4.81481481481 1.0 0.994759058541 1.42069054286 
-5.67567567568 1.0 0.570824460166 0.506223565681 
9.03903903904 1.0 0.376243865658 0.138539101247 
-6.67667667668 1.0 -0.38341529066 -0.452176251636 
5.17517517518 1.0 -0.894812095251 -0.929676842233 
-9.65965965966 1.0 0.232727934358 0.160077736322 
-1.63163163163 1.0 -0.998150103477 -1.26981481057 
-3.37337337337 1.0 0.229710988177 0.589038010766 
9.33933933934 1.0 0.0853347124856 -0.071098003337 
-7.51751751752 1.0 -0.943927941216 -0.569624508734 
4.55455455455 1.0 -0.987569983594 -1.02595543929 
-5.07507507508 1.0 0.934947206573 1.21187193843 
4.21421421421 1.0 -0.878456163293 -0.915738975627 
5.35535535536 1.0 -0.800320725902 -0.832278946955 
7.05705705706 1.0 0.698909584547 0.610099584694 
9.11911911912 1.0 0.30092154409 0.0834313122422 
6.25625625626 1.0 -0.0269257963344 -0.0316967907659 
-6.2962962963 1.0 -0.0131106134944 -0.189616358732 
7.21721721722 1.0 0.804023831509 0.678532978273 
-2.91291291291 1.0 -0.226691833081 -0.203562621234 
5.63563563564 1.0 -0.603233924101 -0.627171605337 
5.8958958959 1.0 -0.377679973455 -0.391422294926 
-5.55555555556 1.0 0.665101514979 0.658836552505 
-5.81581581582 1.0 0.450539443112 0.330341811769 
5.33533533534 1.0 -0.812162990678 -0.844525035055 
5.5955955956 1.0 -0.634676409709 -0.660018200718 
-5.93593593594 1.0 0.340312647942 0.185340595919 
-9.6996996997 1.0 0.271471615699 0.173353772787 
-7.61761761762 1.0 -0.972195835089 -0.552878608605 
-3.39339339339 1.0 0.249148316352 0.622261903533 
3.79379379379 1.0 -0.606937230307 -0.632392518823 
1.83183183183 1.0 0.96612325186 0.961044911889 
-3.73373373373 1.0 0.558138856901 1.12019025656 
5.1951951952 1.0 -0.885695580449 -0.920311479721 
-8.47847847848 1.0 -0.811257411747 -0.283216623517 
5.65565565566 1.0 -0.587146852786 -0.610355780193 
-7.27727727728 1.0 -0.838264195546 -0.588488594223 
-2.45245245245 1.0 -0.635873830576 -0.854020222887 
-6.91691691692 1.0 -0.592155892373 -0.543724454021 
-9.97997997998 1.0 0.527114985665 0.261379485569 
-9.7997997998 1.0 0.366292850383 0.205790229224 
8.17817817818 1.0 0.947906971008 0.627876473381 
4.05405405405 1.0 -0.791012020637 -0.825558368273 
-7.87787787788 1.0 -0.99971449835 -0.490503121908 
9.91991991992 1.0 -0.475156566095 -0.476867436294 
1.25125125125 1.0 0.949378423874 0.941298756836 
-1.87187187187 1.0 -0.955018091318 -1.24695787786 
1.73173173173 1.0 0.987077824457 0.979511754774 
-9.15915915916 1.0 -0.26250641876 -0.0188180323408 
-5.47547547548 1.0 0.722706208904 0.759622494109 
-2.13213213213 1.0 -0.846544793956 -1.1324201822 
9.7997997998 1.0 -0.366292850383 -0.39490457995 
-1.89189189189 1.0 -0.948890220341 -1.24155621452 
-1.41141141141 1.0 -0.987325090799 -1.22653862864 
4.99499499499 1.0 -0.960331988856 -0.996834871496 
-1.19119119119 1.0 -0.928811026462 -1.12741256936 
-2.19219219219 1.0 -0.813066617154 -1.09196910704 
4.27427427427 1.0 -0.905553075921 -0.943403972829 
-6.51651651652 1.0 -0.231219739195 -0.359615188104 
-7.65765765766 1.0 -0.980790267476 -0.544936569711 
1.79179179179 1.0 0.975679725882 0.969513591851 
-0.790790790791 1.0 -0.710909644644 -0.827373885506 
-0.710710710711 1.0 -0.65237258226 -0.752765350866 
9.47947947948 1.0 -0.054674242632 -0.170390378192 
5.47547547548 1.0 -0.722706208904 -0.751765015438 
-7.23723723724 1.0 -0.81576576016 -0.58824518559 
-1.43143143143 1.0 -0.99030442098 -1.23286838996 
-7.43743743744 1.0 -0.914492625181 -0.579502296078 
9.21921921922 1.0 0.204114170152 0.0135989708215 
1.31131131131 1.0 0.966522242485 0.957532627852 
7.61761761762 1.0 0.972195835089 0.747061655123 
0.19019019019 1.0 0.189045659132 0.197148278289 
7.41741741742 1.0 0.906209755988 0.730751298212 
9.65965965966 1.0 -0.232727934358 -0.297475338749 
3.27327327327 1.0 -0.131300397197 -0.125715469454 
-0.630630630631 1.0 -0.589654207656 -0.674556147389 
6.21621621622 1.0 -0.066919044364 -0.0718629512476 
1.97197197197 1.0 0.920602539794 0.920183631329 
0.550550550551 1.0 0.523156507537 0.532644871045 
0.0900900900901 1.0 0.0899682743046 0.0941449416026 
3.83383383383 1.0 -0.63826408348 -0.665512100748 
2.79279279279 1.0 0.341770182763 0.365318879963 
-1.27127127127 1.0 -0.955476737061 -1.16953586184 
4.07407407407 1.0 -0.803100948886 -0.838098779963 
0.770770770771 1.0 0.69668837635 0.701065043054 
4.75475475475 1.0 -0.999102704803 -1.03684278628 
-8.63863863864 1.0 -0.707630665292 -0.221025767752 
-5.1951951952 1.0 0.885695580449 1.08925580382 
4.71471471471 1.0 -0.999997295481 -1.03789482532 
-0.35035035035 1.0 -0.343226895963 -0.381116649163 
-9.27927927928 1.0 -0.144985860003 0.0260713659066 
-9.91991991992 1.0 0.475156566095 0.243255659332 
-1.51151151151 1.0 -0.998243169988 -1.25347768039 
-6.01601601602 1.0 0.264002216892 0.0932181423475 
8.53853853854 1.0 0.774699305584 0.454061057639 
-1.21121121121 1.0 -0.936042896216 -1.13856876134 
-6.43643643644 1.0 -0.152651959622 -0.303495733849 
-6.17617617618 1.0 0.106805021793 -0.0767880884585 
2.63263263263 1.0 0.487269347053 0.510271356886 
-0.27027027027 1.0 -0.266991905564 -0.294117853473 
9.8998998999 1.0 -0.45744688336 -0.463323807928 
-0.930930930931 1.0 -0.802176135594 -0.94756139192 
-6.41641641642 1.0 -0.132837305145 -0.288439886675 
-3.43343343343 1.0 0.28771565565 0.687722386968 
5.73573573574 1.0 -0.520511228445 -0.540660204329 
2.37237237237 1.0 0.695575258639 0.711565186847 
8.65865865866 1.0 0.693344009372 0.384428601234 
-1.83183183183 1.0 -0.96612325186 -1.25611000435 
8.43843843844 1.0 0.834011915114 0.508105566265 
4.51451451451 1.0 -0.980486642048 -1.01893932271 
-3.35335335335 1.0 0.210181594637 0.55551781495 
-7.53753753754 1.0 -0.950347982805 -0.566649846843 
-8.85885885886 1.0 -0.536191852752 -0.134662518272 
2.69269269269 1.0 0.433974744115 0.457574890171 
9.45945945946 1.0 -0.034674546587 -0.156205635018 
0.750750750751 1.0 0.682187883844 0.687117498943 
9.17917917918 1.0 0.243137181641 0.04163689912 
-5.11511511512 1.0 0.919995965877 1.17259585843 
7.0970970971 1.0 0.726978798959 0.629425205001 
3.73373373373 1.0 -0.558138856901 -0.580652922085 
0.710710710711 1.0 0.65237258226 0.658370903083 
7.17717717718 1.0 0.779578080518 0.66364861482 
-5.51551551552 1.0 0.694460468753 0.709416696431 
9.13913913914 1.0 0.281770446506 0.0695388477285 
6.31631631632 1.0 0.0331249483513 0.0280316329426 
5.81581581582 1.0 -0.450539443112 -0.467484043358 
9.95995995996 1.0 -0.509997599178 -0.503801547422 
-0.0500500500501 1.0 -0.0500291567086 -0.0546945311245 
-8.21821821822 1.0 -0.934395989648 -0.380140266119 
-6.71671671672 1.0 -0.42007812671 -0.471278711577 
-3.21321321321 1.0 0.0715593456609 0.314745174301 
5.95595595596 1.0 -0.32142063693 -0.332870072259 
6.8968968969 1.0 0.575905704393 0.518393475999 
-5.71571571572 1.0 0.537499969971 0.455514405647 
-8.17817817818 1.0 -0.947906971008 -0.394311813866 
-0.570570570571 1.0 -0.540112324789 -0.613893555946 
-6.95695695696 1.0 -0.623937863975 -0.553823996309 
2.45245245245 1.0 0.635873830576 0.654652625218 
-3.75375375375 1.0 0.574637462441 1.14448173367 
-9.11911911912 1.0 -0.30092154409 -0.034000973923 
6.95695695696 1.0 0.623937863975 0.555437102259 
7.07707707708 1.0 0.713087090062 0.619945813943 
4.37437437437 1.0 -0.943414910292 -0.981784246985 
1.91191191191 1.0 0.942382045726 0.939817856092 
3.97397397397 1.0 -0.739536372707 -0.771931927168 
7.45745745746 1.0 0.922408976872 0.73681887871 
9.97997997998 1.0 -0.527114985665 -0.517188972259 
0.530530530531 1.0 0.505991015532 0.515793407598 
2.01201201201 1.0 0.904233186475 0.905347122976 
6.85685685686 1.0 0.542719485852 0.491987797672 
-7.2972972973 1.0 -0.849011685183 -0.588218033529 
-4.95495495495 1.0 0.970724838874 1.31889483167 
-0.29029029029 1.0 -0.286230381945 -0.315921590073 
2.43243243243 1.0 0.651196684992 0.669320306375 
-1.97197197197 1.0 -0.920602539794 -1.21436030866 
4.65465465465 1.0 -0.998333836705 -1.03644526427 
6.81681681682 1.0 0.508663293061 0.464255836124 
6.0960960961 1.0 -0.185999691898 -0.192998387663 
3.21321321321 1.0 -0.0715593456609 -0.0624532260449 
5.93593593594 1.0 -0.340312647942 -0.352509829431 
8.61861861862 1.0 0.721633711464 0.408171456851 
6.11611611612 1.0 -0.166293065952 -0.172811371355 
9.55955955956 1.0 -0.13437389375 -0.227039448374 
0.910910910911 1.0 0.790062479764 0.790391624814 
-9.73973973974 1.0 0.309780130585 0.18645874271 
1.33133133133 1.0 0.971465007816 0.96222569704 
4.13413413413 1.0 -0.837417761709 -0.873574814347 
8.31831831832 1.0 0.894118814814 0.567427183383 
-6.05605605606 1.0 0.225181436261 0.048814033624 
4.25425425425 1.0 -0.896879023055 -0.934564476855 
-0.03003003003 1.0 -0.0300255167065 -0.0331749327223 
7.53753753754 1.0 0.950347982805 0.74470281477 
6.6966966967 1.0 0.401827232414 0.373539030632 
-1.65165165165 1.0 -0.996732988666 -1.27078668372 
1.13113113113 1.0 0.904894218889 0.899269119108 
8.8988988989 1.0 0.501973484202 0.232705062967 
-0.910910910911 1.0 -0.790062479764 -0.931285434091 
1.19119119119 1.0 0.928811026462 0.92186243008 
5.4954954955 1.0 -0.708725363073 -0.737220157443 
8.41841841842 1.0 0.844890020967 0.518432038651 
2.49249249249 1.0 0.604469813648 0.624461520389 
9.73973973974 1.0 -0.309780130585 -0.353354205517 
-9.75975975976 1.0 0.328751980598 0.192946310276 
-8.91891891892 1.0 -0.484559073218 -0.111200012011 
-7.997997998 1.0 -0.989647555109 -0.454493843334 
0.47047047047 1.0 0.453305691794 0.463835791771 
-0.590590590591 1.0 -0.556851671602 -0.634286615687 
-8.57857857858 1.0 -0.748766641479 -0.244474044708 
-7.77777777778 1.0 -0.997097890944 -0.517327193755 
-0.750750750751 1.0 -0.682187883844 -0.790556205241 
-1.25125125125 1.0 -0.949378423874 -1.15963583388 
-2.39239239239 1.0 -0.681053382124 -0.917967533594 
-7.03703703704 1.0 -0.684451964588 -0.569929352044 
8.83883883884 1.0 0.552982096013 0.271943271617 
9.31931931932 1.0 0.105263273301 -0.0569375838292 
-7.5975975976 1.0 -0.967313252172 -0.556592632604 
-9.61961961962 1.0 0.193611192318 0.146633343676 
4.01401401401 1.0 -0.765888052358 -0.799429172413 
6.03603603604 1.0 -0.244640851113 -0.253343446325 
-9.2992992993 1.0 -0.125149645879 0.0334475955865 
9.05905905906 1.0 0.357620745349 0.124837740166 
-1.07107107107 1.0 -0.877714248189 -1.05212389602 
-2.99299299299 1.0 -0.148053371305 -0.0685104349841 
2.83283283283 1.0 0.303877337824 0.32702244026 
8.01801801802 1.0 0.986576173517 0.683631892293 
6.53653653654 1.0 0.250649611665 0.237070404727 
2.65265265265 1.0 0.469690351946 0.49294180544 
3.31331331331 1.0 -0.170877953796 -0.167750246328 
-9.37937937938 1.0 -0.0453829883483 0.062622755418 
-8.83883883884 1.0 -0.552982096013 -0.142502194286 
5.43543543544 1.0 -0.749793457774 -0.779910986938 
5.77577577578 1.0 -0.485914794209 -0.504471321501 
-5.05505505506 1.0 0.941862214566 1.23086530661 
-2.85285285285 1.0 -0.284744420138 -0.30181976344 
5.6956956957 1.0 -0.554273288059 -0.575978023979 
-5.87587587588 1.0 0.396140311588 0.25695683917 
7.93793793794 1.0 0.996477739177 0.705529502747 
2.75275275275 1.0 0.379115173303 0.402846713299 
-4.69469469469 1.0 0.999843460211 1.48575940214 
-6.7967967968 1.0 -0.491325964149 -0.504782397805 
8.4984984985 1.0 0.799390133963 0.476145111762 
6.43643643644 1.0 0.152651959622 0.144484032627 
7.73773773774 1.0 0.993251282848 0.740679618697 
-5.45545545546 1.0 0.736397402892 0.784542066127 
0.730730730731 1.0 0.667413978747 0.672884778327 
6.51651651652 1.0 0.231219739195 0.218946202566 
-4.67467467467 1.0 0.999288899866 1.49447602116 
4.23423423423 1.0 -0.887845512006 -0.92534201442 
6.07607607608 1.0 -0.205631771434 -0.213157155341 
0.610610610611 1.0 0.573367839051 0.581730107515 
5.61561561562 1.0 -0.61907922661 -0.643728261007 
-2.27227227227 1.0 -0.763890524376 -1.02962318367 
3.19319319319 1.0 -0.0515776439174 -0.0413520471322 
-7.47747747748 1.0 -0.929955638285 -0.574977636484 
-5.31531531532 1.0 0.823679750423 0.953975039945 
9.81981981982 1.0 -0.384846824231 -0.408676290165 
-2.53253253253 1.0 -0.572096837274 -0.760511866224 
-3.85385385385 1.0 0.653546911213 1.25600088382 
-4.41441441441 1.0 0.955933085822 1.54832483158 
-2.47247247247 1.0 -0.620296125676 -0.83151784736 
-8.13813813814 1.0 -0.959898466376 -0.40822254092 
-2.01201201201 1.0 -0.904233186475 -1.19735886919 
3.23323323323 1.0 -0.0915123672906 -0.0835545416933 
1.75175175175 1.0 0.983672194447 0.976540910802 
-2.05205205205 1.0 -0.886414355831 -1.1780518376 
4.17417417417 1.0 -0.858625146533 -0.895401568696 
0.31031031031 1.0 0.305354140677 0.315863850659 
1.29129129129 1.0 0.961192106815 0.952479602468 
-0.950950950951 1.0 -0.813968289004 -0.963517856886 
-5.35535535536 1.0 0.800320725902 0.906626328944 
-9.21921921922 1.0 -0.204114170152 0.00375706781002 
-8.07807807808 1.0 -0.974995298193 -0.428545712635 
-6.11611611612 1.0 0.166293065952 -0.015482710787 
2.93293293293 1.0 0.207148878373 0.22831868734 
7.71771771772 1.0 0.990730428893 0.742544130227 
2.85285285285 1.0 0.284744420138 0.307604526868 
7.63763763764 1.0 0.976688773762 0.746810665233 
-0.43043043043 1.0 -0.417262010319 -0.467204622956 
3.95395395395 1.0 -0.725913266541 -0.757682284611 
7.8978978979 1.0 0.999035835857 0.714864716087 
7.85785785786 1.0 0.999992487454 0.723079775947 
4.83483483483 1.0 -0.99251286792 -1.02990470446 
5.53553553554 1.0 -0.679917243139 -0.707215929393 
-9.01901901902 1.0 -0.39471619201 -0.0723653182778 
4.03403403403 1.0 -0.778606064409 -0.812667064732 
-4.79479479479 1.0 0.996606561851 1.43301604884 
-6.35635635636 1.0 -0.0731057736575 -0.240832017823 
-3.11311311311 1.0 -0.0284756907485 0.139666542159 
5.0950950951 1.0 -0.927657483133 -0.963368865558 
6.05605605606 1.0 -0.225181436261 -0.233276032967 
-3.81381381381 1.0 0.622725447279 1.21342010616 
3.57357357357 1.0 -0.41867057176 -0.432090107547 
7.51751751752 1.0 0.943927941216 0.743256917306 
-8.73873873874 1.0 -0.633477463068 -0.181775409101 
-7.97797797798 1.0 -0.992322298019 -0.460753053223 
-0.23023023023 1.0 -0.228201684929 -0.250454629526 
-7.33733733734 1.0 -0.869481672757 -0.586919342444 
-2.35235235235 1.0 -0.709818357066 -0.957602758652 
6.55655655656 1.0 0.269979026825 0.254978632095 
-0.730730730731 1.0 -0.667413978747 -0.771777913908 
-1.33133133133 1.0 -0.971465007816 -1.1966397174 
-2.41241241241 1.0 -0.666258547712 -0.897248479561 
9.2992992993 1.0 0.125149645879 -0.0427911707245 
6.93693693694 1.0 0.608168751487 0.543436554201 
3.47347347347 1.0 -0.325821789448 -0.332935306975 
1.57157157157 1.0 0.999999699498 0.990160358322 
5.97597597598 1.0 -0.302399804444 -0.313122448239 
6.65665665666 1.0 0.36484968073 0.340963101362 
8.03803803804 1.0 0.983109384216 0.677509735121 
8.33833833834 1.0 0.884974675839 0.557993588944 
6.75675675676 1.0 0.456067581459 0.420262636511 
-2.23223223223 1.0 -0.789111039566 -1.06200287548 
-4.23423423423 1.0 0.887845512006 1.51688496727 
-0.11011011011 1.0 -0.109887744787 -0.119623242539 
5.51551551552 1.0 -0.694460468753 -0.722368433885 
2.99299299299 1.0 0.148053371305 0.167393838107 
-3.23323323323 1.0 0.0915123672906 0.349613147283 
10.0 1.0 -0.544021110889 -0.530521335439 
-9.07907907908 1.0 -0.338854295004 -0.0492811335899 
2.13213213213 1.0 0.846544793956 0.852600063345 
3.93393393393 1.0 -0.711999223182 -0.743105480262 
-3.27327327327 1.0 0.131300397197 0.41898427996 
-5.95595595596 1.0 0.32142063693 0.161924427164 
1.47147147147 1.0 0.995071340501 0.98491691431 
-7.4974974975 1.0 -0.93712958481 -0.572402103472 
-3.17317317317 1.0 0.0315752704827 0.244780005706 
-5.27527527528 1.0 0.845718424022 1.00027952249 
9.93993993994 1.0 -0.492675811867 -0.490360532204 
5.25525525526 1.0 -0.856231505045 -0.889997476929 
0.35035035035 1.0 0.343226895963 0.354048943257 
6.2962962963 1.0 0.0131106134944 0.00820704050607 
-3.95395395395 1.0 0.725913266541 1.35017587651 
-8.71871871872 1.0 -0.648840196822 -0.189634022547 
1.09109109109 1.0 0.887131000257 0.882479554291 
4.97497497497 1.0 -0.965721938658 -1.00235626425 
7.23723723724 1.0 0.81576576016 0.685417332417 
-3.63363363363 1.0 0.472425730458 0.989431347939 
-8.4984984985 1.0 -0.799390133963 -0.275511556862 
-8.41841841842 1.0 -0.844890020967 -0.30616633512 
-6.03603603604 1.0 0.244640851113 0.0708687943861 
7.997997998 1.0 0.989647555109 0.689499181975 
-7.31731731732 1.0 -0.859418901282 -0.587693158719 
-2.31231231231 1.0 -0.737445499834 -0.994823371959 
3.35335335335 1.0 -0.210181594637 -0.209574010214 
-5.15515515516 1.0 0.903569980268 1.13168760696 
8.13813813814 1.0 0.959898466376 0.643225071194 
-1.53153153153 1.0 -0.999229236959 -1.25743187218 
-0.990990990991 1.0 -0.836569314705 -0.994441420615 
1.05105105105 1.0 0.867945718946 0.864329231325 
-9.25925925926 1.0 -0.164763965562 0.0186636649189 
9.23923923924 1.0 0.184476035731 -0.000463601585492 
5.57557557558 1.0 -0.650019222236 -0.676034122551 
2.89289289289 1.0 0.246143932464 0.268268186947 
-4.43443443443 1.0 0.961618700226 1.5482547266 
-4.59459459459 1.0 0.993070259711 1.52299427186 
-9.71971971972 1.0 0.290684124469 0.179927799011 
1.39139139139 1.0 0.983950052752 0.974134395505 
0.890890890891 1.0 0.777632176518 0.77854625732 
-8.97897897898 1.0 -0.431178912314 -0.0878510299624 
-6.87687687688 1.0 -0.559424700424 -0.532208498358 
-9.95995995996 1.0 0.509997599178 0.25538370241 
9.75975975976 1.0 -0.328751980598 -0.367241697289 
2.33233233233 1.0 0.723776968945 0.738227347531 
2.31231231231 1.0 0.737445499834 0.751098034228 
8.27827827828 1.0 0.911328515751 0.585716985586 
-2.73273273273 1.0 -0.397563478837 -0.488150259937 
9.5995995996 1.0 -0.173932497848 -0.255277310804 
8.21821821822 1.0 0.934395989648 0.611645013889 
-7.83783783784 1.0 -0.999869691753 -0.501611416466 
-7.05705705706 1.0 -0.698909584547 -0.573132299099 
2.95295295295 1.0 0.187522900919 0.20813506214 
-5.85585585586 1.0 0.41444188151 0.281240564858 
-3.55355355355 1.0 0.400406942668 0.874537975461 
5.2952952953 1.0 -0.834866389361 -0.867971467703 
-3.29329329329 1.0 0.151119458915 0.453433570843 
-4.45445445445 1.0 0.966918909573 1.54748682883 
-0.530530530531 1.0 -0.505991015532 -0.572638208196 
-7.95795795796 1.0 -0.994599330244 -0.466914094107 
4.31431431431 1.0 -0.921809046742 -0.959925303935 
0.850850850851 1.0 0.75184168035 0.753925734065 
4.77477477477 1.0 -0.998054637396 -1.03571191198 
-8.33833833834 1.0 -0.884974675839 -0.336292474045 
3.91391391391 1.0 -0.69779981921 -0.728206940105 
-2.11211211211 1.0 -0.857031446499 -1.14471261431 
3.55355355355 1.0 -0.400406942668 -0.412591088535 
-3.09309309309 1.0 -0.0484805492288 0.104692563789 
3.75375375375 1.0 -0.574637462441 -0.598164349646 
9.67967967968 1.0 -0.252150304413 -0.311490435382 
1.63163163163 1.0 0.998150103477 0.988908091888 
1.61161161161 1.0 0.999167171889 0.989691765642 
1.93193193193 1.0 0.935496175869 0.933624540303 
-5.37537537538 1.0 0.788157702332 0.88260069734 
8.77877877878 1.0 0.601996584369 0.310375018996 
8.45845845846 1.0 0.822799547447 0.497612876396 
-4.17417417417 1.0 0.858625146533 1.49332559001 
9.6996996997 1.0 -0.271471615699 -0.325476616653 
7.47747747748 1.0 0.929955638285 0.739317577781 
8.37837837838 1.0 0.865626143701 0.538569937411 
4.09409409409 1.0 -0.81486800406 -0.850284210585 
8.67867867868 1.0 0.678779469621 0.37237116752 
-9.23923923924 1.0 -0.184476035731 0.0112252906191 
5.13513513514 1.0 -0.911965725448 -0.947281724715 
7.95795795796 1.0 0.994599330244 0.700452206146 
-0.650650650651 1.0 -0.605704250039 -0.694413738761 
-1.99199199199 1.0 -0.912600742763 -1.20614611845 
4.61461461461 1.0 -0.995223893414 -1.0334597283 
2.23223223223 1.0 0.789111039566 0.799440541565 
5.21521521522 1.0 -0.87622408965 -0.910574476766 
-1.61161161161 1.0 -0.999167171889 -1.26833625224 
6.17617617618 1.0 -0.106805021793 -0.112197960714 
-7.6976976977 1.0 -0.987812502254 -0.53634003912 
6.4964964965 1.0 0.211697196671 0.200615576001 
-6.57657657658 1.0 -0.289200237681 -0.397386462628 
-7.73773773774 1.0 -0.993251282848 -0.527125181498 
-6.47647647648 1.0 -0.19208980849 -0.332377823257 
-3.79379379379 1.0 0.606937230307 1.19110704234 
3.41341341341 1.0 -0.268485788917 -0.271728830921 
0.15015015015 1.0 0.149586594914 0.15634300074 
2.91291291291 1.0 0.226691833081 0.248365918577 
3.39339339339 1.0 -0.249148316352 -0.251102043572 
-6.65665665666 1.0 -0.36484968073 -0.442026827733 
-1.45145145145 1.0 -0.992886849216 -1.23873138225 
3.71371371371 1.0 -0.541416556108 -0.562886853301 
6.5965965966 1.0 0.308305540605 0.290110164903 
-4.11411411411 1.0 0.826308470068 1.46313212328 
-8.51851851852 1.0 -0.787202470352 -0.267782627579 
-6.25625625626 1.0 0.0269257963344 -0.153514815357 
2.51251251251 1.0 0.588401237484 0.60894642475 
8.25825825826 1.0 0.919387180273 0.594564778668 
-3.15315315315 1.0 0.0115602420643 0.209737173087 
2.73273273273 1.0 0.397563478837 0.421304650538 
-8.65865865866 1.0 -0.693344009372 -0.213187775051 
8.87887887888 1.0 0.519186710331 0.245868185716 
2.57257257257 1.0 0.53880679503 0.560776441906 
4.11411411411 1.0 -0.826308470068 -0.86211078038 
-7.17717717718 1.0 -0.779578080518 -0.585837465574 
-5.53553553554 1.0 0.679917243139 0.684164813964 
-1.59159159159 1.0 -0.999783786273 -1.26635482459 
-1.75175175175 1.0 -0.983672194447 -1.26791335194 
3.51351351351 1.0 -0.363405633971 -0.373075601772 
-4.13413413413 1.0 0.837417761709 1.47393533376 
8.75875875876 1.0 0.617860839267 0.322989688608 
-9.93993993994 1.0 0.492675811867 0.249342386715 
-6.97697697698 1.0 -0.639456909771 -0.558354588247 
7.65765765766 1.0 0.980790267476 0.746229943011 
-0.31031031031 1.0 -0.305354140677 -0.337695182911 
5.45545545546 1.0 -0.736397402892 -0.765997161925 
-4.97497497497 1.0 0.965721938658 1.30225296365 
-4.65465465465 1.0 0.998333836705 1.50256466456 
-5.91591591592 1.0 0.359068265792 0.208993376795 
9.15915915916 1.0 0.26250641876 0.0556063655275 
-7.25725725726 1.0 -0.827180739833 -0.588499447908 
-3.91391391391 1.0 0.69779981921 1.31464229506 
-1.39139139139 1.0 -0.983950052752 -1.21974642156 
-9.81981981982 1.0 0.384846824231 0.212146078998 
-4.51451451451 1.0 0.980486642048 1.54104448601 
-3.45345345345 1.0 0.306830209454 0.719911125621 
6.7967967968 1.0 0.491325964149 0.449905189895 
0.11011011011 1.0 0.109887744787 0.115001266136 
1.87187187187 1.0 0.955018091318 0.951143202098 
9.4994994995 1.0 -0.0746520259067 -0.184568517266 
-2.07207207207 1.0 -0.876970223046 -1.16752562267 
5.7957957958 1.0 -0.468320967329 -0.486072800988 
-0.890890890891 1.0 -0.777632176518 -0.914697899673 
0.790790790791 1.0 0.710909644644 0.714723465261 
-2.17217217217 1.0 -0.824557973258 -1.10605067873 
-9.77977977978 1.0 0.347592070824 0.1993902255 
-0.550550550551 1.0 -0.523156507537 -0.593340925779 
-6.4964964965 1.0 -0.211697196671 -0.346202301495 
-0.41041041041 1.0 -0.398985690337 -0.445799813205 
-1.35135135135 1.0 -0.97601842181 -1.20479240914 
6.37637637638 1.0 0.0930562402792 0.0868592972037 
4.81481481481 1.0 -0.994759058541 -1.03224236663 
8.1981981982 1.0 0.941340119153 0.619868968316 
9.1991991992 1.0 0.223670498102 0.0276334466757 
-6.15615615616 1.0 0.126687794244 -0.0566992196661 
-2.83283283283 1.0 -0.303877337824 -0.333880781581 
0.650650650651 1.0 0.605704250039 0.613183678184 
9.3993993994 1.0 0.0253758371902 -0.113636408915 
-3.61361361361 1.0 0.454687183165 0.961517152187 
-6.55655655656 1.0 -0.269979026825 -0.385206708563 
5.67567567568 1.0 -0.570824460166 -0.593288575683 
5.3953953954 1.0 -0.775678794758 -0.806762393497 
-9.0990990991 1.0 -0.319952035985 -0.0416294102048 
-7.91791791792 1.0 -0.997956771974 -0.478927102618 
5.23523523524 1.0 -0.866401418913 -0.900468771835 
-8.37837837838 1.0 -0.865626143701 -0.321305086612 
4.73473473473 1.0 -0.99975034402 -1.03757052485 
-3.13313313313 1.0 -0.00845941955823 0.174690352485 
-3.87387387387 1.0 0.668567805308 1.27625236438 
2.05205205205 1.0 0.886414355831 0.889128068365 
9.37937937938 1.0 0.0453829883483 -0.0994500677332 
6.3963963964 1.0 0.112969411094 0.106215810747 
9.63963963964 1.0 -0.213212289782 -0.283433382609 
8.97897897898 1.0 0.431178912314 0.17929595187 
-4.39439439439 1.0 0.949864345085 1.54769264058 
3.01301301301 1.0 0.128225638051 0.146854292181 
3.69369369369 1.0 -0.524477262156 -0.544874110426 
2.21221221221 1.0 0.801249393857 0.810727052577 
-0.17017017017 1.0 -0.169350063744 -0.184947608573 
-3.33333333333 1.0 0.190567962875 0.521726521826 
3.65365365365 1.0 -0.489974935275 -0.508141544242 
-4.71471471471 1.0 0.999997295481 1.47642198586 
1.71171171171 1.0 0.990087845702 0.982119632886 
6.57657657658 1.0 0.289200237681 0.272661573278 
3.67367367367 1.0 -0.507327764109 -0.526622876329 
-3.41341341341 1.0 0.268485788917 0.655164764702 
-7.75775775776 1.0 -0.995374053792 -0.522296917328 
-2.59259259259 1.0 -0.521834495241 -0.684384409825 
9.61961961962 1.0 -0.193611192318 -0.269366661941 
9.07907907908 1.0 0.338854295004 0.111083879147 
-6.13613613614 1.0 0.146519791772 -0.0362614781082 
-1.13113113113 1.0 -0.904894218889 -1.09152161118 
2.55255255255 1.0 0.555563147622 0.577099212713 
8.81881881882 1.0 0.569550710787 0.284848201462 
-4.63463463463 1.0 0.996978653508 1.51001837703 
9.01901901902 1.0 0.39471619201 0.152184755979 
-4.57457457457 1.0 0.990518615549 1.52850361369 
-0.770770770771 1.0 -0.69668837635 -0.809091179089 
9.41941941942 1.0 0.00535851570584 -0.127826149444 
-6.45645645646 1.0 -0.172405433055 -0.318142070731 
-2.15215215215 1.0 -0.835718856574 -1.11953365735 
3.53353353353 1.0 -0.381982835353 -0.392916366099 
-3.01301301301 1.0 -0.128225638051 -0.0341778939646 
-8.23823823824 1.0 -0.927077365617 -0.372964099288 
9.77977977978 1.0 -0.347592070824 -0.381092442073 
0.990990990991 1.0 0.836569314705 0.834596643497 
3.49349349349 1.0 -0.34468278404 -0.353078601908 
-9.31931931932 1.0 -0.105263273301 0.0407915823369 
-5.75575575576 1.0 0.503313872361 0.405107289058 
-9.53953953954 1.0 0.114509838728 0.119251849655 
-4.87487487487 1.0 0.986828185163 1.3803137156 
1.81181181181 1.0 0.971096090611 0.965458926525 
1.35135135135 1.0 0.97601842181 0.966557678633 
-6.07607607608 1.0 0.205631771434 0.0270640971205 
-5.13513513514 1.0 0.911965725448 1.15233907872 
-1.31131131131 1.0 -0.966522242485 -1.18804282089 
2.15215215215 1.0 0.835718856574 0.842627487094 
-7.57757757758 1.0 -0.96204298189 -0.56012904435 
1.15115115115 1.0 0.91323356617 0.907147821546 
3.09309309309 1.0 0.0484805492288 0.0637882949402 
7.4974974975 1.0 0.93712958481 0.741462736237 
6.27627627628 1.0 -0.00690897593668 -0.0117062753529 
-5.8958958959 1.0 0.377679973455 0.232869886102 
-8.75875875876 1.0 -0.617860839267 -0.173915960604 
-1.79179179179 1.0 -0.975679725882 -1.26308522771 
-9.8998998999 1.0 0.45744688336 0.237123655169 
4.79479479479 1.0 -0.996606561851 -1.03417828433 
-5.6956956957 1.0 0.554273288059 0.480839371423 
2.53253253253 1.0 0.572096837274 0.593157460761 
5.37537537538 1.0 -0.788157702332 -0.819689905023 
-0.690690690691 1.0 -0.637069722791 -0.733527648871 
1.11111111111 1.0 0.89619220103 0.891045617712 
-3.47347347347 1.0 0.325821789448 0.751707937036 
4.15415415415 1.0 -0.848191426515 -0.8846728373 
-4.05405405405 1.0 0.791012020637 1.42628917406 
8.93893893894 1.0 0.466950456861 0.206145004716 
6.33633633634 1.0 0.0531260071326 0.0477560701498 
-6.27627627628 1.0 0.00690897593668 -0.17175851145 
-1.95195195195 1.0 -0.928235370545 -1.22200488035 
7.77777777778 1.0 0.997097890944 0.736019026801 
-5.77577577578 1.0 0.485914794209 0.380057146145 
8.05805805806 1.0 0.979248576653 0.671136963806 
1.21121121121 1.0 0.936042896216 0.928694412492 
2.67267267267 1.0 0.451923110669 0.475374346163 
-3.71371371371 1.0 0.541416556108 1.09526138491 
-1.81181181181 1.0 -0.971096090611 -1.25986786963 
0.39039039039 1.0 0.380549461752 0.391467260759 
5.55555555556 1.0 -0.665101514979 -0.691768969526 
-2.09209209209 1.0 -0.867174611281 -1.15641351455 
9.27927927928 1.0 0.144985860003 -0.028661508805 
1.49149149149 1.0 0.996857019318 0.986698579567 
5.15515515516 1.0 -0.903569980268 -0.938667793535 
-3.51351351351 1.0 0.363405633971 0.81403681891 
7.83783783784 1.0 0.999869691753 0.726756992226 
3.25325325325 1.0 -0.111428711879 -0.104645476497 
-2.63263263263 1.0 -0.487269347053 -0.630889924231 
-4.55455455455 1.0 0.987569983594 1.5333523357 
3.07307307307 1.0 0.0684659772958 0.0846717767059 
7.6976976977 1.0 0.987812502254 0.7440931202 
4.59459459459 1.0 -0.993070259711 -1.03136150132 
-10.0 1.0 0.544021110889 0.267329629092 
-9.87987987988 1.0 0.439553861488 0.230946523516 
-3.65365365365 1.0 0.489974935275 1.01677807328 
-1.73173173173 1.0 -0.987077824457 -1.26953159868 
-0.0700700700701 1.0 -0.0700127456343 -0.0762807341703 
-5.97597597598 1.0 0.302399804444 0.138757339834 
3.87387387387 1.0 -0.668567805308 -0.697467519572 
0.670670670671 1.0 0.62151153354 0.628516147829 
7.1971971972 1.0 0.791959659904 0.671276743751 
-8.2982982983 1.0 -0.902904601864 -0.351108292756 
7.87787787788 1.0 0.99971449835 0.719114324552 
0.930930930931 1.0 0.802176135594 0.80192256074 
-5.0950950951 1.0 0.927657483133 1.19244451863 
-6.83683683684 1.0 -0.525796755923 -0.519239371326 
2.47247247247 1.0 0.620296125676 0.639698335545 
-1.93193193193 1.0 -0.935496175869 -1.22908334011 
-7.0970970971 1.0 -0.726978798959 -0.578586527721 
7.31731731732 1.0 0.859418901282 0.709244040197 
-5.43543543544 1.0 0.749793457774 0.809316617377 
-0.830830830831 1.0 -0.738491823944 -0.863147225882 
-2.97297297297 1.0 -0.167821766571 -0.1026389778 
0.29029029029 1.0 0.286230381945 0.29649727964 
-6.1961961962 1.0 0.0868794431893 -0.096520721478 
3.85385385385 1.0 -0.653546911213 -0.681638658304 
7.55755755756 1.0 0.956387136503 0.745803246505 
7.43743743744 1.0 0.914492625181 0.73396421294 
7.3973973974 1.0 0.897563688968 0.72717800288 
-6.77677677678 1.0 -0.473791717778 -0.496985786664 
-3.49349349349 1.0 0.34468278404 0.783090414165 
-9.05905905906 1.0 -0.357620745349 -0.0569550887589 
0.23023023023 1.0 0.228201684929 0.237368203815 
8.3983983984 1.0 0.855429505195 0.52858820021 
2.81281281281 1.0 0.322888465175 0.346263081084 
6.47647647648 1.0 0.19208980849 0.18208830479 
