-9.85985985986 1.0 0.421484671785 -0.397135696428 
6.35635635636 1.0 0.0731057736575 0.188333506246 
-2.81281281281 1.0 -0.322888465175 -0.292823002981 
-2.95295295295 1.0 -0.187522900919 -0.235048628636 
1.89189189189 1.0 0.948890220341 0.955423640069 
4.67467467467 1.0 -0.999288899866 -1.01414758525 
-6.3963963964 1.0 -0.112969411094 -0.226227196492 
-5.4954954955 1.0 0.708725363073 -0.130263656802 
-8.7987987988 1.0 -0.585891056576 -0.37112751751 
-9.55955955956 1.0 0.13437389375 -0.391209798339 
-8.53853853854 1.0 -0.774699305584 -0.362188374745 
-6.53653653654 1.0 -0.250649611665 -0.239274745795 
7.33733733734 1.0 0.869481672757 0.57057406977 
6.83683683684 1.0 0.525796755923 0.447748141088 
1.45145145145 1.0 0.992886849216 0.991870483806 
-7.71771771772 1.0 -0.990730428893 -0.324876265482 
1.65165165165 1.0 0.996732988666 0.99735696781 
-0.0900900900901 1.0 -0.0899682743046 -0.113512103077 
1.23123123123 1.0 0.942899611382 0.942540124571 
3.59359359359 1.0 -0.436766402789 -0.486731857452 
0.870870870871 1.0 0.764890207772 0.766230915949 
-7.63763763764 1.0 -0.976688773762 -0.320369998003 
0.37037037037 1.0 0.361960713579 0.354881975281 
9.35935935936 1.0 0.0653719505576 0.23436008282 
3.13313313313 1.0 0.00845941955822 0.0161807106691 
7.81781781782 1.0 0.999346160464 0.575224732582 
-1.17117117117 1.0 -0.921206900567 -0.833878412275 
-2.37237237237 1.0 -0.695575258639 -0.503239033548 
-6.33633633634 1.0 -0.0531260071326 -0.220449734594 
8.07807807808 1.0 0.974995298193 0.54476506424 
-7.81781781782 1.0 -0.999346160464 -0.330272941203 
-4.29429429429 1.0 0.913864194148 -0.0231310135361 
-4.77477477477 1.0 0.998054637396 -0.0536263476223 
-5.7957957958 1.0 0.468320967329 -0.164017024013 
-8.6986986987 1.0 -0.66394288333 -0.367831637243 
8.23823823824 1.0 0.927077365617 0.517646348517 
-0.13013013013 1.0 -0.1297631736 -0.154229407041 
0.13013013013 1.0 0.1297631736 0.113709671198 
-8.61861861862 1.0 -0.721633711464 -0.365068477806 
-7.07707707708 1.0 -0.713087090062 -0.283749504382 
8.91891891892 1.0 0.484559073218 0.357263697246 
2.29229229229 1.0 0.750818471552 0.77392376766 
-8.87887887888 1.0 -0.519186710331 -0.373642747206 
8.95895895896 1.0 0.449154692451 0.346409984926 
-0.19019019019 1.0 -0.189045659132 -0.214482054516 
-4.33433433433 1.0 0.929384449502 -0.0244516203577 
-0.39039039039 1.0 -0.380549461752 -0.404309861389 
-4.53453453453 1.0 0.984225545624 -0.0347909235004 
4.47447447447 1.0 -0.971831589603 -1.02417941342 
-8.15815815816 1.0 -0.9540939133 -0.346776756383 
4.19419419419 1.0 -0.868714740054 -0.950224586531 
4.91491491491 1.0 -0.979561626072 -0.937225151204 
-5.5955955956 1.0 0.634676409709 -0.141605285694 
-9.03903903904 1.0 -0.376243865658 -0.378366078011 
-1.05105105105 1.0 -0.867945718946 -0.80735269399 
-0.870870870871 1.0 -0.764890207772 -0.739515607101 
5.11511511512 1.0 -0.919995965877 -0.826389308728 
-8.55855855856 1.0 -0.761885650774 -0.362919596943 
2.27227227227 1.0 0.763890524376 0.78615143804 
3.15315315315 1.0 -0.0115602420643 -0.00591401406725 
3.99399399399 1.0 -0.752863081707 -0.836572410899 
-8.3983983984 1.0 -0.855429505195 -0.35685385301 
-4.89489489489 1.0 0.983391971377 -0.0649152219828 
7.11711711712 1.0 0.740579143612 0.533687102026 
0.830830830831 1.0 0.738491823944 0.739757816754 
-1.55155155155 1.0 -0.999814825028 -0.826730157932 
0.03003003003 1.0 0.0300255167065 0.0102130471872 
8.73873873874 1.0 0.633477463068 0.404739814698 
-8.8988988989 1.0 -0.501973484202 -0.374255203864 
-9.51951951952 1.0 0.094599889559 -0.390344236316 
-9.41941941942 1.0 -0.00535851570584 -0.38809669482 
-6.23623623624 1.0 0.046931825201 -0.210580981947 
3.77377377377 1.0 -0.590905760288 -0.6609519802 
-6.8968968969 1.0 -0.575905704393 -0.26995957353 
-4.83483483483 1.0 0.99251286792 -0.0591450291054 
0.21021021021 1.0 0.208665487323 0.195738735767 
-1.77177177177 1.0 -0.979872320608 -0.769631545824 
-8.67867867868 1.0 -0.678779469621 -0.36715157977 
0.970970970971 1.0 0.825434213842 0.826627578451 
-1.71171171171 1.0 -0.990087845702 -0.78835700884 
-0.49049049049 1.0 -0.471058607419 -0.490314038798 
6.01601601602 1.0 -0.264002216892 -0.0742574276366 
-8.77877877878 1.0 -0.601996584369 -0.370482048888 
7.7977977978 1.0 0.998422103411 0.576748477728 
-0.670670670671 1.0 -0.62151153354 -0.625171869958 
0.950950950951 1.0 0.813968289004 0.815224454463 
-8.11811811812 1.0 -0.965318303844 -0.344975794076 
-9.57957957958 1.0 0.154184093352 -0.391635602387 
7.25725725726 1.0 0.827180739833 0.560045835012 
-4.75475475475 1.0 0.999102704803 -0.0518485994747 
-2.77277277277 1.0 -0.360514923027 -0.310399085239 
3.17317317317 1.0 -0.0315752704827 -0.0280745391839 
-2.49249249249 1.0 -0.604469813648 -0.443286770351 
-3.31331331331 1.0 0.170877953796 -0.117868389747 
-3.77377377377 1.0 0.590905760288 -0.0375837443612 
-5.73573573574 1.0 0.520511228445 -0.157348916796 
-3.89389389389 1.0 0.683320745574 -0.0281437207941 
-5.33533533534 1.0 0.812162990678 -0.112123467033 
-9.45945945946 1.0 0.034674546587 -0.389010292002 
-5.41541541542 1.0 0.762889004574 -0.121179055511 
-7.67767767768 1.0 -0.984498672401 -0.322644457822 
-3.93393393393 1.0 0.711999223182 -0.0259088366304 
-9.17917917918 1.0 -0.243137181641 -0.382182796354 
9.71971971972 1.0 -0.290684124469 0.132195780439 
-7.8978978979 1.0 -0.999035835857 -0.334406993998 
1.51151151151 1.0 0.998243169988 0.997437929098 
-8.27827827828 1.0 -0.911328515751 -0.351968001209 
6.87687687688 1.0 0.559424700424 0.462891595941 
4.45445445445 1.0 -0.966918909573 -1.02231850952 
-0.01001001001 1.0 -0.0100098428432 -0.0311950661666 
-1.11111111111 1.0 -0.89619220103 -0.822462142177 
-3.99399399399 1.0 0.752863081707 -0.0233557299811 
-4.09409409409 1.0 0.81486800406 -0.0210947883513 
0.0500500500501 1.0 0.0500291567086 0.0309381456947 
7.15715715716 1.0 0.766884055736 0.542287446467 
-2.93293293293 1.0 -0.207148878373 -0.242921045375 
-6.93693693694 1.0 -0.608168751487 -0.273112624987 
7.57757757758 1.0 0.96204298189 0.584373175313 
4.33433433433 1.0 -0.929384449502 -1.00005598144 
-6.21621621622 1.0 0.066919044364 -0.208572206492 
8.57857857858 1.0 0.748766641479 0.444495193765 
8.0980980981 1.0 0.970351253498 0.541687130229 
1.53153153153 1.0 0.999229236959 0.998544222363 
8.998998999 1.0 0.413030320922 0.335466919232 
6.41641641642 1.0 0.132837305145 0.228472092307 
-6.61661661662 1.0 -0.327287278425 -0.246452662506 
7.67767767768 1.0 0.984498672401 0.583077407102 
6.996996997 1.0 0.654719669029 0.502503449318 
5.05505505506 1.0 -0.941862214566 -0.863559260998 
-3.03303303303 1.0 -0.108346513523 -0.20492208769 
-5.63563563564 1.0 0.603233924101 -0.146124653333 
-6.6966966967 1.0 -0.401827232414 -0.253425871207 
-8.43843843844 1.0 -0.834011915114 -0.358417253418 
-0.33033033033 1.0 -0.32435551719 -0.349549421492 
-7.01701701702 1.0 -0.669720024621 -0.27926641125 
5.87587587588 1.0 -0.396140311588 -0.195458621346 
-5.57557557558 1.0 0.650019222236 -0.139340955858 
-4.49449449449 1.0 0.976354771373 -0.0322724294481 
0.570570570571 1.0 0.540112324789 0.538443743446 
8.11811811812 1.0 0.965318303844 0.538515750214 
9.25925925926 1.0 0.164763965562 0.262758159582 
-5.01501501502 1.0 0.954557149695 -0.077082137536 
-4.01401401401 1.0 0.765888052358 -0.0227096112663 
-4.31431431431 1.0 0.921809046742 -0.0237568200544 
9.83983983984 1.0 -0.403246556161 0.0986357541802 
1.77177177177 1.0 0.979872320608 0.982899110448 
-3.83383383383 1.0 0.63826408348 -0.0323359111956 
4.41441441441 1.0 -0.955933085822 -1.01701211621 
-6.63663663664 1.0 -0.346137843492 -0.248215207448 
-8.5985985986 1.0 -0.735347535638 -0.364359581466 
-0.810810810811 1.0 -0.724845989014 -0.709422161238 
-2.33233233233 1.0 -0.723776968945 -0.523268975787 
3.37337337337 1.0 -0.229710988177 -0.250679202381 
4.69469469469 1.0 -0.999843460211 -1.01034475251 
5.01501501502 1.0 -0.954557149695 -0.886548874385 
-6.996996997 1.0 -0.654719669029 -0.277746927786 
2.39239239239 1.0 0.681053382124 0.708051830588 
-3.53353353353 1.0 0.381982835353 -0.0701328787684 
-4.73473473473 1.0 0.99975034402 -0.0501039592654 
-6.81681681682 1.0 -0.508663293061 -0.263500140357 
-1.69169169169 1.0 -0.992701051804 -0.794106745111 
5.03503503504 1.0 -0.948399735659 -0.875239379534 
3.03303303303 1.0 0.108346513523 0.12528612406 
-4.61461461461 1.0 0.995223893414 -0.0404094301347 
5.75575575576 1.0 -0.503313872361 -0.302423025293 
-3.97397397397 1.0 0.739536372707 -0.0241029352865 
1.67167167167 1.0 0.994916395419 0.995862812712 
-7.45745745746 1.0 -0.922408976872 -0.309592110186 
5.07507507508 1.0 -0.934947206573 -0.851517838428 
6.13613613614 1.0 -0.146519791772 0.02449476259 
-7.15715715716 1.0 -0.766884055736 -0.289552646397 
6.97697697698 1.0 0.639456909771 0.496498086314 
3.89389389389 1.0 -0.683320745574 -0.762666096394 
-4.25425425425 1.0 0.896879023055 -0.0220940102699 
7.27727727728 1.0 0.838264195546 0.562976464552 
1.69169169169 1.0 0.992701051804 0.994000929225 
9.0990990991 1.0 0.319952035985 0.307777226889 
-4.91491491491 1.0 0.979561626072 -0.0668888317215 
-3.69369369369 1.0 0.524477262156 -0.0463127465415 
-1.57157157157 1.0 -0.999999699498 -0.822935293319 
3.11311311311 1.0 0.0284756907485 0.0381984809426 
9.51951951952 1.0 -0.094599889559 0.18881372192 
-3.57357357357 1.0 0.41867057176 -0.0633501654453 
-1.15115115115 1.0 -0.91323356617 -0.830479365736 
-4.15415415415 1.0 0.848191426515 -0.0208442750666 
-7.1971971972 1.0 -0.791959659904 -0.292380321065 
5.995995996 1.0 -0.2832577738 -0.0912304873551 
8.35835835836 1.0 0.875475849797 0.493943471851 
0.01001001001 1.0 0.0100098428432 -0.0105019251133 
8.85885885886 1.0 0.536191852752 0.37335606733 
-5.61561561562 1.0 0.61907922661 -0.143866667788 
1.07107107107 1.0 0.877714248189 0.878411617913 
-1.47147147147 1.0 -0.995071340501 -0.838780202005 
1.99199199199 1.0 0.912600742763 0.922799357808 
9.43943943944 1.0 -0.0146609534063 0.211584988416 
-6.5965965966 1.0 -0.308305540605 -0.244677318381 
-7.7977977978 1.0 -0.998422103411 -0.329214213795 
3.33333333333 1.0 -0.190567962875 -0.206311091658 
-0.850850850851 1.0 -0.75184168035 -0.729895286173 
6.73673673674 1.0 0.438160658811 0.405548482376 
-1.23123123123 1.0 -0.942899611382 -0.84167341139 
2.61261261261 1.0 0.504653050544 0.536662408517 
-7.3973973974 1.0 -0.897563688968 -0.305796392008 
-0.510510510511 1.0 -0.488622728493 -0.506634960901 
1.55155155155 1.0 0.999814825028 0.99927666094 
-9.5995995996 1.0 0.173932497848 -0.392056817867 
-9.35935935936 1.0 -0.0653719505576 -0.386688855394 
8.51851851852 1.0 0.787202470352 0.458650973542 
2.59259259259 1.0 0.521834495241 0.553670306066 
6.67667667668 1.0 0.38341529066 0.377220209607 
2.03203203203 1.0 0.895503224543 0.907319189992 
7.01701701702 1.0 0.669720024621 0.508274458822 
1.59159159159 1.0 0.999783786273 0.999622719252 
-8.81881881882 1.0 -0.569550710787 -0.371766259166 
7.75775775776 1.0 0.995374053792 0.579404554822 
6.63663663664 1.0 0.346137843492 0.357075194238 
-4.07407407407 1.0 0.803100948886 -0.0213571645615 
-2.79279279279 1.0 -0.341770182763 -0.301556163646 
-7.55755755756 1.0 -0.956387136503 -0.315690866048 
-7.35735735736 1.0 -0.879195966573 -0.30320797674 
-5.21521521522 1.0 0.87622408965 -0.0986850823067 
5.83583583584 1.0 -0.432577348176 -0.230907430881 
-9.13913913914 1.0 -0.281770446506 -0.381121172177 
4.85485485485 1.0 -0.989868890237 -0.962633071362 
-2.61261261261 1.0 -0.504653050544 -0.384600843593 
0.810810810811 1.0 0.724845989014 0.726041532746 
-1.49149149149 1.0 -0.996857019318 -0.836249848094 
-3.25325325325 1.0 0.111428711879 -0.134039298206 
-3.59359359359 1.0 0.436766402789 -0.0601694797401 
8.47847847848 1.0 0.811257411747 0.46782598692 
-1.91191191191 1.0 -0.942382045726 -0.718284940695 
9.53953953954 1.0 -0.114509838728 0.183126977646 
-0.45045045045 1.0 -0.435371096772 -0.456763360364 
-2.29229229229 1.0 -0.750818471552 -0.543231570307 
-3.19319319319 1.0 0.0515776439174 -0.151576331525 
-7.37737737738 1.0 -0.888557889358 -0.304508019868 
6.15615615616 1.0 -0.126687794244 0.04037556982 
-8.0980980981 1.0 -0.970351253498 -0.344061758805 
1.43143143143 1.0 0.99030442098 0.989263776571 
-8.93893893894 1.0 -0.466950456861 -0.37546092522 
-2.87287287287 1.0 -0.265497380359 -0.26731766229 
-0.47047047047 1.0 -0.453305691794 -0.473687056404 
-5.3953953954 1.0 0.775678794758 -0.118910923554 
1.01101101101 1.0 0.84736912878 0.848396190005 
0.630630630631 1.0 0.589654207656 0.589074563735 
8.55855855856 1.0 0.761885650774 0.449264046793 
-5.03503503504 1.0 0.948399735659 -0.079178299841 
0.41041041041 1.0 0.398985690337 0.393191099381 
4.29429429429 1.0 -0.913864194148 -0.988417018607 
8.63863863864 1.0 0.707630665292 0.429906055852 
8.71871871872 1.0 0.648840196822 0.409851313236 
-3.07307307307 1.0 -0.0684659772958 -0.190704573014 
-5.65565565566 1.0 0.587146852786 -0.148378807938 
-6.0960960961 1.0 0.185999691898 -0.196285086194 
-8.25825825826 1.0 -0.919387180273 -0.351124418566 
2.87287287287 1.0 0.265497380359 0.29271881525 
-9.4994994995 1.0 0.0746520259067 -0.389904383221 
-2.51251251251 1.0 -0.588401237484 -0.433382685795 
7.03703703704 1.0 0.684451964588 0.513813124048 
-2.21221221221 1.0 -0.801249393857 -0.582727383052 
1.17117117117 1.0 0.921206900567 0.921242248655 
2.07207207207 1.0 0.876970223046 0.890469269248 
1.03103103103 1.0 0.857829327634 0.858755718496 
-8.01801801802 1.0 -0.986576173517 -0.340313553533 
-9.33933933934 1.0 -0.0853347124856 -0.386209388447 
3.43343343343 1.0 -0.28771565565 -0.316665359028 
3.05305305305 1.0 0.0884239650333 0.103682442295 
1.27127127127 1.0 0.955476737061 0.954881944763 
-3.05305305305 1.0 -0.0884239650333 -0.197741395012 
-0.37037037037 1.0 -0.361960713579 -0.386298541636 
0.590590590591 1.0 0.556851671602 0.555574624332 
4.35435435435 1.0 -0.936587366299 -1.00508696843 
5.27527527528 1.0 -0.845718424022 -0.713408543701 
0.510510510511 1.0 0.488622728493 0.485609644689 
6.23623623624 1.0 -0.046931825201 0.102025648144 
-1.67167167167 1.0 -0.994916395419 -0.799598302165 
-6.31631631632 1.0 -0.0331249483513 -0.218499696559 
0.33033033033 1.0 0.32435551719 0.315908292996 
-4.85485485485 1.0 0.989868890237 -0.061042129407 
8.2982982983 1.0 0.902904601864 0.506122092003 
2.77277277277 1.0 0.360514923027 0.391245709177 
-1.01101101101 1.0 -0.84736912878 -0.795203120319 
-4.27427427427 1.0 0.905553075921 -0.022576103135 
-0.610610610611 1.0 -0.573367839051 -0.583344226827 
-8.03803803804 1.0 -0.983109384216 -0.341264560795 
-4.99499499499 1.0 0.960331988856 -0.0750037449177 
-6.73673673674 1.0 -0.438160658811 -0.256835393403 
7.37737737738 1.0 0.888557889358 0.574671145612 
-1.29129129129 1.0 -0.961192106815 -0.845940434405 
-2.03203203203 1.0 -0.895503224543 -0.667334137652 
3.45345345345 1.0 -0.306830209454 -0.33845609559 
-8.05805805806 1.0 -0.979248576653 -0.342206215278 
4.87487487487 1.0 -0.986828185163 -0.954598666047 
3.63363363363 1.0 -0.472425730458 -0.527320761085 
-4.47447447447 1.0 0.971831589603 -0.0310916220284 
-7.93793793794 1.0 -0.996477739177 -0.336414529919 
4.93493493493 1.0 -0.975338684403 -0.92790134571 
-7.41741741742 1.0 -0.906209755988 -0.307073155498 
-5.23523523524 1.0 0.866401418913 -0.100907417436 
-9.67967967968 1.0 0.252150304413 -0.393696719074 
-8.45845845846 1.0 -0.822799547447 -0.359187040241 
5.41541541542 1.0 -0.762889004574 -0.60136184508 
-9.43943943944 1.0 0.0146609534063 -0.388555956306 
2.19219219219 1.0 0.813066617154 0.831835141924 
-2.55255255255 1.0 -0.555563147622 -0.413705064645 
-2.65265265265 1.0 -0.469690351946 -0.36553619533 
5.91591591592 1.0 -0.359068265792 -0.160316004618 
4.49449449449 1.0 -0.976354771373 -1.02551334928 
-9.1991991992 1.0 -0.223670498102 -0.382705171945 
8.7987987988 1.0 0.585891056576 0.38919304324 
0.25025025025 1.0 0.247646422081 0.236259755404 
-0.25025025025 1.0 -0.247646422081 -0.273457261151 
-2.89289289289 1.0 -0.246143932464 -0.259058264208 
-4.21421421421 1.0 0.878456163293 -0.0213560527592 
-7.11711711712 1.0 -0.740579143612 -0.286675833078 
2.11211211211 1.0 0.857031446499 0.872262800349 
6.45645645646 1.0 0.172405433055 0.254055891616 
0.690690690691 1.0 0.637069722791 0.637323724483 
-1.37137137137 1.0 -0.980180659514 -0.846338579947 
1.37137137137 1.0 0.980180659514 0.979187919242 
3.81381381381 1.0 -0.622725447279 -0.696311734641 
9.87987987988 1.0 -0.439553861488 0.0875439454543 
0.27027027027 1.0 0.266991905564 0.256360849728 
7.2972972973 1.0 0.849011685183 0.565706244294 
8.5985985986 1.0 0.735347535638 0.439678206145 
-6.75675675676 1.0 -0.456067581459 -0.258520863582 
-6.85685685686 1.0 -0.542719485852 -0.266755466477 
8.6986986987 1.0 0.66394288333 0.414925119725 
7.13713713714 1.0 0.753882673169 0.538096696282 
3.29329329329 1.0 -0.151119458915 -0.16176455769 
1.85185185185 1.0 0.960763202681 0.96601072783 
-7.21721721722 1.0 -0.804023831509 -0.293775855822 
5.71571571572 1.0 -0.537499969971 -0.338332195974 
6.71671671672 1.0 0.42007812671 0.396357456087 
-5.25525525526 1.0 0.856231505045 -0.103137707594 
-7.85785785786 1.0 -0.999992487454 -0.332359992952 
4.57457457457 1.0 -0.990518615549 -1.02561222241 
2.97297297297 1.0 0.167821766571 0.189287083355 
-6.37637637638 1.0 -0.0930562402792 -0.224313568748 
-9.3993993994 1.0 -0.0253758371902 -0.387632457728 
-5.995995996 1.0 0.2832577738 -0.18575626441 
-9.63963963964 1.0 0.213212289782 -0.392885668916 
-2.69269269269 1.0 -0.433974744115 -0.346789562417 
-0.15015015015 1.0 -0.149586594914 -0.174435495087 
-2.67267267267 1.0 -0.451923110669 -0.356120701212 
4.39439439439 1.0 -0.949864345085 -1.01356570674 
6.1961961962 1.0 -0.0868794431893 0.0715862115805 
-8.35835835836 1.0 -0.875475849797 -0.355258219122 
-1.03103103103 1.0 -0.857829327634 -0.801486448375 
-2.25225225225 1.0 -0.776656419186 -0.563070314142 
0.43043043043 1.0 0.417262010319 0.412074686652 
-8.998998999 1.0 -0.413030320922 -0.377222431248 
2.17217217217 1.0 0.824557973258 0.842439472599 
-8.31831831832 1.0 -0.894118814814 -0.353629790405 
-8.95895895896 1.0 -0.449154692451 -0.376054310848 
-2.43243243243 1.0 -0.651196684992 -0.473187729254 
2.09209209209 1.0 0.867174611281 0.881534762844 
4.95495495495 1.0 -0.970724838874 -0.918163450465 
1.41141141141 1.0 0.987325090799 0.98628117448 
-3.67367367367 1.0 0.507327764109 -0.0488165344671 
2.41241241241 1.0 0.666258547712 0.693947134118 
2.71271271271 1.0 0.415852445773 0.447653269586 
-9.47947947948 1.0 0.054674242632 -0.38945975131 
-4.03403403403 1.0 0.778606064409 -0.0221625180698 
6.91691691692 1.0 0.592155892373 0.477057029524 
6.77677677678 1.0 0.473791717778 0.423177353579 
-0.21021021021 1.0 -0.208665487323 -0.23429839714 
0.49049049049 1.0 0.471058607419 0.467541759905 
7.35735735736 1.0 0.879195966573 0.572717575503 
0.45045045045 1.0 0.435371096772 0.430766405852 
4.63463463463 1.0 -0.996978653508 -1.0202556216 
-5.17517517518 1.0 0.894812095251 -0.0942674307028 
-4.37437437437 1.0 0.943414910292 -0.0260406934154 
9.85985985986 1.0 -0.421484671785 0.0930833372906 
4.53453453453 1.0 -0.984225545624 -1.02660616996 
-2.71271271271 1.0 -0.415852445773 -0.33754742871 
-2.75275275275 1.0 -0.379115173303 -0.319347953892 
-5.2952952953 1.0 0.834866389361 -0.107619122668 
7.5975975976 1.0 0.967313252172 0.584421480337 
-2.57257257257 1.0 -0.53880679503 -0.403943116658 
8.15815815816 1.0 0.9540939133 0.531901422544 
7.91791791792 1.0 0.997956771974 0.565751567998 
-4.93493493493 1.0 0.975338684403 -0.0688856044544 
-4.19419419419 1.0 0.868714740054 -0.0211041179075 
4.89489489489 1.0 -0.983391971377 -0.946126849928 
1.95195195195 1.0 0.928235370545 0.936896927737 
-1.09109109109 1.0 -0.887131000257 -0.817838902652 
6.61661661662 1.0 0.327287278425 0.346625081434 
7.97797797798 1.0 0.992322298019 0.558674152208 
9.57957957958 1.0 -0.154184093352 0.171765614029 
5.85585585586 1.0 -0.41444188151 -0.213149328048 
-5.83583583584 1.0 0.432577348176 -0.168428884871 
0.17017017017 1.0 0.169350063744 0.15486067408 
0.0700700700701 1.0 0.0700127456343 0.0516617727488 
-0.970970970971 1.0 -0.825434213842 -0.78138223533 
3.61361361361 1.0 -0.454687183165 -0.507142854735 
-1.85185185185 1.0 -0.960763202681 -0.741496824357 
-9.83983983984 1.0 0.403246556161 -0.396770040766 
2.35235235235 1.0 0.709818357066 0.735338202336 
2.25225225225 1.0 0.776656419186 0.798058434114 
-8.1981981982 1.0 -0.941340119153 -0.348542059151 
5.31531531532 1.0 -0.823679750423 -0.682467918764 
4.43443443443 1.0 -0.961618700226 -1.0199296256 
-7.13713713714 1.0 -0.753882673169 -0.288120406207 
-4.35435435435 1.0 0.936587366299 -0.0252135320428 
-4.81481481481 1.0 0.994759058541 -0.0572758572501 
-5.67567567568 1.0 0.570824460166 -0.150628711323 
9.03903903904 1.0 0.376243865658 0.3244435894 
-6.67667667668 1.0 -0.38341529066 -0.251701825618 
5.17517517518 1.0 -0.894812095251 -0.786230301358 
-9.65965965966 1.0 0.232727934358 -0.393293396381 
-1.63163163163 1.0 -0.998150103477 -0.809778269581 
-3.37337337337 1.0 0.229710988177 -0.103061583565 
9.33933933934 1.0 0.0853347124856 0.240048707911 
-7.51751751752 1.0 -0.943927941216 -0.313285083523 
4.55455455455 1.0 -0.987569983594 -1.0263688699 
-5.07507507508 1.0 0.934947206573 -0.0834199334803 
4.21421421421 1.0 -0.878456163293 -0.958890805643 
5.35535535536 1.0 -0.800320725902 -0.650624125299 
7.05705705706 1.0 0.698909584547 0.519121530558 
9.11911911912 1.0 0.30092154409 0.302190963682 
6.25625625626 1.0 -0.0269257963344 0.116943400806 
-6.2962962963 1.0 -0.0131106134944 -0.216537699949 
7.21721721722 1.0 0.804023831509 0.553571362474 
-2.91291291291 1.0 -0.226691833081 -0.250925129565 
5.63563563564 1.0 -0.603233924101 -0.410040069939 
5.8958958959 1.0 -0.377679973455 -0.177844513654 
-5.55555555556 1.0 0.665101514979 -0.137074141801 
-5.81581581582 1.0 0.450539443112 -0.166226524679 
5.33533533534 1.0 -0.812162990678 -0.666653323995 
5.5955955956 1.0 -0.634676409709 -0.445667032436 
-5.93593593594 1.0 0.340312647942 -0.179323249319 
-9.6996996997 1.0 0.271471615699 -0.394095681947 
-7.61761761762 1.0 -0.972195835089 -0.319216596537 
-3.39339339339 1.0 0.249148316352 -0.0984273987506 
3.79379379379 1.0 -0.606937230307 -0.678804488918 
1.83183183183 1.0 0.96612325186 0.970770659109 
-3.73373373373 1.0 0.558138856901 -0.0416946089904 
5.1951951952 1.0 -0.885695580449 -0.772226920582 
-8.47847847848 1.0 -0.811257411747 -0.359948977109 
5.65565565566 1.0 -0.587146852786 -0.392153524497 
-7.27727727728 1.0 -0.838264195546 -0.29788988074 
-2.45245245245 1.0 -0.635873830576 -0.463195488579 
-6.91691691692 1.0 -0.592155892373 -0.271542469404 
-9.97997997998 1.0 0.527114985665 -0.399247627265 
-9.7997997998 1.0 0.366292850383 -0.396026644858 
8.17817817818 1.0 0.947906971008 0.528462791338 
4.05405405405 1.0 -0.791012020637 -0.875657493611 
-7.87787787788 1.0 -0.99971449835 -0.333388463248 
9.91991991992 1.0 -0.475156566095 0.0765061249052 
1.25125125125 1.0 0.949378423874 0.948897418549 
-1.87187187187 1.0 -0.955018091318 -0.733947816172 
1.73173173173 1.0 0.987077824457 0.989178484229 
-9.15915915916 1.0 -0.26250641876 -0.381654814849 
-5.47547547548 1.0 0.722706208904 -0.127991846295 
-2.13213213213 1.0 -0.846544793956 -0.621259643193 
9.7997997998 1.0 -0.366292850383 0.109777708581 
-1.89189189189 1.0 -0.948890220341 -0.726207955891 
-1.41141141141 1.0 -0.987325090799 -0.84435706467 
4.99499499499 1.0 -0.960331988856 -0.897478624937 
-1.19119119119 1.0 -0.928811026462 -0.836874919393 
-2.19219219219 1.0 -0.813066617154 -0.592469401006 
4.27427427427 1.0 -0.905553075921 -0.981812712083 
-6.51651651652 1.0 -0.231219739195 -0.237448480683 
-7.65765765766 1.0 -0.980790267476 -0.321512594926 
1.79179179179 1.0 0.975679725882 0.979216222241 
-0.790790790791 1.0 -0.710909644644 -0.698574752494 
-0.710710710711 1.0 -0.65237258226 -0.651194530864 
9.47947947948 1.0 -0.054674242632 0.200195914282 
5.47547547548 1.0 -0.722706208904 -0.550576356106 
-7.23723723724 1.0 -0.81576576016 -0.295159258077 
-1.43143143143 1.0 -0.99030442098 -0.842839713494 
-7.43743743744 1.0 -0.914492625181 -0.308338373545 
9.21921921922 1.0 0.204114170152 0.274073841607 
1.31131131131 1.0 0.966522242485 0.965729424717 
7.61761761762 1.0 0.972195835089 0.584313304308 
0.19019019019 1.0 0.189045659132 0.175339142365 
7.41741741742 1.0 0.906209755988 0.578019567482 
9.65965965966 1.0 -0.232727934358 0.149109695133 
3.27327327327 1.0 -0.131300397197 -0.139456793868 
-0.630630630631 1.0 -0.589654207656 -0.597650965475 
6.21621621622 1.0 -0.066919044364 0.0869049466443 
1.97197197197 1.0 0.920602539794 0.930021757062 
0.550550550551 1.0 0.523156507537 0.52106792411 
0.0900900900901 1.0 0.0899682743046 0.0723724484172 
3.83383383383 1.0 -0.63826408348 -0.713462400502 
2.79279279279 1.0 0.341770182763 0.37197521422 
-1.27127127127 1.0 -0.955476737061 -0.844903521224 
4.07407407407 1.0 -0.803100948886 -0.88776158206 
0.770770770771 1.0 0.69668837635 0.69767206729 
4.75475475475 1.0 -0.999102704803 -0.995998568894 
-8.63863863864 1.0 -0.707630665292 -0.365770065619 
-5.1951951952 1.0 0.885695580449 -0.0964714853818 
4.71471471471 1.0 -0.999997295481 -1.00604890297 
-0.35035035035 1.0 -0.343226895963 -0.368041426241 
-9.27927927928 1.0 -0.144985860003 -0.38473970551 
-9.91991991992 1.0 0.475156566095 -0.398208990753 
-1.51151151151 1.0 -0.998243169988 -0.833393869653 
-6.01601601602 1.0 0.264002216892 -0.187881879888 
8.53853853854 1.0 0.774699305584 0.453983177521 
-1.21121121121 1.0 -0.936042896216 -0.839472097495 
-6.43643643644 1.0 -0.152651959622 -0.23001749485 
-6.17617617618 1.0 0.106805021793 -0.204520593884 
2.63263263263 1.0 0.487269347053 0.519383940494 
-0.27027027027 1.0 -0.266991905564 -0.292776028855 
9.8998998999 1.0 -0.45744688336 0.0820180534005 
-0.930930930931 1.0 -0.802176135594 -0.765887522489 
-6.41641641642 1.0 -0.132837305145 -0.228128528589 
-3.43343343343 1.0 0.28771565565 -0.0896074927301 
5.73573573574 1.0 -0.520511228445 -0.320373451032 
2.37237237237 1.0 0.695575258639 0.721849693815 
8.65865865866 1.0 0.693344009372 0.424953947223 
-1.83183183183 1.0 -0.96612325186 -0.748847313214 
8.43843843844 1.0 0.834011915114 0.476775684878 
4.51451451451 1.0 -0.980486642048 -1.02632169103 
-3.35335335335 1.0 0.210181594637 -0.107846139307 
-7.53753753754 1.0 -0.950347982805 -0.314493549937 
-8.85885885886 1.0 -0.536191852752 -0.373023811927 
2.69269269269 1.0 0.433974744115 0.465969042558 
9.45945945946 1.0 -0.034674546587 0.205889952418 
0.750750750751 1.0 0.682187883844 0.683028473657 
9.17917917918 1.0 0.243137181641 0.285353952209 
-5.11511511512 1.0 0.919995965877 -0.0877208803022 
7.0970970971 1.0 0.726978798959 0.529056263707 
3.73373373373 1.0 -0.558138856901 -0.624257780833 
0.710710710711 1.0 0.65237258226 0.652848943049 
7.17717717718 1.0 0.779578080518 0.546261802805 
-5.51551551552 1.0 0.694460468753 -0.132534990563 
9.13913913914 1.0 0.281770446506 0.29659100195 
6.31631631632 1.0 0.0331249483513 0.16043359547 
5.81581581582 1.0 -0.450539443112 -0.248723530548 
9.95995995996 1.0 -0.509997599178 0.0655259597743 
-0.0500500500501 1.0 -0.0500291567086 -0.0724685649673 
-8.21821821822 1.0 -0.934395989648 -0.349411519414 
-6.71671671672 1.0 -0.42007812671 -0.255137062102 
-3.21321321321 1.0 0.0715593456609 -0.145579150736 
5.95595595596 1.0 -0.32142063693 -0.125550726877 
6.8968968969 1.0 0.575905704393 0.470095855243 
-5.71571571572 1.0 0.537499969971 -0.155114152085 
-8.17817817818 1.0 -0.947906971008 -0.347663828926 
-0.570570570571 1.0 -0.540112324789 -0.553672686357 
-6.95695695696 1.0 -0.623937863975 -0.274670066909 
2.45245245245 1.0 0.635873830576 0.66482784665 
-3.75375375375 1.0 0.574637462441 -0.0395766847619 
-9.11911911912 1.0 -0.30092154409 -0.380581812664 
6.95695695696 1.0 0.623937863975 0.490256441674 
7.07707707708 1.0 0.713087090062 0.524201835626 
4.37437437437 1.0 -0.943414910292 -1.00959049765 
1.91191191191 1.0 0.942382045726 0.949599391091 
3.97397397397 1.0 -0.739536372707 -0.822645096069 
7.45745745746 1.0 0.922408976872 0.580641606726 
9.97997997998 1.0 -0.527114985665 0.0600585971875 
0.530530530531 1.0 0.505991015532 0.503454161211 
2.01201201201 1.0 0.904233186475 0.915231303871 
6.85685685686 1.0 0.542719485852 0.455442803444 
-7.2972972973 1.0 -0.849011685183 -0.299237212114 
-4.95495495495 1.0 0.970724838874 -0.0709044121783 
-0.29029029029 1.0 -0.286230381945 -0.311905352289 
2.43243243243 1.0 0.651196684992 0.679538228212 
-1.97197197197 1.0 -0.920602539794 -0.693494280806 
4.65465465465 1.0 -0.998333836705 -1.01745267863 
6.81681681682 1.0 0.508663293061 0.439806389065 
6.0960960961 1.0 -0.185999691898 -0.00778817338966 
3.21321321321 1.0 -0.0715593456609 -0.072547132053 
5.93593593594 1.0 -0.340312647942 -0.14288188424 
8.61861861862 1.0 0.721633711464 0.434814647169 
6.11611611612 1.0 -0.166293065952 0.0084381204286 
9.55955955956 1.0 -0.13437389375 0.177444051494 
0.910910910911 1.0 0.790062479764 0.791396784423 
-9.73973973974 1.0 0.309780130585 -0.394880706076 
1.33133133133 1.0 0.971465007816 0.970591077737 
4.13413413413 1.0 -0.837417761709 -0.921205544927 
8.31831831832 1.0 0.894118814814 0.502132683098 
-6.05605605606 1.0 0.225181436261 -0.192103730112 
4.25425425425 1.0 -0.896879023055 -0.974688292018 
-0.03003003003 1.0 -0.0300255167065 -0.0518545746733 
7.53753753754 1.0 0.950347982805 0.583796036528 
6.6966966967 1.0 0.401827232414 0.386914781216 
-1.65165165165 1.0 -0.996732988666 -0.804824507634 
1.13113113113 1.0 0.904894218889 0.90520183101 
8.8988988989 1.0 0.501973484202 0.362654119477 
-0.910910910911 1.0 -0.790062479764 -0.757513245764 
1.19119119119 1.0 0.928811026462 0.928711334723 
5.4954954955 1.0 -0.708725363073 -0.533362623363 
8.41841841842 1.0 0.844890020967 0.481161740622 
2.49249249249 1.0 0.604469813648 0.63451418886 
9.73973973974 1.0 -0.309780130585 0.126575814089 
-9.75975975976 1.0 0.328751980598 -0.395266855272 
-8.91891891892 1.0 -0.484559073218 -0.374861242979 
-7.997997998 1.0 -0.989647555109 -0.339353120185 
0.47047047047 1.0 0.453305691794 0.449258087952 
-0.590590590591 1.0 -0.556851671602 -0.568682372952 
-8.57857857858 1.0 -0.748766641479 -0.363643310123 
-7.77777777778 1.0 -0.997097890944 -0.328145254978 
-0.750750750751 1.0 -0.682187883844 -0.675674741953 
-1.25125125125 1.0 -0.949378423874 -0.843482570836 
-2.39239239239 1.0 -0.681053382124 -0.493216060673 
-7.03703703704 1.0 -0.684451964588 -0.280773309914 
8.83883883884 1.0 0.552982096013 0.378665119943 
9.31931931932 1.0 0.105263273301 0.245733666458 
-7.5975975976 1.0 -0.967313252172 -0.318052320418 
-9.61961961962 1.0 0.193611192318 -0.392473491327 
4.01401401401 1.0 -0.765888052358 -0.850055503495 
6.03603603604 1.0 -0.244640851113 -0.0574193668268 
-9.2992992993 1.0 -0.125149645879 -0.385234865609 
9.05905905906 1.0 0.357620745349 0.318904581488 
-1.07107107107 1.0 -0.877714248189 -0.812803018005 
-2.99299299299 1.0 -0.148053371305 -0.21970842162 
2.83283283283 1.0 0.303877337824 0.332768699572 
8.01801801802 1.0 0.986576173517 0.553415785365 
6.53653653654 1.0 0.250649611665 0.302319457656 
2.65265265265 1.0 0.469690351946 0.501839192596 
3.31331331331 1.0 -0.170877953796 -0.184053607657 
-9.37937937938 1.0 -0.0453829883483 -0.387163194801 
-8.83883883884 1.0 -0.552982096013 -0.372398336542 
5.43543543544 1.0 -0.749793457774 -0.584587387439 
5.77577577578 1.0 -0.485914794209 -0.284491184729 
-5.05505505506 1.0 0.941862214566 -0.081291225919 
-2.85285285285 1.0 -0.284744420138 -0.275700366044 
5.6956956957 1.0 -0.554273288059 -0.356288846322 
-5.87587587588 1.0 0.396140311588 -0.172810970074 
7.93793793794 1.0 0.996477739177 0.563503639753 
2.75275275275 1.0 0.379115173303 0.410286094586 
-4.69469469469 1.0 0.999843460211 -0.0467194714104 
-6.7967967968 1.0 -0.491325964149 -0.261853230648 
8.4984984985 1.0 0.799390133963 0.463265797511 
6.43643643644 1.0 0.152651959622 0.241383250127 
7.73773773774 1.0 0.993251282848 0.580531656337 
-5.45545545546 1.0 0.736397402892 -0.125720100828 
0.730730730731 1.0 0.667413978747 0.668085677448 
6.51651651652 1.0 0.231219739195 0.290621253582 
-4.67467467467 1.0 0.999288899866 -0.045082424307 
4.23423423423 1.0 -0.887845512006 -0.967046582152 
6.07607607608 1.0 -0.205631771434 -0.0241776838981 
0.610610610611 1.0 0.573367839051 0.572453766485 
5.61561561562 1.0 -0.61907922661 -0.427881575736 
-2.27227227227 1.0 -0.763890524376 -0.553170008643 
3.19319319319 1.0 -0.0515776439174 -0.0502894603483 
-7.47747747748 1.0 -0.929955638285 -0.310834430239 
-5.31531531532 1.0 0.823679750423 -0.109868782625 
9.81981981982 1.0 -0.384846824231 0.104200710298 
-2.53253253253 1.0 -0.572096837274 -0.423520162428 
-3.85385385385 1.0 0.653546911213 -0.0308238523187 
-4.41441441441 1.0 0.955933085822 -0.0278834262595 
-2.47247247247 1.0 -0.620296125676 -0.453226415495 
-8.13813813814 1.0 -0.959898466376 -0.345880768994 
-2.01201201201 1.0 -0.904233186475 -0.676193402289 
3.23323323323 1.0 -0.0915123672906 -0.0948356776103 
1.75175175175 1.0 0.983672194447 0.986220293823 
-2.05205205205 1.0 -0.886414355831 -0.658346010156 
4.17417417417 1.0 -0.858625146533 -0.941051950746 
0.31031031031 1.0 0.305354140677 0.296194735048 
1.29129129129 1.0 0.961192106815 0.960492852152 
-0.950950950951 1.0 -0.813968289004 -0.773844045038 
-5.35535535536 1.0 0.800320725902 -0.114382492138 
-9.21921921922 1.0 -0.204114170152 -0.383221996454 
-8.07807807808 1.0 -0.974995298193 -0.343138590227 
-6.11611611612 1.0 0.166293065952 -0.198360116412 
2.93293293293 1.0 0.207148878373 0.231187774164 
7.71771771772 1.0 0.990730428893 0.581521278711 
2.85285285285 1.0 0.284744420138 0.312845743348 
7.63763763764 1.0 0.976688773762 0.584051405281 
-0.43043043043 1.0 -0.417262010319 -0.43955259701 
3.95395395395 1.0 -0.725913266541 -0.808281910031 
7.8978978979 1.0 0.999035835857 0.567885041855 
7.85785785786 1.0 0.999992487454 0.571798743147 
4.83483483483 1.0 -0.99251286792 -0.970222791629 
5.53553553554 1.0 -0.679917243139 -0.498575744203 
-9.01901901902 1.0 -0.39471619201 -0.377797284479 
4.03403403403 1.0 -0.778606064409 -0.863086396776 
-4.79479479479 1.0 0.996606561851 -0.0554358695149 
-6.35635635636 1.0 -0.0731057736575 -0.222387721018 
-3.11311311311 1.0 -0.0284756907485 -0.177068254306 
5.0950950951 1.0 -0.927657483133 -0.839124622838 
6.05605605606 1.0 -0.225181436261 -0.04072372606 
-3.81381381381 1.0 0.622725447279 -0.0339652780202 
3.57357357357 1.0 -0.41867057176 -0.466101071734 
7.51751751752 1.0 0.943927941216 0.583261637903 
-8.73873873874 1.0 -0.633477463068 -0.369170678028 
-7.97797797798 1.0 -0.992322298019 -0.338383187392 
-0.23023023023 1.0 -0.228201684929 -0.253960773228 
-7.33733733734 1.0 -0.869481672757 -0.301896201205 
-2.35235235235 1.0 -0.709818357066 -0.513258948024 
6.55655655656 1.0 0.269979026825 0.313770035944 
-0.730730730731 1.0 -0.667413978747 -0.663629954126 
-1.33133133133 1.0 -0.971465007816 -0.846879915079 
-2.41241241241 1.0 -0.666258547712 -0.483196753976 
9.2992992993 1.0 0.125149645879 0.251414127998 
6.93693693694 1.0 0.608168751487 0.48377667319 
3.47347347347 1.0 -0.325821789448 -0.360121925397 
1.57157157157 1.0 0.999999699498 0.999635912063 
5.97597597598 1.0 -0.302399804444 -0.108330885661 
6.65665665666 1.0 0.36484968073 0.367273654133 
8.03803803804 1.0 0.983109384216 0.55063165953 
8.33833833834 1.0 0.884974675839 0.498072510346 
6.75675675676 1.0 0.456067581459 0.414488263703 
-2.23223223223 1.0 -0.789111039566 -0.572925218829 
-4.23423423423 1.0 0.887845512006 -0.021686674541 
-0.11011011011 1.0 -0.109887744787 -0.133917575297 
5.51551551552 1.0 -0.694460468753 -0.516025292 
2.99299299299 1.0 0.148053371305 0.16809781546 
-3.23323323323 1.0 0.0915123672906 -0.139733372144 
10.0 1.0 -0.544021110889 0.0546069465314 
-9.07907907908 1.0 -0.338854295004 -0.379485718316 
2.13213213213 1.0 0.846544793956 0.862655096276 
3.93393393393 1.0 -0.711999223182 -0.793491570987 
-3.27327327327 1.0 0.131300397197 -0.128497100631 
-5.95595595596 1.0 0.32142063693 -0.181476721351 
1.47147147147 1.0 0.995071340501 0.994101516873 
-7.4974974975 1.0 -0.93712958481 -0.312065399264 
-3.17317317317 1.0 0.0315752704827 -0.15772447774 
-5.27527527528 1.0 0.845718424022 -0.105375190146 
9.93993993994 1.0 -0.492675811867 0.0710086129326 
5.25525525526 1.0 -0.856231505045 -0.728512390103 
0.35035035035 1.0 0.343226895963 0.335473753673 
6.2962962963 1.0 0.0131106134944 0.146151660664 
-3.95395395395 1.0 0.725913266541 -0.0249532860055 
-8.71871871872 1.0 -0.648840196822 -0.368504648452 
1.09109109109 1.0 0.887131000257 0.887703057006 
4.97497497497 1.0 -0.965721938658 -0.908019717067 
7.23723723724 1.0 0.81576576016 0.556911682554 
-3.63363363363 1.0 0.472425730458 -0.0542221678737 
-8.4984984985 1.0 -0.799390133963 -0.360703132856 
-8.41841841842 1.0 -0.844890020967 -0.357639547491 
-6.03603603604 1.0 0.244640851113 -0.189997769986 
7.997997998 1.0 0.989647555109 0.556097394611 
-7.31731731732 1.0 -0.859418901282 -0.30057263281 
-2.31231231231 1.0 -0.737445499834 -0.533262189951 
3.35335335335 1.0 -0.210181594637 -0.228524004268 
-5.15515515516 1.0 0.903569980268 -0.0920737434998 
8.13813813814 1.0 0.959898466376 0.535253123657 
-1.53153153153 1.0 -0.999229236959 -0.830218514817 
-0.990990990991 1.0 -0.836569314705 -0.788501879555 
1.05105105105 1.0 0.867945718946 0.868761711117 
-9.25925925926 1.0 -0.164763965562 -0.384239209455 
9.23923923924 1.0 0.184476035731 0.268419989464 
5.57557557558 1.0 -0.650019222236 -0.463385341749 
2.89289289289 1.0 0.246143932464 0.272395131678 
-4.43443443443 1.0 0.961618700226 -0.0288953840923 
-4.59459459459 1.0 0.993070259711 -0.0389361244168 
-9.71971971972 1.0 0.290684124469 -0.394490329559 
1.39139139139 1.0 0.983950052752 0.982922559235 
0.890890890891 1.0 0.777632176518 0.778979257691 
-8.97897897898 1.0 -0.431178912314 -0.376641459712 
-6.87687687688 1.0 -0.559424700424 -0.268363913136 
-9.95995995996 1.0 0.509997599178 -0.398905199338 
9.75975975976 1.0 -0.328751980598 0.120965786301 
2.33233233233 1.0 0.723776968945 0.748514929679 
2.31231231231 1.0 0.737445499834 0.761377537272 
8.27827827828 1.0 0.911328515751 0.510038811936 
-2.73273273273 1.0 -0.397563478837 -0.328398785885 
9.5995995996 1.0 -0.173932497848 0.166092322365 
8.21821821822 1.0 0.934395989648 0.521333178737 
-7.83783783784 1.0 -0.999869691753 -0.331321509952 
-7.05705705706 1.0 -0.698909584547 -0.282267661182 
2.95295295295 1.0 0.187522900919 0.210319952313 
-5.85585585586 1.0 0.41444188151 -0.170623798326 
-3.55355355355 1.0 0.400406942668 -0.0666708341951 
5.2952952953 1.0 -0.834866389361 -0.698056703162 
-3.29329329329 1.0 0.151119458915 -0.12310682405 
-4.45445445445 1.0 0.966918909573 -0.0299653654985 
-0.530530530531 1.0 -0.505991015532 -0.522640789951 
-7.95795795796 1.0 -0.994599330244 -0.337403681769 
4.31431431431 1.0 -0.921809046742 -0.994498785381 
0.850850850851 1.0 0.75184168035 0.753155720762 
4.77477477477 1.0 -0.998054637396 -0.990255038086 
-8.33833833834 1.0 -0.884974675839 -0.354448139373 
3.91391391391 1.0 -0.69779981921 -0.77828315675 
-2.11211211211 1.0 -0.857031446499 -0.630685888823 
3.55355355355 1.0 -0.400406942668 -0.445263901377 
-3.09309309309 1.0 -0.0484805492288 -0.18381308899 
3.75375375375 1.0 -0.574637462441 -0.642765796164 
9.67967967968 1.0 -0.252150304413 0.143463294739 
1.63163163163 1.0 0.998150103477 0.998482331871 
1.61161161161 1.0 0.999167171889 0.999237898058 
1.93193193193 1.0 0.935496175869 0.943423316572 
-5.37537537538 1.0 0.788157702332 -0.116645193076 
8.77877877878 1.0 0.601996584369 0.394409314431 
8.45845845846 1.0 0.822799547447 0.472329853875 
-4.17417417417 1.0 0.858625146533 -0.0209328580328 
9.6996996997 1.0 -0.271471615699 0.137825129866 
7.47747747748 1.0 0.929955638285 0.581687221213 
8.37837837838 1.0 0.865626143701 0.489747438834 
4.09409409409 1.0 -0.81486800406 -0.899391839866 
8.67867867868 1.0 0.678779469621 0.419959812578 
-9.23923923924 1.0 -0.184476035731 -0.383733324294 
5.13513513514 1.0 -0.911965725448 -0.813321766001 
7.95795795796 1.0 0.994599330244 0.561143696546 
-0.650650650651 1.0 -0.605704250039 -0.611595685529 
-1.99199199199 1.0 -0.912600742763 -0.684916040026 
4.61461461461 1.0 -0.995223893414 -1.02255231998 
2.23223223223 1.0 0.789111039566 0.809642704298 
5.21521521522 1.0 -0.87622408965 -0.757932375823 
-1.61161161161 1.0 -0.999167171889 -0.814452581798 
6.17617617618 1.0 -0.106805021793 0.0560746117291 
-7.6976976977 1.0 -0.987812502254 -0.323765657592 
6.4964964965 1.0 0.211697196671 0.278676819537 
-6.57657657658 1.0 -0.289200237681 -0.242889198514 
-7.73773773774 1.0 -0.993251282848 -0.325976353061 
-6.47647647648 1.0 -0.19208980849 -0.233758075537 
-3.79379379379 1.0 0.606937230307 -0.0357139110687 
3.41341341341 1.0 -0.268485788917 -0.294763292446 
0.15015015015 1.0 0.149586594914 0.134313929471 
2.91291291291 1.0 0.226691833081 0.251882190485 
3.39339339339 1.0 -0.249148316352 -0.27276342147 
-6.65665665666 1.0 -0.36484968073 -0.24996493371 
-1.45145145145 1.0 -0.992886849216 -0.840978815886 
3.71371371371 1.0 -0.541416556108 -0.605440019437 
6.5965965966 1.0 0.308305540605 0.335923744767 
-4.11411411411 1.0 0.826308470068 -0.0209232094124 
-8.51851851852 1.0 -0.787202470352 -0.361449576004 
-6.25625625626 1.0 0.0269257963344 -0.212578233951 
2.51251251251 1.0 0.588401237484 0.61891700177 
8.25825825826 1.0 0.919387180273 0.51388089062 
-3.15315315315 1.0 0.0115602420643 -0.164023014818 
2.73273273273 1.0 0.397563478837 0.429090491254 
-8.65865865866 1.0 -0.693344009372 -0.366464411022 
8.87887887888 1.0 0.519186710331 0.368018651556 
2.57257257257 1.0 0.53880679503 0.570403536936 
4.11411411411 1.0 -0.826308470068 -0.910541838238 
-7.17717717718 1.0 -0.779578080518 -0.290972601545 
-5.53553553554 1.0 0.679917243139 -0.134805322074 
-1.59159159159 1.0 -0.999783786273 -0.8188405292 
-1.75175175175 1.0 -0.983672194447 -0.776112059055 
3.51351351351 1.0 -0.363405633971 -0.403024414054 
-4.13413413413 1.0 0.837417761709 -0.0208403835714 
8.75875875876 1.0 0.617860839267 0.39959202297 
-9.93993993994 1.0 0.492675811867 -0.398559000369 
-6.97697697698 1.0 -0.639456909771 -0.276214824116 
7.65765765766 1.0 0.980790267476 0.583638528906 
-0.31031031031 1.0 -0.305354140677 -0.330833633953 
5.45545545546 1.0 -0.736397402892 -0.567655083934 
-4.97497497497 1.0 0.965721938658 -0.0729441518037 
-4.65465465465 1.0 0.998333836705 -0.0434840862902 
-5.91591591592 1.0 0.359068265792 -0.177160963472 
9.15915915916 1.0 0.26250641876 0.290978338418 
-7.25725725726 1.0 -0.827180739833 -0.296530581426 
-3.91391391391 1.0 0.69779981921 -0.0269716351512 
-1.39139139139 1.0 -0.983950052752 -0.845525192374 
-9.81981981982 1.0 0.384846824231 -0.396400370859 
-4.51451451451 1.0 0.980486642048 -0.0335060881471 
-3.45345345345 1.0 0.306830209454 -0.0854202013273 
6.7967967968 1.0 0.491325964149 0.431616449835 
0.11011011011 1.0 0.109887744787 0.0930588200708 
1.87187187187 1.0 0.955018091318 0.960894574325 
9.4994994995 1.0 -0.0746520259067 0.194503600128 
-2.07207207207 1.0 -0.876970223046 -0.649236772511 
5.7957957958 1.0 -0.468320967329 -0.266588038542 
-0.890890890891 1.0 -0.777632176518 -0.748722164578 
0.790790790791 1.0 0.710909644644 0.712011382817 
-2.17217217217 1.0 -0.824557973258 -0.602143806266 
-9.77977977978 1.0 0.347592070824 -0.395648820534 
-0.550550550551 1.0 -0.523156507537 -0.538322820408 
-6.4964964965 1.0 -0.211697196671 -0.235609575569 
-0.41041041041 1.0 -0.398985690337 -0.422064697361 
-1.35135135135 1.0 -0.97601842181 -0.846791878591 
6.37637637638 1.0 0.0930562402792 0.20194439031 
4.81481481481 1.0 -0.994759058541 -0.977360812741 
8.1981981982 1.0 0.941340119153 0.524939346951 
9.1991991992 1.0 0.223670498102 0.279718805074 
-6.15615615616 1.0 0.126687794244 -0.202478028792 
-2.83283283283 1.0 -0.303877337824 -0.284203246447 
0.650650650651 1.0 0.605704250039 0.605430603486 
9.3993993994 1.0 0.0253758371902 0.222975077628 
-3.61361361361 1.0 0.454687183165 -0.0571273198568 
-6.55655655656 1.0 -0.269979026825 -0.241088330416 
5.67567567568 1.0 -0.570824460166 -0.374232849667 
5.3953953954 1.0 -0.775678794758 -0.617967044148 
-9.0990990991 1.0 -0.319952035985 -0.380036680215 
-7.91791791792 1.0 -0.997956771974 -0.335415658449 
5.23523523524 1.0 -0.866401418913 -0.743357285396 
-8.37837837838 1.0 -0.865626143701 -0.356060100231 
4.73473473473 1.0 -0.99975034402 -1.00126506533 
-3.13313313313 1.0 -0.00845941955823 -0.170471227044 
-3.87387387387 1.0 0.668567805308 -0.0294271216676 
2.05205205205 1.0 0.886414355831 0.899064632305 
9.37937937938 1.0 0.0453829883483 0.228668606162 
6.3963963964 1.0 0.112969411094 0.215324901304 
9.63963963964 1.0 -0.213212289782 0.154763738666 
8.97897897898 1.0 0.431178912314 0.340949045873 
-4.39439439439 1.0 0.949864345085 -0.0269312642111 
3.01301301301 1.0 0.128225638051 0.146761086652 
3.69369369369 1.0 -0.524477262156 -0.586324822651 
2.21221221221 1.0 0.801249393857 0.820902254276 
-0.17017017017 1.0 -0.169350063744 -0.194523738353 
-3.33333333333 1.0 0.190567962875 -0.112781599474 
3.65365365365 1.0 -0.489974935275 -0.54725239414 
-4.71471471471 1.0 0.999997295481 -0.0483937875692 
1.71171171171 1.0 0.990087845702 0.991772432034 
6.57657657658 1.0 0.289200237681 0.324971796203 
3.67367367367 1.0 -0.507327764109 -0.566924710238 
-3.41341341341 1.0 0.268485788917 -0.0939429475316 
-7.75775775776 1.0 -0.995374053792 -0.327065992186 
-2.59259259259 1.0 -0.521834495241 -0.394239898725 
9.61961961962 1.0 -0.193611192318 0.160424820336 
9.07907907908 1.0 0.338854295004 0.313348777024 
-6.13613613614 1.0 0.146519791772 -0.200424484757 
-1.13113113113 1.0 -0.904894218889 -0.826674833327 
2.55255255255 1.0 0.555563147622 0.586858190684 
8.81881881882 1.0 0.569550710787 0.383944541585 
-4.63463463463 1.0 0.996978653508 -0.0419259238969 
9.01901901902 1.0 0.39471619201 0.329964731363 
-4.57457457457 1.0 0.990518615549 -0.0375075524661 
-0.770770770771 1.0 -0.69668837635 -0.687324378061 
9.41941941942 1.0 0.00535851570584 0.217280281814 
-6.45645645646 1.0 -0.172405433055 -0.231894030401 
-2.15215215215 1.0 -0.835718856574 -0.611743077336 
3.53353353353 1.0 -0.381982835353 -0.424233832438 
-3.01301301301 1.0 -0.128225638051 -0.212245025354 
-8.23823823824 1.0 -0.927077365617 -0.350272281892 
9.77977977978 1.0 -0.347592070824 0.115366240576 
0.990990990991 1.0 0.836569314705 0.837685845837 
3.49349349349 1.0 -0.34468278404 -0.381649239194 
-9.31931931932 1.0 -0.105263273301 -0.385724742483 
-5.75575575576 1.0 0.503313872361 -0.159577884373 
-9.53953953954 1.0 0.114509838728 -0.390779358768 
-4.87487487487 1.0 0.986828185163 -0.0629659283802 
1.81181181181 1.0 0.971096090611 0.975172952924 
1.35135135135 1.0 0.97601842181 0.975077353884 
-6.07607607608 1.0 0.205631771434 -0.194199564543 
-5.13513513514 1.0 0.911965725448 -0.0898912705114 
-1.31131131131 1.0 -0.966522242485 -0.846597699697 
2.15215215215 1.0 0.835718856574 0.852713394811 
-7.57757757758 1.0 -0.96204298189 -0.316877099984 
1.15115115115 1.0 0.91323356617 0.913405221131 
3.09309309309 1.0 0.0484805492288 0.0601284010625 
7.4974974975 1.0 0.93712958481 0.582559631781 
6.27627627628 1.0 -0.00690897593668 0.131653542026 
-5.8958958959 1.0 0.377679973455 -0.174990116177 
-8.75875875876 1.0 -0.617860839267 -0.369829790219 
-1.79179179179 1.0 -0.975679725882 -0.762922243806 
-9.8998998999 1.0 0.45744688336 -0.397855130516 
4.79479479479 1.0 -0.996606561851 -0.984040386803 
-5.6956956957 1.0 0.554273288059 -0.152873957021 
2.53253253253 1.0 0.572096837274 0.603030533954 
5.37537537538 1.0 -0.788157702332 -0.634391591679 
-0.690690690691 1.0 -0.637069722791 -0.638373394146 
1.11111111111 1.0 0.89619220103 0.896633812294 
-3.47347347347 1.0 0.325821789448 -0.0813801484657 
4.15415415415 1.0 -0.848191426515 -0.931377326628 
-4.05405405405 1.0 0.791012020637 -0.0217123890621 
8.93893893894 1.0 0.466950456861 0.351848590563 
6.33633633634 1.0 0.0531260071326 0.174495433176 
-6.27627627628 1.0 0.00690897593668 -0.214563843928 
-1.95195195195 1.0 -0.928235370545 -0.70192035381 
7.77777777778 1.0 0.997097890944 0.578142620048 
-5.77577577578 1.0 0.485914794209 -0.161800700695 
8.05805805806 1.0 0.979248576653 0.547747325389 
1.21121121121 1.0 0.936042896216 0.93581105261 
2.67267267267 1.0 0.451923110669 0.484032658342 
-3.71371371371 1.0 0.541416556108 -0.043939360545 
-1.81181181181 1.0 -0.971096090611 -0.755991650472 
0.39039039039 1.0 0.380549461752 0.374124008854 
5.55555555556 1.0 -0.665101514979 -0.481025327084 
-2.09209209209 1.0 -0.867174611281 -0.640014160747 
9.27927927928 1.0 0.144985860003 0.257089246384 
1.49149149149 1.0 0.996857019318 0.995957194503 
5.15515515516 1.0 -0.903569980268 -0.79993203167 
-3.51351351351 1.0 0.363405633971 -0.0737376237023 
7.83783783784 1.0 0.999869691753 0.573573967561 
3.25325325325 1.0 -0.111428711879 -0.117143000045 
-2.63263263263 1.0 -0.487269347053 -0.375031233153 
-4.55455455455 1.0 0.987569983594 -0.0361252861868 
3.07307307307 1.0 0.0684659772958 0.0819598409306 
7.6976976977 1.0 0.987812502254 0.582370756788 
4.59459459459 1.0 -0.993070259711 -1.02433900177 
-10.0 1.0 0.544021110889 -0.399586323392 
-9.87987987988 1.0 0.439553861488 -0.397497379314 
-3.65365365365 1.0 0.489974935275 -0.051452448854 
-1.73173173173 1.0 -0.987077824457 -0.782356340937 
-0.0700700700701 1.0 -0.0700127456343 -0.0930250796676 
-5.97597597598 1.0 0.302399804444 -0.183621137231 
3.87387387387 1.0 -0.668567805308 -0.7466501611 
0.670670670671 1.0 0.62151153354 0.62151566614 
7.1971971972 1.0 0.791959659904 0.550022261811 
-8.2982982983 1.0 -0.902904601864 -0.35280310138 
7.87787787788 1.0 0.99971449835 0.569901596698 
0.930930930931 1.0 0.802176135594 0.803479716417 
-5.0950950951 1.0 0.927657483133 -0.085563463575 
-6.83683683684 1.0 -0.525796755923 -0.265134214385 
2.47247247247 1.0 0.620296125676 0.649818841033 
-1.93193193193 1.0 -0.935496175869 -0.710186492681 
-7.0970970971 1.0 -0.726978798959 -0.285218880694 
7.31731731732 1.0 0.859418901282 0.568237872557 
-5.43543543544 1.0 0.749793457774 -0.123448978793 
-0.830830830831 1.0 -0.738491823944 -0.719863304854 
-2.97297297297 1.0 -0.167821766571 -0.227310327325 
0.29029029029 1.0 0.286230381945 0.276342413024 
-6.1961961962 1.0 0.0868794431893 -0.206552032996 
3.85385385385 1.0 -0.653546911213 -0.730245454213 
7.55755755756 1.0 0.956387136503 0.584165620209 
7.43743743744 1.0 0.914492625181 0.579419988307 
7.3973973974 1.0 0.897563688968 0.576437549496 
-6.77677677678 1.0 -0.473791717778 -0.260193474369 
-3.49349349349 1.0 0.34468278404 -0.077486321445 
-9.05905905906 1.0 -0.357620745349 -0.378928870032 
0.23023023023 1.0 0.228201684929 0.216049025133 
8.3983983984 1.0 0.855429505195 0.485486255784 
2.81281281281 1.0 0.322888465175 0.352480745106 
6.47647647648 1.0 0.19208980849 0.266487759759 
