-9.85985985986 1.0 0.421484671785 -0.316805082877 
6.35635635636 1.0 0.0731057736575 0.0494408346858 
-2.81281281281 1.0 -0.322888465175 -0.301342503924 
-2.95295295295 1.0 -0.187522900919 -0.080127464234 
1.89189189189 1.0 0.948890220341 0.920667454506 
4.67467467467 1.0 -0.999288899866 -1.09600286394 
-6.3963963964 1.0 -0.112969411094 0.0180406014572 
-5.4954954955 1.0 0.708725363073 0.606137897525 
-8.7987987988 1.0 -0.585891056576 -0.34709269554 
-9.55955955956 1.0 0.13437389375 -0.3272011469 
-8.53853853854 1.0 -0.774699305584 -0.349303242213 
-6.53653653654 1.0 -0.250649611665 -0.0456851496699 
7.33733733734 1.0 0.869481672757 0.67433241365 
6.83683683684 1.0 0.525796755923 0.447215193933 
1.45145145145 1.0 0.992886849216 0.969437639485 
-7.71771771772 1.0 -0.990730428893 -0.319901923295 
1.65165165165 1.0 0.996732988666 0.968110962341 
-0.0900900900901 1.0 -0.0899682743046 -0.107806359389 
1.23123123123 1.0 0.942899611382 0.929833181631 
3.59359359359 1.0 -0.436766402789 -0.479626534917 
0.870870870871 1.0 0.764890207772 0.773084044655 
-7.63763763764 1.0 -0.976688773762 -0.312378066631 
0.37037037037 1.0 0.361960713579 0.382996552636 
9.35935935936 1.0 0.0653719505576 0.0670005798886 
3.13313313313 1.0 0.00845941955822 0.00221471833031 
7.81781781782 1.0 0.999346160464 0.701772397597 
-1.17117117117 1.0 -0.921206900567 -1.16881214663 
-2.37237237237 1.0 -0.695575258639 -0.88722548698 
-6.33633633634 1.0 -0.0531260071326 0.0478341951372 
8.07807807808 1.0 0.974995298193 0.652557786179 
-7.81781781782 1.0 -0.999346160464 -0.327819264724 
-4.29429429429 1.0 0.913864194148 1.26265504188 
-4.77477477477 1.0 0.998054637396 1.11958038066 
-5.7957957958 1.0 0.468320967329 0.381126970764 
-8.6986986987 1.0 -0.66394288333 -0.348353135348 
8.23823823824 1.0 0.927077365617 0.604812308526 
-0.13013013013 1.0 -0.1297631736 -0.153930584837 
0.13013013013 1.0 0.1297631736 0.138252643441 
-8.61861861862 1.0 -0.721633711464 -0.34900646868 
-7.07707707708 1.0 -0.713087090062 -0.22156371821 
8.91891891892 1.0 0.484559073218 0.303615792878 
2.29229229229 1.0 0.750818471552 0.736534367545 
-8.87887887888 1.0 -0.519186710331 -0.345771409704 
8.95895895896 1.0 0.449154692451 0.2827636888 
-0.19019019019 1.0 -0.189045659132 -0.223539789355 
-4.33433433433 1.0 0.929384449502 1.26154448952 
-0.39039039039 1.0 -0.380549461752 -0.455704612156 
-4.53453453453 1.0 0.984225545624 1.22389824583 
4.47447447447 1.0 -0.971831589603 -1.06818841875 
-8.15815815816 1.0 -0.9540939133 -0.34446558581 
4.19419419419 1.0 -0.868714740054 -0.957050473654 
4.91491491491 1.0 -0.979561626072 -1.07153917719 
-5.5955955956 1.0 0.634676409709 0.529220433208 
-9.03903903904 1.0 -0.376243865658 -0.342425222901 
-1.05105105105 1.0 -0.867945718946 -1.09421983147 
-0.870870870871 1.0 -0.764890207772 -0.953524227682 
5.11511511512 1.0 -0.919995965877 -1.00409975373 
-8.55855855856 1.0 -0.761885650774 -0.349264680081 
2.27227227227 1.0 0.763890524376 0.748693604956 
3.15315315315 1.0 -0.0115602420643 -0.0188987610195 
3.99399399399 1.0 -0.752863081707 -0.829721469996 
-8.3983983984 1.0 -0.855429505195 -0.348838143633 
-4.89489489489 1.0 0.983391971377 1.04896460118 
7.11711711712 1.0 0.740579143612 0.600563286788 
0.830830830831 1.0 0.738491823944 0.748871930667 
-1.55155155155 1.0 -0.999814825028 -1.28990722326 
0.03003003003 1.0 0.0300255167065 0.0283578876481 
8.73873873874 1.0 0.633477463068 0.394451128506 
-8.8988988989 1.0 -0.501973484202 -0.3454017889 
-9.51951951952 1.0 0.094599889559 -0.328529361574 
-9.41941941942 1.0 -0.00535851570584 -0.331764273492 
-6.23623623624 1.0 0.046931825201 0.100829351929 
3.77377377377 1.0 -0.590905760288 -0.650297264065 
-6.8968968969 1.0 -0.575905704393 -0.174309338599 
-4.83483483483 1.0 0.99251286792 1.08555172372 
0.21021021021 1.0 0.208665487323 0.223128557064 
-1.77177177177 1.0 -0.979872320608 -1.27399310495 
-8.67867867868 1.0 -0.678779469621 -0.348547761083 
0.970970970971 1.0 0.825434213842 0.827803773634 
-1.71171171171 1.0 -0.990087845702 -1.28483230777 
-0.49049049049 1.0 -0.471058607419 -0.569227572083 
6.01601601602 1.0 -0.264002216892 -0.28986395477 
-8.77877877878 1.0 -0.601996584369 -0.347381274797 
7.7977977978 1.0 0.998422103411 0.703896379903 
-0.670670670671 1.0 -0.62151153354 -0.763064619444 
0.950950950951 1.0 0.813968289004 0.81753237211 
-8.11811811812 1.0 -0.965318303844 -0.343214025892 
-9.57957957958 1.0 0.154184093352 -0.326530581567 
7.25725725726 1.0 0.827180739833 0.652249624805 
-4.75475475475 1.0 0.999102704803 1.13030123618 
-2.77277277277 1.0 -0.360514923027 -0.362527159005 
3.17317317317 1.0 -0.0315752704827 -0.0400696104563 
-2.49249249249 1.0 -0.604469813648 -0.749488958602 
-3.31331331331 1.0 0.170877953796 0.490209405618 
-3.77377377377 1.0 0.590905760288 1.04516418353 
-5.73573573574 1.0 0.520511228445 0.424520975247 
-3.89389389389 1.0 0.683320745574 1.13579334296 
-5.33533533534 1.0 0.812162990678 0.73060656365 
-9.45945945946 1.0 0.034674546587 -0.330486130277 
-5.41541541542 1.0 0.762889004574 0.668334293855 
-7.67767767768 1.0 -0.984498672401 -0.316278786668 
-3.93393393393 1.0 0.711999223182 1.16049310542 
-9.17917917918 1.0 -0.243137181641 -0.338867698707 
9.71971971972 1.0 -0.290684124469 -0.128262922625 
-7.8978978979 1.0 -0.999035835857 -0.33306874973 
1.51151151151 1.0 0.998243169988 0.972751248679 
-8.27827827828 1.0 -0.911328515751 -0.347280438284 
6.87687687688 1.0 0.559424700424 0.473112402768 
4.45445445445 1.0 -0.966918909573 -1.06300534767 
-0.01001001001 1.0 -0.0100098428432 -0.0165886309512 
-1.11111111111 1.0 -0.89619220103 -1.1335531094 
-3.99399399399 1.0 0.752863081707 1.19238383692 
-4.09409409409 1.0 0.81486800406 1.23196447468 
0.0500500500501 1.0 0.0500291567086 0.0506352938222 
7.15715715716 1.0 0.766884055736 0.617039504777 
-2.93293293293 1.0 -0.207148878373 -0.112223012262 
-6.93693693694 1.0 -0.608168751487 -0.185715295206 
7.57757757758 1.0 0.96204298189 0.709434637599 
4.33433433433 1.0 -0.929384449502 -1.02289093413 
-6.21621621622 1.0 0.066919044364 0.111928090651 
8.57857857858 1.0 0.748766641479 0.469768199807 
8.0980980981 1.0 0.970351253498 0.647251363338 
1.53153153153 1.0 0.999229236959 0.973145954956 
8.998998999 1.0 0.413030320922 0.261718490798 
6.41641641642 1.0 0.132837305145 0.106323386127 
-6.61661661662 1.0 -0.327287278425 -0.0785325005403 
7.67767767768 1.0 0.984498672401 0.711100466792 
6.996996997 1.0 0.654719669029 0.542918712622 
5.05505505506 1.0 -0.941862214566 -1.02868707998 
-3.03303303303 1.0 -0.108346513523 0.0490164336704 
-5.63563563564 1.0 0.603233924101 0.498882338987 
-6.6966966967 1.0 -0.401827232414 -0.108869174937 
-8.43843843844 1.0 -0.834011915114 -0.349109416028 
-0.33033033033 1.0 -0.32435551719 -0.386433725456 
-7.01701701702 1.0 -0.669720024621 -0.206954433254 
5.87587587588 1.0 -0.396140311588 -0.429531299475 
-5.57557557558 1.0 0.650019222236 0.544493944427 
-4.49449449449 1.0 0.976354771373 1.23542766603 
0.570570570571 1.0 0.540112324789 0.560781748079 
8.11811811812 1.0 0.965318303844 0.641747879822 
9.25925925926 1.0 0.164763965562 0.121657190767 
-5.01501501502 1.0 0.954557149695 0.969335229456 
-4.01401401401 1.0 0.765888052358 1.20164723435 
-4.31431431431 1.0 0.921809046742 1.26238568444 
9.83983983984 1.0 -0.403246556161 -0.191651714024 
1.77177177177 1.0 0.979872320608 0.950533222683 
-3.83383383383 1.0 0.63826408348 1.09356944767 
4.41441441441 1.0 -0.955933085822 -1.05134390292 
-6.63663663664 1.0 -0.346137843492 -0.0863489570809 
-8.5985985986 1.0 -0.735347535638 -0.349115647094 
-0.810810810811 1.0 -0.724845989014 -0.899763358327 
-2.33233233233 1.0 -0.723776968945 -0.928851526809 
3.37337337337 1.0 -0.229710988177 -0.252713383603 
4.69469469469 1.0 -0.999843460211 -1.09636961279 
5.01501501502 1.0 -0.954557149695 -1.04302719948 
-6.996996997 1.0 -0.654719669029 -0.201836816088 
2.39239239239 1.0 0.681053382124 0.67133515597 
-3.53353353353 1.0 0.381982835353 0.792482646517 
-4.73473473473 1.0 0.99975034402 1.14069187337 
-6.81681681682 1.0 -0.508663293061 -0.149855078709 
-1.69169169169 1.0 -0.992701051804 -1.28735305966 
5.03503503504 1.0 -0.948399735659 -1.03606426066 
3.03303303303 1.0 0.108346513523 0.106590337412 
-4.61461461461 1.0 0.995223893414 1.19545431011 
5.75575575576 1.0 -0.503313872361 -0.544805766387 
-3.97397397397 1.0 0.739536372707 1.18243890072 
1.67167167167 1.0 0.994916395419 0.966046186355 
-7.45745745746 1.0 -0.922408976872 -0.291069092333 
5.07507507508 1.0 -0.934947206573 -1.02089853703 
6.13613613614 1.0 -0.146519791772 -0.168497062609 
-7.15715715716 1.0 -0.766884055736 -0.23937522648 
6.97697697698 1.0 0.639456909771 0.532120004042 
3.89389389389 1.0 -0.683320745574 -0.752773454333 
-4.25425425425 1.0 0.896879023055 1.2614408388 
7.27727727728 1.0 0.838264195546 0.658273323281 
1.69169169169 1.0 0.992701051804 0.963633929913 
9.0990990991 1.0 0.319952035985 0.208401300319 
-4.91491491491 1.0 0.979561626072 1.03625342505 
-3.69369369369 1.0 0.524477262156 0.971169020638 
-1.57157157157 1.0 -0.999999699498 -1.29114515556 
3.11311311311 1.0 0.0284756907485 0.0232611918768 
9.51951951952 1.0 -0.094599889559 -0.0203902455129 
-3.57357357357 1.0 0.41867057176 0.84079168733 
-1.15115115115 1.0 -0.91323356617 -1.15752097686 
-4.15415415415 1.0 0.848191426515 1.24777202025 
-7.1971971972 1.0 -0.791959659904 -0.247598884263 
5.995995996 1.0 -0.2832577738 -0.310023824219 
8.35835835836 1.0 0.875475849797 0.561779311334 
0.01001001001 1.0 0.0100098428432 0.00594712980916 
8.85885885886 1.0 0.536191852752 0.334483117619 
-5.61561561562 1.0 0.61907922661 0.514014571064 
1.07107107107 1.0 0.877714248189 0.874024820342 
-1.47147147147 1.0 -0.995071340501 -1.27969020855 
1.99199199199 1.0 0.912600742763 0.88660962999 
9.43943943944 1.0 -0.0146609534063 0.0232491108672 
-6.5965965966 1.0 -0.308305540605 -0.0705590567312 
-7.7977977978 1.0 -0.998422103411 -0.326360664465 
3.33333333333 1.0 -0.190567962875 -0.21029776911 
-0.850850850851 1.0 -0.75184168035 -0.935955908983 
6.73673673674 1.0 0.438160658811 0.376971878551 
-1.23123123123 1.0 -0.942899611382 -1.19985569318 
2.61261261261 1.0 0.504653050544 0.503440417545 
-7.3973973974 1.0 -0.897563688968 -0.282468653447 
-0.510510510511 1.0 -0.488622728493 -0.591531183076 
1.55155155155 1.0 0.999814825028 0.973186799889 
-9.5995995996 1.0 0.173932497848 -0.325855988576 
-9.35935935936 1.0 -0.0653719505576 -0.333637072826 
8.51851851852 1.0 0.787202470352 0.496340809304 
2.59259259259 1.0 0.521834495241 0.520012646278 
6.67667667668 1.0 0.38341529066 0.331231854395 
2.03203203203 1.0 0.895503224543 0.870698866061 
7.01701701702 1.0 0.669720024621 0.553378848782 
1.59159159159 1.0 0.999783786273 0.9722099045 
-8.81881881882 1.0 -0.569550710787 -0.346786919997 
7.75775775776 1.0 0.995374053792 0.707368406029 
6.63663663664 1.0 0.346137843492 0.299329618627 
-4.07407407407 1.0 0.803100948886 1.22538639078 
-2.79279279279 1.0 -0.341770182763 -0.33207563997 
-7.55755755756 1.0 -0.956387136503 -0.303696793532 
-7.35735735736 1.0 -0.879195966573 -0.27628088139 
-5.21521521522 1.0 0.87622408965 0.822998982305 
5.83583583584 1.0 -0.432577348176 -0.468543388892 
-9.13913913914 1.0 -0.281770446506 -0.339935825669 
4.85485485485 1.0 -0.989868890237 -1.08352695011 
-2.61261261261 1.0 -0.504653050544 -0.593769193571 
0.810810810811 1.0 0.724845989014 0.736276954895 
-1.49149149149 1.0 -0.996857019318 -1.28302980151 
-3.25325325325 1.0 0.111428711879 0.399195730836 
-3.59359359359 1.0 0.436766402789 0.864066737929 
8.47847847848 1.0 0.811257411747 0.51347545274 
-1.91191191191 1.0 -0.942382045726 -1.22934559194 
9.53953953954 1.0 -0.114509838728 -0.03126885116 
-0.45045045045 1.0 -0.435371096772 -0.524181956851 
-2.29229229229 1.0 -0.750818471552 -0.968264470453 
-3.19319319319 1.0 0.0515776439174 0.30565328889 
-7.37737737738 1.0 -0.888557889358 -0.279421307395 
6.15615615616 1.0 -0.126687794244 -0.148308736189 
-8.0980980981 1.0 -0.970351253498 -0.342525124529 
1.43143143143 1.0 0.99030442098 0.967621522387 
-8.93893893894 1.0 -0.466950456861 -0.344618659704 
-2.87287287287 1.0 -0.265497380359 -0.207661894587 
-0.47047047047 1.0 -0.453305691794 -0.546773668554 
-5.3953953954 1.0 0.775678794758 0.683914924451 
1.01101101101 1.0 0.84736912878 0.847324396695 
0.630630630631 1.0 0.589654207656 0.60873529928 
8.55855855856 1.0 0.761885650774 0.478737169999 
-5.03503503504 1.0 0.948399735659 0.955356140031 
0.41041041041 1.0 0.398985690337 0.420641157206 
4.29429429429 1.0 -0.913864194148 -1.00613504785 
8.63863863864 1.0 0.707630665292 0.442233767295 
8.71871871872 1.0 0.648840196822 0.404181627468 
-3.07307307307 1.0 -0.0684659772958 0.113691779679 
-5.65565565566 1.0 0.587146852786 0.483829518189 
-6.0960960961 1.0 0.185999691898 0.181969062316 
-8.25825825826 1.0 -0.919387180273 -0.346903721338 
2.87287287287 1.0 0.265497380359 0.267334735646 
-9.4994994995 1.0 0.0746520259067 -0.329186581235 
-2.51251251251 1.0 -0.588401237484 -0.724730361687 
7.03703703704 1.0 0.684451964588 0.563499089086 
-2.21221221221 1.0 -0.801249393857 -1.0403428035 
1.17117117117 1.0 0.921206900567 0.911550548915 
2.07207207207 1.0 0.876970223046 0.853500481015 
1.03103103103 1.0 0.857829327634 0.856570180472 
-8.01801801802 1.0 -0.986576173517 -0.339324607807 
-9.33933933934 1.0 -0.0853347124856 -0.334248468224 
3.43343343343 1.0 -0.28771565565 -0.315884118077 
3.05305305305 1.0 0.0884239650333 0.0859047787686 
1.27127127127 1.0 0.955476737061 0.940245105986 
-3.05305305305 1.0 -0.0884239650333 0.0813668464125 
-0.37037037037 1.0 -0.361960713579 -0.432686108597 
0.590590590591 1.0 0.556851671602 0.577056390378 
4.35435435435 1.0 -0.936587366299 -1.03064021151 
5.27527527528 1.0 -0.845718424022 -0.921150526987 
0.510510510511 1.0 0.488622728493 0.510261005323 
6.23623623624 1.0 -0.046931825201 -0.0680862368805 
-1.67167167167 1.0 -0.994916395419 -1.28933087609 
-6.31631631632 1.0 -0.0331249483513 0.0580992767858 
0.33033033033 1.0 0.32435551719 0.34438125591 
-4.85485485485 1.0 0.989868890237 1.07362507473 
8.2982982983 1.0 0.902904601864 0.58400558613 
2.77277277277 1.0 0.360514923027 0.362374284252 
-1.01101101101 1.0 -0.84736912878 -1.06581380206 
-4.27427427427 1.0 0.905553075921 1.26234314819 
-0.610610610611 1.0 -0.573367839051 -0.700359892207 
-8.03803803804 1.0 -0.983109384216 -0.340193595367 
-4.99499499499 1.0 0.960331988856 0.983130360669 
-6.73673673674 1.0 -0.438160658811 -0.123122001591 
7.37737737738 1.0 0.888557889358 0.683380097439 
-1.29129129129 1.0 -0.961192106815 -1.22656232833 
-2.03203203203 1.0 -0.895503224543 -1.16915128595 
3.45345345345 1.0 -0.306830209454 -0.336777059075 
-8.05805805806 1.0 -0.979248576653 -0.341015960729 
4.87487487487 1.0 -0.986828185163 -1.07996192871 
3.63363363363 1.0 -0.472425730458 -0.51902968801 
-4.47447447447 1.0 0.971831589603 1.2404801282 
-7.93793793794 1.0 -0.996477739177 -0.335360176109 
4.93493493493 1.0 -0.975338684403 -1.06668481651 
-7.41741741742 1.0 -0.906209755988 -0.285424614928 
-5.23523523524 1.0 0.866401418913 0.807751197168 
-9.67967967968 1.0 0.252150304413 -0.323121302378 
-8.45845845846 1.0 -0.822799547447 -0.349202073325 
5.41541541542 1.0 -0.762889004574 -0.829243017097 
-9.43943943944 1.0 0.0146609534063 -0.331127996904 
2.19219219219 1.0 0.813066617154 0.794319258008 
-2.55255255255 1.0 -0.555563147622 -0.673746873338 
-2.65265265265 1.0 -0.469690351946 -0.538260259919 
5.91591591592 1.0 -0.359068265792 -0.390047716123 
4.49449449449 1.0 -0.976354771373 -1.07293774171 
-9.1991991992 1.0 -0.223670498102 -0.338319518399 
8.7987987988 1.0 0.585891056576 0.364788363583 
0.25025025025 1.0 0.247646422081 0.264402925121 
-0.25025025025 1.0 -0.247646422081 -0.293404045138 
-2.89289289289 1.0 -0.246143932464 -0.176013913381 
-4.21421421421 1.0 0.878456163293 1.25782966718 
-7.11711711712 1.0 -0.740579143612 -0.230701659288 
2.11211211211 1.0 0.857031446499 0.835028172605 
6.45645645646 1.0 0.172405433055 0.143366655918 
0.690690690691 1.0 0.637069722791 0.654026178391 
-1.37137137137 1.0 -0.980180659514 -1.25524713415 
1.37137137137 1.0 0.980180659514 0.960033202079 
3.81381381381 1.0 -0.622725447279 -0.685591042234 
9.87987987988 1.0 -0.439553861488 -0.212493501079 
0.27027027027 1.0 0.266991905564 0.284727441511 
7.2972972973 1.0 0.849011685183 0.663960573297 
8.5985985986 1.0 0.735347535638 0.460692382634 
-6.75675675676 1.0 -0.456067581459 -0.13002454713 
-6.85685685686 1.0 -0.542719485852 -0.162360478643 
8.6986986987 1.0 0.66394288333 0.413828350232 
7.13713713714 1.0 0.753882673169 0.608972779821 
3.29329329329 1.0 -0.151119458915 -0.167741150127 
1.85185185185 1.0 0.960763202681 0.931970207252 
-7.21721721722 1.0 -0.804023831509 -0.251546502211 
5.71571571572 1.0 -0.537499969971 -0.581887903394 
6.71671671672 1.0 0.42007812671 0.362014657298 
-5.25525525526 1.0 0.856231505045 0.79243080593 
-7.85785785786 1.0 -0.999992487454 -0.330558431713 
4.57457457457 1.0 -0.990518615549 -1.08757430527 
2.97297297297 1.0 0.167821766571 0.167938011108 
-6.37637637638 1.0 -0.0930562402792 0.0278050578798 
-9.3993993994 1.0 -0.0253758371902 -0.332394714066 
-5.995995996 1.0 0.2832577738 0.244723432342 
-9.63963963964 1.0 0.213212289782 -0.324495521965 
-2.69269269269 1.0 -0.433974744115 -0.481130543414 
-0.15015015015 1.0 -0.149586594914 -0.177087513141 
-2.67267267267 1.0 -0.451923110669 -0.509890374206 
4.39439439439 1.0 -0.949864345085 -1.04486892012 
6.1961961962 1.0 -0.0868794431893 -0.108068813988 
-8.35835835836 1.0 -0.875475849797 -0.348447158978 
-1.03103103103 1.0 -0.857829327634 -1.08023088927 
-2.25225225225 1.0 -0.776656419186 -1.00543536203 
0.43043043043 1.0 0.417262010319 0.439087450945 
-8.998998999 1.0 -0.413030320922 -0.343340876075 
2.17217217217 1.0 0.824557973258 0.804962368697 
-8.31831831832 1.0 -0.894118814814 -0.34793012217 
-8.95895895896 1.0 -0.449154692451 -0.344206045067 
-2.43243243243 1.0 -0.651196684992 -0.820721056501 
2.09209209209 1.0 0.867174611281 0.844422691507 
4.95495495495 1.0 -0.970724838874 -1.06140429575 
1.41141141141 1.0 0.987325090799 0.965448927008 
-3.67367367367 1.0 0.507327764109 0.951019666846 
2.41241241241 1.0 0.666258547712 0.657432179744 
2.71271271271 1.0 0.415852445773 0.416970360713 
-9.47947947948 1.0 0.054674242632 -0.329838913646 
-4.03403403403 1.0 0.778606064409 1.21023264102 
6.91691691692 1.0 0.592155892373 0.497709550974 
6.77677677678 1.0 0.473791717778 0.405991737353 
-0.21021021021 1.0 -0.208665487323 -0.246813987016 
0.49049049049 1.0 0.471058607419 0.492867969512 
7.35735735736 1.0 0.879195966573 0.679020745188 
0.45045045045 1.0 0.435371096772 0.457276949174 
4.63463463463 1.0 -0.996978653508 -1.09395015733 
-5.17517517518 1.0 0.894812095251 0.853238808857 
-4.37437437437 1.0 0.943414910292 1.25818538542 
9.85985985986 1.0 -0.421484671785 -0.202092022642 
4.53453453453 1.0 -0.984225545624 -1.08113017878 
-2.71271271271 1.0 -0.415852445773 -0.451996973031 
-2.75275275275 1.0 -0.379115173303 -0.392677206441 
-5.2952952953 1.0 0.834866389361 0.761609203932 
7.5975975976 1.0 0.967313252172 0.710349797498 
-2.57257257257 1.0 -0.53880679503 -0.647543011917 
8.15815815816 1.0 0.9540939133 0.630165760346 
7.91791791792 1.0 0.997956771974 0.687430913907 
-4.93493493493 1.0 0.975338684403 1.02330328762 
-4.19419419419 1.0 0.868714740054 1.25510388401 
4.89489489489 1.0 -0.983391971377 -1.07596546761 
1.95195195195 1.0 0.928235370545 0.901219543968 
-1.09109109109 1.0 -0.887131000257 -1.12088712091 
6.61661661662 1.0 0.327287278425 0.282974197326 
7.97797797798 1.0 0.992322298019 0.675992941855 
9.57957957958 1.0 -0.154184093352 -0.0529764543797 
5.85585585586 1.0 -0.41444188151 -0.449101785254 
-5.83583583584 1.0 0.432577348176 0.352782781339 
0.17017017017 1.0 0.169350063744 0.181061223633 
0.0700700700701 1.0 0.0700127456343 0.0727712360942 
-0.970970970971 1.0 -0.825434213842 -1.03572312252 
3.61361361361 1.0 -0.454687183165 -0.499420366712 
-1.85185185185 1.0 -0.960763202681 -1.25182394579 
-9.83983983984 1.0 0.403246556161 -0.317515385622 
2.35235235235 1.0 0.709818357066 0.698285726285 
2.25225225225 1.0 0.776656419186 0.760553867944 
-8.1981981982 1.0 -0.941340119153 -0.34555543323 
5.31531531532 1.0 -0.823679750423 -0.896645921015 
4.43443443443 1.0 -0.961618700226 -1.05738997229 
-7.13713713714 1.0 -0.753882673169 -0.235095584677 
-4.35435435435 1.0 0.936587366299 1.26014110277 
-4.81481481481 1.0 0.994759058541 1.09719412758 
-5.67567567568 1.0 0.570824460166 0.468861689909 
9.03903903904 1.0 0.376243865658 0.240501841525 
-6.67667667668 1.0 -0.38341529066 -0.101515965573 
5.17517517518 1.0 -0.894812095251 -0.975898525003 
-9.65965965966 1.0 0.232727934358 -0.32381003712 
-1.63163163163 1.0 -0.998150103477 -1.2916655532 
-3.37337337337 1.0 0.229710988177 0.578055502054 
9.33933933934 1.0 0.0853347124856 0.077941587003 
-7.51751751752 1.0 -0.943927941216 -0.298891941514 
4.55455455455 1.0 -0.987569983594 -1.08457120603 
-5.07507507508 1.0 0.934947206573 0.926888887429 
4.21421421421 1.0 -0.878456163293 -0.967676274685 
5.35535535536 1.0 -0.800320725902 -0.870714353139 
7.05705705706 1.0 0.698909584547 0.573278360994 
9.11911911912 1.0 0.30092154409 0.197637835013 
6.25625625626 1.0 -0.0269257963344 -0.0482192329161 
-6.2962962963 1.0 -0.0131106134944 0.0685314591321 
7.21721721722 1.0 0.804023831509 0.639187208819 
-2.91291291291 1.0 -0.226691833081 -0.144193136179 
5.63563563564 1.0 -0.603233924101 -0.653553225566 
5.8958958959 1.0 -0.377679973455 -0.409842912914 
-5.55555555556 1.0 0.665101514979 0.559828924364 
-5.81581581582 1.0 0.450539443112 0.36689362946 
5.33533533534 1.0 -0.812162990678 -0.883855715709 
5.5955955956 1.0 -0.634676409709 -0.687984897683 
-5.93593593594 1.0 0.340312647942 0.284192636921 
-9.6996996997 1.0 0.271471615699 -0.322429500203 
-7.61761761762 1.0 -0.972195835089 -0.310319970399 
-3.39339339339 1.0 0.249148316352 0.60652945774 
3.79379379379 1.0 -0.606937230307 -0.668079051342 
1.83183183183 1.0 0.96612325186 0.937118392158 
-3.73373373373 1.0 0.558138856901 1.00950047976 
5.1951951952 1.0 -0.885695580449 -0.965712255065 
-8.47847847848 1.0 -0.811257411747 -0.349267068004 
5.65565565566 1.0 -0.587146852786 -0.635973304814 
-7.27727727728 1.0 -0.838264195546 -0.262753996993 
-2.45245245245 1.0 -0.635873830576 -0.79749269123 
-6.91691691692 1.0 -0.592155892373 -0.180079315361 
-9.97997997998 1.0 0.527114985665 -0.312514048543 
-9.7997997998 1.0 0.366292850383 -0.318930548635 
8.17817817818 1.0 0.947906971008 0.624095105339 
4.05405405405 1.0 -0.791012020637 -0.871804349618 
-7.87787787788 1.0 -0.99971449835 -0.331841567089 
9.91991991992 1.0 -0.475156566095 -0.233175390978 
1.25125125125 1.0 0.949378423874 0.935217161709 
-1.87187187187 1.0 -0.955018091318 -1.24489136954 
1.73173173173 1.0 0.987077824457 0.957771513304 
-9.15915915916 1.0 -0.26250641876 -0.339406579652 
-5.47547547548 1.0 0.722706208904 0.621652988754 
-2.13213213213 1.0 -0.846544793956 -1.10331450475 
9.7997997998 1.0 -0.366292850383 -0.170659371125 
-1.89189189189 1.0 -0.948890220341 -1.23739914623 
-1.41141141141 1.0 -0.987325090799 -1.26656315205 
4.99499499499 1.0 -0.960331988856 -1.04957318669 
-1.19119119119 1.0 -0.928811026462 -1.17963476492 
-2.19219219219 1.0 -0.813066617154 -1.05694290343 
4.27427427427 1.0 -0.905553075921 -0.997134020133 
-6.51651651652 1.0 -0.231219739195 -0.0370724142781 
-7.65765765766 1.0 -0.980790267476 -0.314363848229 
1.79179179179 1.0 0.975679725882 0.946401274353 
-0.790790790791 1.0 -0.710909644644 -0.88115857271 
-0.710710710711 1.0 -0.65237258226 -0.803588683851 
9.47947947948 1.0 -0.054674242632 0.00140799810227 
5.47547547548 1.0 -0.722706208904 -0.784835582886 
-7.23723723724 1.0 -0.81576576016 -0.255387038155 
-1.43143143143 1.0 -0.99030442098 -1.27145439962 
-7.43743743744 1.0 -0.914492625181 -0.288290872663 
9.21921921922 1.0 0.204114170152 0.14345609567 
1.31131131131 1.0 0.966522242485 0.949231342243 
7.61761761762 1.0 0.972195835089 0.710970456644 
0.19019019019 1.0 0.189045659132 0.202190853826 
7.41741741742 1.0 0.906209755988 0.691120956937 
9.65965965966 1.0 -0.232727934358 -0.0961473770902 
3.27327327327 1.0 -0.131300397197 -0.146436611536 
-0.630630630631 1.0 -0.589654207656 -0.721501657153 
6.21621621622 1.0 -0.066919044364 -0.0880397747309 
1.97197197197 1.0 0.920602539794 0.894078002725 
0.550550550551 1.0 0.523156507537 0.544221793406 
0.0900900900901 1.0 0.0899682743046 0.0947578360236 
3.83383383383 1.0 -0.63826408348 -0.702824695668 
2.79279279279 1.0 0.341770182763 0.343755047767 
-1.27127127127 1.0 -0.955476737061 -1.21814874789 
4.07407407407 1.0 -0.803100948886 -0.885113539311 
0.770770770771 1.0 0.69668837635 0.710121722779 
4.75475475475 1.0 -0.999102704803 -1.09483425093 
-8.63863863864 1.0 -0.707630665292 -0.348875021633 
-5.1951951952 1.0 0.885695580449 0.83816471752 
4.71471471471 1.0 -0.999997295481 -1.09629684463 
-0.35035035035 1.0 -0.343226895963 -0.409591755408 
-9.27927927928 1.0 -0.144985860003 -0.336040246089 
-9.91991991992 1.0 0.475156566095 -0.314665014096 
-1.51151151151 1.0 -0.998243169988 -1.28584734906 
-6.01601601602 1.0 0.264002216892 0.231864074774 
8.53853853854 1.0 0.774699305584 0.487595861426 
-1.21121121121 1.0 -0.936042896216 -1.18998410934 
-6.43643643644 1.0 -0.152651959622 -0.000989836776265 
-6.17617617618 1.0 0.106805021793 0.134621616009 
2.63263263263 1.0 0.487269347053 0.486621624065 
-0.27027027027 1.0 -0.266991905564 -0.316697526769 
9.8998998999 1.0 -0.45744688336 -0.222854997437 
-0.930930930931 1.0 -0.802176135594 -1.0040066527 
-6.41641641642 1.0 -0.132837305145 0.00844245184534 
-3.43343343343 1.0 0.28771565565 0.662139891084 
5.73573573574 1.0 -0.520511228445 -0.563442788325 
2.37237237237 1.0 0.695575258639 0.684953897463 
8.65865865866 1.0 0.693344009372 0.432857664508 
-1.83183183183 1.0 -0.96612325186 -1.25819861086 
8.43843843844 1.0 0.834011915114 0.530112738187 
4.51451451451 1.0 -0.980486642048 -1.07725203556 
-3.35335335335 1.0 0.210181594637 0.5491631302 
-7.53753753754 1.0 -0.950347982805 -0.301334344728 
-8.85885885886 1.0 -0.536191852752 -0.346125788588 
2.69269269269 1.0 0.433974744115 0.434730173054 
9.45945945946 1.0 -0.034674546587 0.0123241013838 
0.750750750751 1.0 0.682187883844 0.696566761858 
9.17917917918 1.0 0.243137181641 0.165192131821 
-5.11511511512 1.0 0.919995965877 0.897813123326 
7.0970970971 1.0 0.726978798959 0.591810930543 
3.73373373373 1.0 -0.558138856901 -0.613959495684 
0.710710710711 1.0 0.65237258226 0.668516069387 
7.17717717718 1.0 0.779578080518 0.624763771797 
-5.51551551552 1.0 0.694460468753 0.590657576219 
9.13913913914 1.0 0.281770446506 0.186846870487 
6.31631631632 1.0 0.0331249483513 0.0107541473508 
5.81581581582 1.0 -0.450539443112 -0.487845248978 
9.95995995996 1.0 -0.509997599178 -0.25368854093 
-0.0500500500501 1.0 -0.0500291567086 -0.0620005724 
-8.21821821822 1.0 -0.934395989648 -0.346042126551 
-6.71671671672 1.0 -0.42007812671 -0.11607070569 
-3.21321321321 1.0 0.0715593456609 0.337074136221 
5.95595595596 1.0 -0.32142063693 -0.350181732707 
6.8968968969 1.0 0.575905704393 0.48557498481 
-5.71571571572 1.0 0.537499969971 0.439202336422 
-8.17817817818 1.0 -0.947906971008 -0.345030236765 
-0.570570570571 1.0 -0.540112324789 -0.657415728978 
-6.95695695696 1.0 -0.623937863975 -0.191219027622 
2.45245245245 1.0 0.635873830576 0.628784754564 
-3.75375375375 1.0 0.574637462441 1.0276687345 
-9.11911911912 1.0 -0.30092154409 -0.340455093263 
6.95695695696 1.0 0.623937863975 0.520984302669 
7.07707707708 1.0 0.713087090062 0.582715837329 
4.37437437437 1.0 -0.943414910292 -1.03796697864 
1.91191191191 1.0 0.942382045726 0.914515815895 
3.97397397397 1.0 -0.739536372707 -0.814995415468 
7.45745745746 1.0 0.922408976872 0.697574497309 
9.97997997998 1.0 -0.527114985665 -0.263879209343 
0.530530530531 1.0 0.505991015532 0.527380264431 
2.01201201201 1.0 0.904233186475 0.878816037982 
6.85685685686 1.0 0.542719485852 0.460324735119 
-7.2972972973 1.0 -0.849011685183 -0.266283964916 
-4.95495495495 1.0 0.970724838874 1.01012535256 
-0.29029029029 1.0 -0.286230381945 -0.339974749582 
2.43243243243 1.0 0.651196684992 0.64324774939 
-1.97197197197 1.0 -0.920602539794 -1.20180109757 
4.65465465465 1.0 -0.998333836705 -1.09519639862 
6.81681681682 1.0 0.508663293061 0.433787276097 
6.0960960961 1.0 -0.185999691898 -0.208953514892 
3.21321321321 1.0 -0.0715593456609 -0.0825440938793 
5.93593593594 1.0 -0.340312647942 -0.370156897692 
8.61861861862 1.0 0.721633711464 0.451513116896 
6.11611611612 1.0 -0.166293065952 -0.188715803803 
9.55955955956 1.0 -0.13437389375 -0.0421314809503 
0.910910910911 1.0 0.790062479764 0.795976698652 
-9.73973973974 1.0 0.309780130585 -0.321037400585 
1.33133133133 1.0 0.971465007816 0.953189094531 
4.13413413413 1.0 -0.837417761709 -0.922808415713 
8.31831831832 1.0 0.894118814814 0.576749456619 
-6.05605605606 1.0 0.225181436261 0.206604291842 
4.25425425425 1.0 -0.896879023055 -0.987721653127 
-0.03003003003 1.0 -0.0300255167065 -0.039240807369 
7.53753753754 1.0 0.950347982805 0.706707296008 
6.6966966967 1.0 0.401827232414 0.346766136577 
-1.65165165165 1.0 -0.996732988666 -1.29076771518 
1.13113113113 1.0 0.904894218889 0.897593758657 
8.8988988989 1.0 0.501973484202 0.313962511631 
-0.910910910911 1.0 -0.790062479764 -0.987558460348 
1.19119119119 1.0 0.928811026462 0.917999227043 
5.4954954955 1.0 -0.708725363073 -0.769412697855 
8.41841841842 1.0 0.844890020967 0.538235871666 
2.49249249249 1.0 0.604469813648 0.599035214392 
9.73973973974 1.0 -0.309780130585 -0.138910246791 
-9.75975975976 1.0 0.328751980598 -0.32033744554 
-8.91891891892 1.0 -0.484559073218 -0.345017388271 
-7.997997998 1.0 -0.989647555109 -0.338407899448 
0.47047047047 1.0 0.453305691794 0.475205223201 
-0.590590590591 1.0 -0.556851671602 -0.678993876955 
-8.57857857858 1.0 -0.748766641479 -0.349201930715 
-7.77777777778 1.0 -0.997097890944 -0.324840974139 
-0.750750750751 1.0 -0.682187883844 -0.842982626899 
-1.25125125125 1.0 -0.949378423874 -1.20924525501 
-2.39239239239 1.0 -0.681053382124 -0.865593876341 
-7.03703703704 1.0 -0.684451964588 -0.211946921517 
8.83883883884 1.0 0.552982096013 0.344651229846 
9.31931931932 1.0 0.105263273301 0.0888798381976 
-7.5975975976 1.0 -0.967313252172 -0.308188068935 
-9.61961961962 1.0 0.193611192318 -0.325177569764 
4.01401401401 1.0 -0.765888052358 -0.844102431712 
6.03603603604 1.0 -0.244640851113 -0.269665461625 
-9.2992992993 1.0 -0.125149645879 -0.335450335834 
9.05905905906 1.0 0.357620745349 0.229835826072 
-1.07107107107 1.0 -0.877714248189 -1.10777401601 
-2.99299299299 1.0 -0.148053371305 -0.0156578913631 
2.83283283283 1.0 0.303877337824 0.305920967334 
8.01801801802 1.0 0.986576173517 0.667254428041 
6.53653653654 1.0 0.250649611665 0.21501670319 
2.65265265265 1.0 0.469690351946 0.469560607072 
3.31331331331 1.0 -0.170877953796 -0.189031739085 
-9.37937937938 1.0 -0.0453829883483 -0.333019066588 
-8.83883883884 1.0 -0.552982096013 -0.34646445305 
5.43543543544 1.0 -0.749793457774 -0.814757839013 
5.77577577578 1.0 -0.485914794209 -0.525986954011 
-5.05505505506 1.0 0.941862214566 0.94120381882 
-2.85285285285 1.0 -0.284744420138 -0.239114144492 
5.6956956957 1.0 -0.554273288059 -0.600131169731 
-5.87587587588 1.0 0.396140311588 0.324943609836 
7.93793793794 1.0 0.996477739177 0.683846290558 
2.75275275275 1.0 0.379115173303 0.380787019297 
-4.69469469469 1.0 0.999843460211 1.16043629062 
-6.7967967968 1.0 -0.491325964149 -0.143389511877 
8.4984984985 1.0 0.799390133963 0.504968516256 
6.43643643644 1.0 0.152651959622 0.124939135449 
7.73773773774 1.0 0.993251282848 0.7087086649 
-5.45545545546 1.0 0.736397402892 0.637195686937 
0.730730730731 1.0 0.667413978747 0.682697252507 
6.51651651652 1.0 0.231219739195 0.197430361431 
-4.67467467467 1.0 0.999288899866 1.16976695897 
4.23423423423 1.0 -0.887845512006 -0.977901238225 
6.07607607608 1.0 -0.205631771434 -0.229198708474 
0.610610610611 1.0 0.573367839051 0.593042085479 
5.61561561562 1.0 -0.61907922661 -0.670893413416 
-2.27227227227 1.0 -0.763890524376 -0.987131677421 
3.19319319319 1.0 -0.0515776439174 -0.0612880358052 
-7.47747747748 1.0 -0.929955638285 -0.293760923936 
-5.31531531532 1.0 0.823679750423 0.746126091964 
9.81981981982 1.0 -0.384846824231 -0.181173758532 
-2.53253253253 1.0 -0.572096837274 -0.699479617034 
-3.85385385385 1.0 0.653546911213 1.10833341256 
-4.41441441441 1.0 0.955933085822 1.25265738722 
-2.47247247247 1.0 -0.620296125676 -0.773745977645 
-8.13813813814 1.0 -0.959898466376 -0.343860511225 
-2.01201201201 1.0 -0.904233186475 -1.18060389184 
3.23323323323 1.0 -0.0915123672906 -0.103827702499 
1.75175175175 1.0 0.983672194447 0.954323731886 
-2.05205205205 1.0 -0.886414355831 -1.15712799162 
4.17417417417 1.0 -0.858625146533 -0.946027762053 
0.31031031031 1.0 0.305354140677 0.324722143877 
1.29129129129 1.0 0.961192106815 0.944916604836 
-0.950950950951 1.0 -0.813968289004 -1.02006424423 
-5.35535535536 1.0 0.800320725902 0.715059250483 
-9.21921921922 1.0 -0.204114170152 -0.337762366522 
-8.07807807808 1.0 -0.974995298193 -0.341792783517 
-6.11611611612 1.0 0.166293065952 0.169889798108 
2.93293293293 1.0 0.207148878373 0.208163013252 
7.71771771772 1.0 0.990730428893 0.709779954705 
2.85285285285 1.0 0.284744420138 0.286718611764 
7.63763763764 1.0 0.976688773762 0.711300085887 
-0.43043043043 1.0 -0.417262010319 -0.501464915262 
3.95395395395 1.0 -0.725913266541 -0.799930748752 
7.8978978979 1.0 0.999035835857 0.690782118767 
7.85785785786 1.0 0.999992487454 0.696768174347 
4.83483483483 1.0 -0.99251286792 -1.08665906792 
5.53553553554 1.0 -0.679917243139 -0.737680595402 
-9.01901901902 1.0 -0.39471619201 -0.342889157031 
4.03403403403 1.0 -0.778606064409 -0.858132059082 
-4.79479479479 1.0 0.996606561851 1.10854084061 
-6.35635635636 1.0 -0.0731057736575 0.0377361718399 
-3.11311311311 1.0 -0.0284756907485 0.1781614949 
5.0950950951 1.0 -0.927657483133 -1.01270168487 
6.05605605606 1.0 -0.225181436261 -0.249439868082 
-3.81381381381 1.0 0.622725447279 1.07811816029 
3.57357357357 1.0 -0.41867057176 -0.459658438876 
7.51751751752 1.0 0.943927941216 0.704888552138 
-8.73873873874 1.0 -0.633477463068 -0.34790476877 
-7.97797797798 1.0 -0.992322298019 -0.337442352577 
-0.23023023023 1.0 -0.228201684929 -0.270105770215 
-7.33733733734 1.0 -0.869481672757 -0.273045666114 
-2.35235235235 1.0 -0.709818357066 -0.908313016079 
6.55655655656 1.0 0.269979026825 0.232371928997 
-0.730730730731 1.0 -0.667413978747 -0.823432496616 
-1.33133133133 1.0 -0.971465007816 -1.24190532648 
-2.41241241241 1.0 -0.666258547712 -0.84342369591 
9.2992992993 1.0 0.125149645879 0.0998132649031 
6.93693693694 1.0 0.608168751487 0.509513449362 
3.47347347347 1.0 -0.325821789448 -0.357569985714 
1.57157157157 1.0 0.999999699498 0.972874517204 
5.97597597598 1.0 -0.302399804444 -0.330133570856 
6.65665665666 1.0 0.36484968073 0.315417641223 
8.03803803804 1.0 0.983109384216 0.662563353371 
8.33833833834 1.0 0.884974675839 0.569339434015 
6.75675675676 1.0 0.456067581459 0.391632555619 
-2.23223223223 1.0 -0.789111039566 -1.02317307916 
-4.23423423423 1.0 0.887845512006 1.25993921599 
-0.11011011011 1.0 -0.109887744787 -0.130833528676 
5.51551551552 1.0 -0.694460468753 -0.753691814635 
2.99299299299 1.0 0.148053371305 0.147615372106 
-3.23323323323 1.0 0.0915123672906 0.368263266444 
10.0 1.0 -0.544021110889 -0.274024598411 
-9.07907907908 1.0 -0.338854295004 -0.341462278586 
2.13213213213 1.0 0.846544793956 0.825318718432 
3.93393393393 1.0 -0.711999223182 -0.784534189098 
-3.27327327327 1.0 0.131300397197 0.429846944821 
-5.95595595596 1.0 0.32142063693 0.270890153685 
1.47147147147 1.0 0.995071340501 0.970897652839 
-7.4974974975 1.0 -0.93712958481 -0.296368001277 
-3.17317317317 1.0 0.0315752704827 0.274025985202 
-5.27527527528 1.0 0.845718424022 0.777047097946 
9.93993993994 1.0 -0.492675811867 -0.243453591872 
5.25525525526 1.0 -0.856231505045 -0.93285430398 
0.35035035035 1.0 0.343226895963 0.363807769209 
6.2962962963 1.0 0.0131106134944 -0.0087883367914 
-3.95395395395 1.0 0.725913266541 1.17180945001 
-8.71871871872 1.0 -0.648840196822 -0.348138616946 
1.09109109109 1.0 0.887131000257 0.882230818541 
4.97497497497 1.0 -0.965721938658 -1.05569967892 
7.23723723724 1.0 0.81576576016 0.645888015616 
-3.63363363363 1.0 0.472425730458 0.908794804682 
-8.4984984985 1.0 -0.799390133963 -0.349305123941 
-8.41841841842 1.0 -0.844890020967 -0.348988357391 
-6.03603603604 1.0 0.244640851113 0.219157021841 
7.997997998 1.0 0.989647555109 0.671732306615 
-7.31731731732 1.0 -0.859418901282 -0.269713938994 
-2.31231231231 1.0 -0.737445499834 -0.948836632361 
3.35335335335 1.0 -0.210181594637 -0.231528562001 
-5.15515515516 1.0 0.903569980268 0.868211516714 
8.13813813814 1.0 0.959898466376 0.636051346247 
-1.53153153153 1.0 -0.999229236959 -1.28814056441 
-0.990990990991 1.0 -0.836569314705 -1.05097547765 
1.05105105105 1.0 0.867945718946 0.865470814227 
-9.25925925926 1.0 -0.164763965562 -0.336622421308 
9.23923923924 1.0 0.184476035731 0.132563372732 
5.57557557558 1.0 -0.650019222236 -0.704818917688 
2.89289289289 1.0 0.246143932464 0.247776131419 
-4.43443443443 1.0 0.961618700226 1.24910576721 
-4.59459459459 1.0 0.993070259711 1.20321019928 
-9.71971971972 1.0 0.290684124469 -0.321734808475 
1.39139139139 1.0 0.983950052752 0.962919558122 
0.890890890891 1.0 0.777632176518 0.784696433943 
-8.97897897898 1.0 -0.431178912314 -0.343779976395 
-6.87687687688 1.0 -0.559424700424 -0.168403631463 
-9.95995995996 1.0 0.509997599178 -0.31323203096 
9.75975975976 1.0 -0.328751980598 -0.149526320101 
2.33233233233 1.0 0.723776968945 0.711328060928 
2.31231231231 1.0 0.737445499834 0.724078410241 
8.27827827828 1.0 0.911328515751 0.591104003988 
-2.73273273273 1.0 -0.397563478837 -0.422506624747 
9.5995995996 1.0 -0.173932497848 -0.0638021254048 
8.21821821822 1.0 0.934395989648 0.611414439193 
-7.83783783784 1.0 -0.999869691753 -0.329218089054 
-7.05705705706 1.0 -0.698909584547 -0.216816081373 
2.95295295295 1.0 0.187522900919 0.188123188283 
-5.85585585586 1.0 0.41444188151 0.338798235233 
-3.55355355355 1.0 0.400406942668 0.816925823988 
5.2952952953 1.0 -0.834866389361 -0.909079331313 
-3.29329329329 1.0 0.151119458915 0.460192738539 
-4.45445445445 1.0 0.966918909573 1.24504310965 
-0.530530530531 1.0 -0.505991015532 -0.613672030237 
-7.95795795796 1.0 -0.994599330244 -0.336426830238 
4.31431431431 1.0 -0.921809046742 -1.01472164858 
0.850850850851 1.0 0.75184168035 0.761141767342 
4.77477477477 1.0 -0.998054637396 -1.09344551921 
-8.33833833834 1.0 -0.884974675839 -0.348204803218 
3.91391391391 1.0 -0.69779981921 -0.768812693346 
-2.11211211211 1.0 -0.857031446499 -1.11762676724 
3.55355355355 1.0 -0.400406942668 -0.439526439901 
-3.09309309309 1.0 -0.0484805492288 0.145965323815 
3.75375375375 1.0 -0.574637462441 -0.632254429007 
9.67967967968 1.0 -0.252150304413 -0.106880061486 
1.63163163163 1.0 0.998150103477 0.969827182217 
1.61161161161 1.0 0.999167171889 0.971193820485 
1.93193193193 1.0 0.935496175869 0.908032668107 
-5.37537537538 1.0 0.788157702332 0.699492610388 
8.77877877878 1.0 0.601996584369 0.37475139315 
8.45845845846 1.0 0.822799547447 0.521858057523 
-4.17417417417 1.0 0.858625146533 1.25175388188 
9.6996996997 1.0 -0.271471615699 -0.117585724294 
7.47747747748 1.0 0.929955638285 0.700325162332 
8.37837837838 1.0 0.865626143701 0.554072855166 
4.09409409409 1.0 -0.81486800406 -0.898054101605 
8.67867867868 1.0 0.678779469621 0.423388104895 
-9.23923923924 1.0 -0.184476035731 -0.337196563254 
5.13513513514 1.0 -0.911965725448 -0.995096154743 
7.95795795796 1.0 0.994599330244 0.680032285487 
-0.650650650651 1.0 -0.605704250039 -0.742407181364 
-1.99199199199 1.0 -0.912600742763 -1.19148678767 
4.61461461461 1.0 -0.995223893414 -1.09226422151 
2.23223223223 1.0 0.789111039566 0.772112970129 
5.21521521522 1.0 -0.87622408965 -0.955139846381 
-1.61161161161 1.0 -0.999167171889 -1.2920263871 
6.17617617618 1.0 -0.106805021793 -0.128162213458 
-7.6976976977 1.0 -0.987812502254 -0.318124334117 
6.4964964965 1.0 0.211697196671 0.179620976269 
-6.57657657658 1.0 -0.289200237681 -0.0624274305054 
-7.73773773774 1.0 -0.993251282848 -0.321612967344 
-6.47647647648 1.0 -0.19208980849 -0.0193590670325 
-3.79379379379 1.0 0.606937230307 1.0619819979 
3.41341341341 1.0 -0.268485788917 -0.29490197589 
0.15015015015 1.0 0.149586594914 0.159746230141 
2.91291291291 1.0 0.226691833081 0.228049812502 
3.39339339339 1.0 -0.249148316352 -0.273841457002 
-6.65665665666 1.0 -0.36484968073 -0.0940096774645 
-1.45145145145 1.0 -0.992886849216 -1.27583092829 
3.71371371371 1.0 -0.541416556108 -0.595421607285 
6.5965965966 1.0 0.308305540605 0.266358074689 
-4.11411411411 1.0 0.826308470068 1.237884002 
-8.51851851852 1.0 -0.787202470352 -0.349316950392 
-6.25625625626 1.0 0.0269257963344 0.0898967385803 
2.51251251251 1.0 0.588401237484 0.583755052434 
8.25825825826 1.0 0.919387180273 0.598040867036 
-3.15315315315 1.0 0.0115602420643 0.24221774451 
2.73273273273 1.0 0.397563478837 0.398987544615 
-8.65865865866 1.0 -0.693344009372 -0.34872191903 
8.87887887888 1.0 0.519186710331 0.324252576331 
2.57257257257 1.0 0.53880679503 0.536334143116 
4.11411411411 1.0 -0.826308470068 -0.910620745912 
-7.17717717718 1.0 -0.779578080518 -0.24354239186 
-5.53553553554 1.0 0.679917243139 0.575218993938 
-1.59159159159 1.0 -0.999783786273 -1.291852238 
-1.75175175175 1.0 -0.983672194447 -1.27815424758 
3.51351351351 1.0 -0.363405633971 -0.398812681293 
-4.13413413413 1.0 0.837417761709 1.24315102344 
8.75875875876 1.0 0.617860839267 0.384640009995 
-9.93993993994 1.0 0.492675811867 -0.313949061693 
-6.97697697698 1.0 -0.639456909771 -0.196592276085 
7.65765765766 1.0 0.980790267476 0.711342222798 
-0.31031031031 1.0 -0.305354140677 -0.363224079267 
5.45545545546 1.0 -0.736397402892 -0.799953033256 
-4.97497497497 1.0 0.965721938658 0.996730708047 
-4.65465465465 1.0 0.998333836705 1.17872120128 
-5.91591591592 1.0 0.359068265792 0.2976376577 
9.15915915916 1.0 0.26250641876 0.176030837877 
-7.25725725726 1.0 -0.827180739833 -0.259122277383 
-3.91391391391 1.0 0.69779981921 1.14848810799 
-1.39139139139 1.0 -0.983950052752 -1.26115981613 
-9.81981981982 1.0 0.384846824231 -0.318223923695 
-4.51451451451 1.0 0.980486642048 1.22989668342 
-3.45345345345 1.0 0.306830209454 0.689237054106 
6.7967967968 1.0 0.491325964149 0.420044765929 
0.11011011011 1.0 0.109887744787 0.116587445623 
1.87187187187 1.0 0.955018091318 0.926486077865 
9.4994994995 1.0 -0.0746520259067 -0.00949737912952 
-2.07207207207 1.0 -0.876970223046 -1.14453319429 
5.7957957958 1.0 -0.468320967329 -0.506996634362 
-0.890890890891 1.0 -0.777632176518 -0.970728081011 
0.790790790791 1.0 0.710909644644 0.723359351483 
-2.17217217217 1.0 -0.824557973258 -1.07297211509 
-9.77977977978 1.0 0.347592070824 -0.319635108052 
-0.550550550551 1.0 -0.523156507537 -0.635637674626 
-6.4964964965 1.0 -0.211697196671 -0.0282973417587 
-0.41041041041 1.0 -0.398985690337 -0.4786349971 
-1.35135135135 1.0 -0.97601842181 -1.24882797119 
6.37637637638 1.0 0.0930562402792 0.0685646117489 
4.81481481481 1.0 -0.994759058541 -1.08935696281 
8.1981981982 1.0 0.941340119153 0.617843348398 
9.1991991992 1.0 0.223670498102 0.154333110498 
-6.15615615616 1.0 0.126687794244 0.146214909523 
-2.83283283283 1.0 -0.303877337824 -0.270348279717 
0.650650650651 1.0 0.605704250039 0.624132596188 
9.3993993994 1.0 0.0253758371902 0.0451183930129 
-3.61361361361 1.0 0.454687183165 0.886738355995 
-6.55655655656 1.0 -0.269979026825 -0.0541364859405 
5.67567567568 1.0 -0.570824460166 -0.618162827335 
5.3953953954 1.0 -0.775678794758 -0.843401811241 
-9.0990990991 1.0 -0.319952035985 -0.340964030848 
-7.91791791792 1.0 -0.997956771974 -0.334241214395 
5.23523523524 1.0 -0.866401418913 -0.944185670979 
-8.37837837838 1.0 -0.865626143701 -0.348658005685 
4.73473473473 1.0 -0.99975034402 -1.09578489817 
-3.13313313313 1.0 -0.00845941955823 0.210254290292 
-3.87387387387 1.0 0.668567805308 1.12240836327 
2.05205205205 1.0 0.886414355831 0.862259781574 
9.37937937938 1.0 0.0453829883483 0.0560588495713 
6.3963963964 1.0 0.112969411094 0.0875287054688 
9.63963963964 1.0 -0.213212289782 -0.0853891473954 
8.97897897898 1.0 0.431178912314 0.272263860172 
-4.39439439439 1.0 0.949864345085 1.25568739841 
3.01301301301 1.0 0.128225638051 0.127163375797 
3.69369369369 1.0 -0.524477262156 -0.576650092805 
2.21221221221 1.0 0.801249393857 0.78336878835 
-0.17017017017 1.0 -0.169350063744 -0.200294070206 
-3.33333333333 1.0 0.190567962875 0.519873749942 
3.65365365365 1.0 -0.489974935275 -0.538444379222 
-4.71471471471 1.0 0.999997295481 1.15074074354 
1.71171171171 1.0 0.990087845702 0.960875316186 
6.57657657658 1.0 0.289200237681 0.249488231642 
3.67367367367 1.0 -0.507327764109 -0.557654458578 
-3.41341341341 1.0 0.268485788917 0.634564262983 
-7.75775775776 1.0 -0.995374053792 -0.323258859726 
-2.59259259259 1.0 -0.521834495241 -0.62087965864 
9.61961961962 1.0 -0.193611192318 -0.0746068822813 
9.07907907908 1.0 0.338854295004 0.219134798743 
-6.13613613614 1.0 0.146519791772 0.157971334488 
-1.13113113113 1.0 -0.904894218889 -1.14576622351 
2.55255255255 1.0 0.555563147622 0.552400908882 
8.81881881882 1.0 0.569550710787 0.354753971157 
-4.63463463463 1.0 0.996978653508 1.18728748686 
9.01901901902 1.0 0.39471619201 0.251130267745 
-4.57457457457 1.0 0.990518615549 1.21054372557 
-0.770770770771 1.0 -0.69668837635 -0.862228198693 
9.41941941942 1.0 0.00535851570584 0.0341811715227 
-6.45645645646 1.0 -0.172405433055 -0.0102568015213 
-2.15215215215 1.0 -0.835718856574 -1.08842951694 
3.53353353353 1.0 -0.381982835353 -0.419241002358 
-3.01301301301 1.0 -0.128225638051 0.0166663219548 
-8.23823823824 1.0 -0.927077365617 -0.346491250473 
9.77977977978 1.0 -0.347592070824 -0.160109798656 
0.990990990991 1.0 0.836569314705 0.837735037431 
3.49349349349 1.0 -0.34468278404 -0.378252109734 
-9.31931931932 1.0 -0.105263273301 -0.334852981763 
-5.75575575576 1.0 0.503313872361 0.409944935815 
-9.53953953954 1.0 0.114509838728 -0.327867477626 
-4.87487487487 1.0 0.986828185163 1.06142558306 
1.81181181181 1.0 0.971096090611 0.941929211381 
1.35135135135 1.0 0.97601842181 0.956789728948 
-6.07607607608 1.0 0.205631771434 0.194207740093 
-5.13513513514 1.0 0.911965725448 0.883072960482 
-1.31131131131 1.0 -0.966522242485 -1.23448234484 
2.15215215215 1.0 0.835718856574 0.815296160139 
-7.57757757758 1.0 -0.96204298189 -0.305980852718 
1.15115115115 1.0 0.91323356617 0.904748429139 
3.09309309309 1.0 0.0484805492288 0.044231191208 
7.4974974975 1.0 0.93712958481 0.702762193925 
6.27627627628 1.0 -0.00690897593668 -0.02844967386 
-5.8958958959 1.0 0.377679973455 0.311222335749 
-8.75875875876 1.0 -0.617860839267 -0.347652141697 
-1.79179179179 1.0 -0.975679725882 -1.26928136034 
-9.8998998999 1.0 0.45744688336 -0.31537975809 
4.79479479479 1.0 -0.996606561851 -1.09161945826 
-5.6956956957 1.0 0.554273288059 0.453984235446 
2.53253253253 1.0 0.572096837274 0.568209106074 
5.37537537538 1.0 -0.788157702332 -0.857227691462 
-0.690690690691 1.0 -0.637069722791 -0.783462288324 
1.11111111111 1.0 0.89619220103 0.890087526218 
-3.47347347347 1.0 0.325821789448 0.715837231059 
4.15415415415 1.0 -0.848191426515 -0.934612286284 
-4.05405405405 1.0 0.791012020637 1.21814415308 
8.93893893894 1.0 0.466950456861 0.293215253073 
6.33633633634 1.0 0.0531260071326 0.0301673056415 
-6.27627627628 1.0 0.00690897593668 0.0791306739592 
-1.95195195195 1.0 -0.928235370545 -1.21154807452 
7.77777777778 1.0 0.997097890944 0.705763018859 
-5.77577577578 1.0 0.485914794209 0.3954788044 
8.05805805806 1.0 0.979248576653 0.657663126566 
1.21121121121 1.0 0.936042896216 0.924093670083 
2.67267267267 1.0 0.451923110669 0.452261887786 
-3.71371371371 1.0 0.541416556108 0.99066507574 
-1.81181181181 1.0 -0.971096090611 -1.26401714397 
0.39039039039 1.0 0.380549461752 0.401942626577 
5.55555555556 1.0 -0.665101514979 -0.721386926712 
-2.09209209209 1.0 -0.867174611281 -1.13136626233 
9.27927927928 1.0 0.144985860003 0.110739762607 
1.49149149149 1.0 0.996857019318 0.972002013923 
5.15515515516 1.0 -0.903569980268 -0.985694483737 
-3.51351351351 1.0 0.363405633971 0.767476525391 
7.83783783784 1.0 0.999869691753 0.699395008618 
3.25325325325 1.0 -0.111428711879 -0.125128651048 
-2.63263263263 1.0 -0.487269347053 -0.566224758172 
-4.55455455455 1.0 0.987569983594 1.21744351253 
3.07307307307 1.0 0.0684659772958 0.0651154234362 
7.6976976977 1.0 0.987812502254 0.710578474402 
4.59459459459 1.0 -0.993070259711 -1.09013881494 
-10.0 1.0 0.544021110889 -0.311795237732 
-9.87987987988 1.0 0.439553861488 -0.316093160079 
-3.65365365365 1.0 0.489974935275 0.930225231459 
-1.73173173173 1.0 -0.987077824457 -1.2817666789 
-0.0700700700701 1.0 -0.0700127456343 -0.0848588587699 
-5.97597597598 1.0 0.302399804444 0.257732909983 
3.87387387387 1.0 -0.668567805308 -0.736423898695 
0.670670670671 1.0 0.62151153354 0.63923063722 
7.1971971972 1.0 0.791959659904 0.632146099578 
-8.2982982983 1.0 -0.902904601864 -0.347622283446 
7.87787787788 1.0 0.99971449835 0.693895877479 
0.930930930931 1.0 0.802176135594 0.806922694902 
-5.0950950951 1.0 0.927657483133 0.912421857107 
-6.83683683684 1.0 -0.525796755923 -0.156178185173 
2.47247247247 1.0 0.620296125676 0.61404620046 
-1.93193193193 1.0 -0.935496175869 -1.2207290845 
-7.0970970971 1.0 -0.726978798959 -0.226191640705 
7.31731731732 1.0 0.859418901282 0.66931300578 
-5.43543543544 1.0 0.749793457774 0.652758637017 
-0.830830830831 1.0 -0.738491823944 -0.918032424412 
-2.97297297297 1.0 -0.167821766571 -0.0479308448277 
0.29029029029 1.0 0.286230381945 0.304835721705 
-6.1961961962 1.0 0.0868794431893 0.123192405212 
3.85385385385 1.0 -0.653546911213 -0.719771684068 
7.55755755756 1.0 0.956387136503 0.708221577835 
7.43743743744 1.0 0.914492625181 0.694507343646 
7.3973973974 1.0 0.897563688968 0.687412709675 
-6.77677677678 1.0 -0.473791717778 -0.136779864705 
-3.49349349349 1.0 0.34468278404 0.741922693058 
-9.05905905906 1.0 -0.357620745349 -0.341949468218 
0.23023023023 1.0 0.228201684929 0.243867970309 
8.3983983984 1.0 0.855429505195 0.546223804842 
2.81281281281 1.0 0.322888465175 0.324935230296 
6.47647647648 1.0 0.19208980849 0.16159687957 
