-9.85985985986 1.0 0.421484671785 0.458453241363 
6.35635635636 1.0 0.0731057736575 0.0767640036353 
-2.81281281281 1.0 -0.322888465175 -0.347160020741 
-2.95295295295 1.0 -0.187522900919 -0.162921762363 
1.89189189189 1.0 0.948890220341 0.949650213946 
4.67467467467 1.0 -0.999288899866 -0.998587978233 
-6.3963963964 1.0 -0.112969411094 -0.114778041158 
-5.4954954955 1.0 0.708725363073 0.700582881167 
-8.7987987988 1.0 -0.585891056576 -0.546878469926 
-9.55955955956 1.0 0.13437389375 0.159983618687 
-8.53853853854 1.0 -0.774699305584 -0.734853141754 
-6.53653653654 1.0 -0.250649611665 -0.258217885296 
7.33733733734 1.0 0.869481672757 0.869646418275 
6.83683683684 1.0 0.525796755923 0.550304437986 
1.45145145145 1.0 0.992886849216 0.992423797011 
-7.71771771772 1.0 -0.990730428893 -0.988270328805 
1.65165165165 1.0 0.996732988666 0.996330639246 
-0.0900900900901 1.0 -0.0899682743046 -0.0864546790024 
1.23123123123 1.0 0.942899611382 0.942607653017 
3.59359359359 1.0 -0.436766402789 -0.440088474403 
0.870870870871 1.0 0.764890207772 0.764096623398 
-7.63763763764 1.0 -0.976688773762 -0.97927622877 
0.37037037037 1.0 0.361960713579 0.361184599917 
9.35935935936 1.0 0.0653719505576 0.117506207728 
3.13313313313 1.0 0.00845941955822 0.0126610909185 
7.81781781782 1.0 0.999346160464 0.952612149412 
-1.17117117117 1.0 -0.921206900567 -0.978833899323 
-2.37237237237 1.0 -0.695575258639 -0.84241677261 
-6.33633633634 1.0 -0.0531260071326 -0.0527688893892 
8.07807807808 1.0 0.974995298193 0.911455553172 
-7.81781781782 1.0 -0.999346160464 -0.990401620176 
-4.29429429429 1.0 0.913864194148 0.990887195063 
-4.77477477477 1.0 0.998054637396 1.00161593481 
-5.7957957958 1.0 0.468320967329 0.470751484455 
-8.6986986987 1.0 -0.66394288333 -0.623893255885 
8.23823823824 1.0 0.927077365617 0.860112154441 
-0.13013013013 1.0 -0.1297631736 -0.125934880288 
0.13013013013 1.0 0.1297631736 0.130992307375 
-8.61861861862 1.0 -0.721633711464 -0.68137623568 
-7.07707707708 1.0 -0.713087090062 -0.735708764649 
8.91891891892 1.0 0.484559073218 0.470050757494 
2.29229229229 1.0 0.750818471552 0.75646652924 
-8.87887887888 1.0 -0.519186710331 -0.481526573938 
8.95895895896 1.0 0.449154692451 0.440402412719 
-0.19019019019 1.0 -0.189045659132 -0.184878803826 
-4.33433433433 1.0 0.929384449502 0.99892304278 
-0.39039039039 1.0 -0.380549461752 -0.377126453521 
-4.53453453453 1.0 0.984225545624 1.01896187097 
4.47447447447 1.0 -0.971831589603 -0.969157606425 
-8.15815815816 1.0 -0.9540939133 -0.92525872699 
4.19419419419 1.0 -0.868714740054 -0.867957184901 
4.91491491491 1.0 -0.979561626072 -0.985662467284 
-5.5955955956 1.0 0.634676409709 0.630318158358 
-9.03903903904 1.0 -0.376243865658 -0.342243289781 
-1.05105105105 1.0 -0.867945718946 -0.908913216849 
-0.870870870871 1.0 -0.764890207772 -0.785710970028 
5.11511511512 1.0 -0.919995965877 -0.934345858351 
-8.55855855856 1.0 -0.761885650774 -0.72187606871 
2.27227227227 1.0 0.763890524376 0.769259186464 
3.15315315315 1.0 -0.0115602420643 -0.00774840766486 
3.99399399399 1.0 -0.752863081707 -0.754759337333 
-8.3983983984 1.0 -0.855429505195 -0.817901314675 
-4.89489489489 1.0 0.983391971377 0.976983409367 
7.11711711712 1.0 0.740579143612 0.757273558619 
0.830830830831 1.0 0.738491823944 0.737591100202 
-1.55155155155 1.0 -0.999814825028 -1.1195164746 
0.03003003003 1.0 0.0300255167065 0.0323411552213 
8.73873873874 1.0 0.633477463068 0.595749627207 
-8.8988988989 1.0 -0.501973484202 -0.464711516019 
-9.51951951952 1.0 0.094599889559 0.120000210915 
-9.41941941942 1.0 -0.00535851570584 0.0204578800428 
-6.23623623624 1.0 0.046931825201 0.0502309551811 
3.77377377377 1.0 -0.590905760288 -0.594620907724 
-6.8968968969 1.0 -0.575905704393 -0.596534447581 
-4.83483483483 1.0 0.99251286792 0.990601303705 
0.21021021021 1.0 0.208665487323 0.209090393447 
-1.77177177177 1.0 -0.979872320608 -1.13197763072 
-8.67867867868 1.0 -0.678779469621 -0.638622791518 
0.970970970971 1.0 0.825434213842 0.824888314598 
-1.71171171171 1.0 -0.990087845702 -1.13430552511 
-0.49049049049 1.0 -0.471058607419 -0.469601090079 
6.01601601602 1.0 -0.264002216892 -0.283090123996 
-8.77877877878 1.0 -0.601996584369 -0.562713804637 
7.7977977978 1.0 0.998422103411 0.95342585078 
-0.670670670671 1.0 -0.62151153354 -0.627352035066 
0.950950950951 1.0 0.813968289004 0.813377070576 
-8.11811811812 1.0 -0.965318303844 -0.938455781498 
-9.57957957958 1.0 0.154184093352 0.179991317428 
7.25725725726 1.0 0.827180739833 0.834197557984 
-4.75475475475 1.0 0.999102704803 1.0047043717 
-2.77277277277 1.0 -0.360514923027 -0.398584160459 
3.17317317317 1.0 -0.0315752704827 -0.0281582325961 
-2.49249249249 1.0 -0.604469813648 -0.726383123718 
-3.31331331331 1.0 0.170877953796 0.299212937081 
-3.77377377377 1.0 0.590905760288 0.74762193518 
-5.73573573574 1.0 0.520511228445 0.521155467427 
-3.89389389389 1.0 0.683320745574 0.828183863088 
-5.33533533534 1.0 0.812162990678 0.798935521613 
-9.45945945946 1.0 0.034674546587 0.0601785620708 
-5.41541541542 1.0 0.762889004574 0.751957715937 
-7.67767767768 1.0 -0.984498672401 -0.984589080938 
-3.93393393393 1.0 0.711999223182 0.851635633319 
-9.17917917918 1.0 -0.243137181641 -0.212728806958 
9.71971971972 1.0 -0.290684124469 -0.199038415306 
-7.8978978979 1.0 -0.999035835857 -0.984947254648 
1.51151151151 1.0 0.998243169988 0.997746762348 
-8.27827827828 1.0 -0.911328515751 -0.87743212201 
6.87687687688 1.0 0.559424700424 0.583844238866 
4.45445445445 1.0 -0.966918909573 -0.964227663978 
-0.01001001001 1.0 -0.0100098428432 -0.00726721155341 
-1.11111111111 1.0 -0.89619220103 -0.945198233228 
-3.99399399399 1.0 0.752863081707 0.883691332143 
-4.09409409409 1.0 0.81486800406 0.929007198746 
0.0500500500501 1.0 0.0500291567086 0.0521267642416 
7.15715715716 1.0 0.766884055736 0.781157378512 
-2.93293293293 1.0 -0.207148878373 -0.189476276245 
-6.93693693694 1.0 -0.608168751487 -0.629593735893 
7.57757757758 1.0 0.96204298189 0.938460444746 
4.33433433433 1.0 -0.929384449502 -0.927161353281 
-6.21621621622 1.0 0.066919044364 0.0706867464452 
8.57857857858 1.0 0.748766641479 0.695334357334 
8.0980980981 1.0 0.970351253498 0.906061149118 
1.53153153153 1.0 0.999229236959 0.998729010516 
8.998998999 1.0 0.413030320922 0.410191428572 
6.41641641642 1.0 0.132837305145 0.140625285898 
-6.61661661662 1.0 -0.327287278425 -0.338284122159 
7.67767767768 1.0 0.984498672401 0.950795350712 
6.996996997 1.0 0.654719669029 0.676796583693 
5.05505505506 1.0 -0.941862214566 -0.953612706656 
-3.03303303303 1.0 -0.108346513523 -0.0567035333191 
-5.63563563564 1.0 0.603233924101 0.600381993677 
-6.6966966967 1.0 -0.401827232414 -0.416105138387 
-8.43843843844 1.0 -0.834011915114 -0.795609512679 
-0.33033033033 1.0 -0.32435551719 -0.320327165319 
-7.01701701702 1.0 -0.669720024621 -0.692145648658 
5.87587587588 1.0 -0.396140311588 -0.421629579383 
-5.57557557558 1.0 0.650019222236 0.644898678408 
-4.49449449449 1.0 0.976354771373 1.01755575458 
0.570570570571 1.0 0.540112324789 0.538786567186 
8.11811811812 1.0 0.965318303844 0.900366748498 
9.25925925926 1.0 0.164763965562 0.202011145863 
-5.01501501502 1.0 0.954557149695 0.942016064119 
-4.01401401401 1.0 0.765888052358 0.893556368851 
-4.31431431431 1.0 0.921809046742 0.995079103666 
9.83983983984 1.0 -0.403246556161 -0.306699850691 
1.77177177177 1.0 0.979872320608 0.979862079057 
-3.83383383383 1.0 0.63826408348 0.78983138043 
4.41441441441 1.0 -0.955933085822 -0.953294191141 
-6.63663663664 1.0 -0.346137843492 -0.357976446107 
-8.5985985986 1.0 -0.735347535638 -0.695132924693 
-0.810810810811 1.0 -0.724845989014 -0.74035565927 
-2.33233233233 1.0 -0.723776968945 -0.877097980575 
3.37337337337 1.0 -0.229710988177 -0.230167183285 
4.69469469469 1.0 -0.999843460211 -0.999530115072 
5.01501501502 1.0 -0.954557149695 -0.964615137977 
-6.996996997 1.0 -0.654719669029 -0.676972398822 
2.39239239239 1.0 0.681053382124 0.688027232059 
-3.53353353353 1.0 0.381982835353 0.54010596984 
-4.73473473473 1.0 0.99975034402 1.00749930163 
-6.81681681682 1.0 -0.508663293061 -0.527173439429 
-1.69169169169 1.0 -0.992701051804 -1.13409773426 
5.03503503504 1.0 -0.948399735659 -0.959298331108 
3.03303303303 1.0 0.108346513523 0.114371003192 
-4.61461461461 1.0 0.995223893414 1.01802384566 
5.75575575576 1.0 -0.503313872361 -0.53200647096 
-3.97397397397 1.0 0.739536372707 0.873418361953 
1.67167167167 1.0 0.994916395419 0.994556024731 
-7.45745745746 1.0 -0.922408976872 -0.935067722286 
5.07507507508 1.0 -0.934947206573 -0.947558520231 
6.13613613614 1.0 -0.146519791772 -0.158299663501 
-7.15715715716 1.0 -0.766884055736 -0.788994170044 
6.97697697698 1.0 0.639456909771 0.662140259232 
3.89389389389 1.0 -0.683320745574 -0.686297120542 
-4.25425425425 1.0 0.896879023055 0.98144490703 
7.27727727728 1.0 0.838264195546 0.843645695172 
1.69169169169 1.0 0.992701051804 0.992391429648 
9.0990990991 1.0 0.319952035985 0.332384721568 
-4.91491491491 1.0 0.979561626072 0.97186941517 
-3.69369369369 1.0 0.524477262156 0.685295360064 
-1.57157157157 1.0 -0.999999699498 -1.12296045562 
3.11311311311 1.0 0.0284756907485 0.033060713083 
9.51951951952 1.0 -0.094599889559 -0.0213445576809 
-3.57357357357 1.0 0.41867057176 0.578922446614 
-1.15115115115 1.0 -0.91323356617 -0.967926279249 
-4.15415415415 1.0 0.848191426515 0.951489103903 
-7.1971971972 1.0 -0.791959659904 -0.813480008263 
5.995995996 1.0 -0.2832577738 -0.303417298081 
8.35835835836 1.0 0.875475849797 0.810014675776 
0.01001001001 1.0 0.0100098428432 0.0125410141643 
8.85885885886 1.0 0.536191852752 0.513406949935 
-5.61561561562 1.0 0.61907922661 0.615478397168 
1.07107107107 1.0 0.877714248189 0.877345418929 
-1.47147147147 1.0 -0.995071340501 -1.10144760661 
1.99199199199 1.0 0.912600742763 0.914305543138 
9.43943943944 1.0 -0.0146609534063 0.0485642023156 
-6.5965965966 1.0 -0.308305540605 -0.318451368382 
-7.7977977978 1.0 -0.998422103411 -0.990777313615 
3.33333333333 1.0 -0.190567962875 -0.190298250015 
-0.850850850851 1.0 -0.75184168035 -0.770812964807 
6.73673673674 1.0 0.438160658811 0.461417285368 
-1.23123123123 1.0 -0.942899611382 -1.00965830822 
2.61261261261 1.0 0.504653050544 0.513559375769 
-7.3973973974 1.0 -0.897563688968 -0.912970742943 
-0.510510510511 1.0 -0.488622728493 -0.487721579927 
1.55155155155 1.0 0.999814825028 0.999315498224 
-9.5995995996 1.0 0.173932497848 0.200003251545 
-9.35935935936 1.0 -0.0653719505576 -0.0387811138914 
8.51851851852 1.0 0.787202470352 0.729329643932 
2.59259259259 1.0 0.521834495241 0.530646931532 
6.67667667668 1.0 0.38341529066 0.404970162862 
2.03203203203 1.0 0.895503224543 0.897656715551 
7.01701701702 1.0 0.669720024621 0.69110544674 
1.59159159159 1.0 0.999783786273 0.999302938159 
-8.81881881882 1.0 -0.569550710787 -0.530836993629 
7.75775775776 1.0 0.995374053792 0.953991950795 
6.63663663664 1.0 0.346137843492 0.36619626313 
-4.07407407407 1.0 0.803100948886 0.920738633429 
-2.79279279279 1.0 -0.341770182763 -0.372967702175 
-7.55755755756 1.0 -0.956387136503 -0.963732083921 
-7.35735735736 1.0 -0.879195966573 -0.896220326613 
-5.21521521522 1.0 0.87622408965 0.861039306998 
5.83583583584 1.0 -0.432577348176 -0.459382374545 
-9.13913913914 1.0 -0.281770446506 -0.250346069118 
4.85485485485 1.0 -0.989868890237 -0.993861811232 
-2.61261261261 1.0 -0.504653050544 -0.594244481185 
0.810810810811 1.0 0.724845989014 0.723892109667 
-1.49149149149 1.0 -0.996857019318 -1.10659535503 
-3.25325325325 1.0 0.111428711879 0.226521379735 
-3.59359359359 1.0 0.436766402789 0.597709913116 
8.47847847848 1.0 0.811257411747 0.750897914782 
-1.91191191191 1.0 -0.942382045726 -1.108599119 
9.53953953954 1.0 -0.114509838728 -0.0389491461638 
-0.45045045045 1.0 -0.435371096772 -0.432970532557 
-2.29229229229 1.0 -0.750818471552 -0.909670086839 
-3.19319319319 1.0 0.0515776439174 0.151479071765 
-7.37737737738 1.0 -0.888557889358 -0.90479622271 
6.15615615616 1.0 -0.126687794244 -0.137131451438 
-8.0980980981 1.0 -0.970351253498 -0.944523276209 
1.43143143143 1.0 0.99030442098 0.989857655771 
-8.93893893894 1.0 -0.466950456861 -0.430545007503 
-2.87287287287 1.0 -0.265497380359 -0.268798742212 
-0.47047047047 1.0 -0.453305691794 -0.451349066639 
-5.3953953954 1.0 0.775678794758 0.764117074472 
1.01101101101 1.0 0.84736912878 0.846904802398 
0.630630630631 1.0 0.589654207656 0.588346666278 
8.55855855856 1.0 0.761885650774 0.70688018964 
-5.03503503504 1.0 0.948399735659 0.93519185531 
0.41041041041 1.0 0.398985690337 0.398014867569 
4.29429429429 1.0 -0.913864194148 -0.9119808417 
8.63863863864 1.0 0.707630665292 0.659457011233 
8.71871871872 1.0 0.648840196822 0.608865200289 
-3.07307307307 1.0 -0.0684659772958 -0.00388706138944 
-5.65565565566 1.0 0.587146852786 0.585031743949 
-6.0960960961 1.0 0.185999691898 0.191603612914 
-8.25825825826 1.0 -0.919387180273 -0.886239160909 
2.87287287287 1.0 0.265497380359 0.273691424686 
-9.4994994995 1.0 0.0746520259067 0.100034257805 
-2.51251251251 1.0 -0.588401237484 -0.705403752549 
7.03703703704 1.0 0.684451964588 0.705061839941 
-2.21221221221 1.0 -0.801249393857 -0.96830043887 
1.17117117117 1.0 0.921206900567 0.920915982033 
2.07207207207 1.0 0.876970223046 0.879607333758 
1.03103103103 1.0 0.857829327634 0.857400647482 
-8.01801801802 1.0 -0.986576173517 -0.965173840499 
-9.33933933934 1.0 -0.0853347124856 -0.0584156801475 
3.43343343343 1.0 -0.28771565565 -0.289166482123 
3.05305305305 1.0 0.0884239650333 0.0941054619059 
1.27127127127 1.0 0.955476737061 0.955167277375 
-3.05305305305 1.0 -0.0884239650333 -0.0302537896518 
-0.37037037037 1.0 -0.361960713579 -0.358292608406 
0.590590590591 1.0 0.556851671602 0.555524209903 
4.35435435435 1.0 -0.936587366299 -0.934224999821 
5.27527527528 1.0 -0.845718424022 -0.866862456972 
0.510510510511 1.0 0.488622728493 0.487354966743 
6.23623623624 1.0 -0.046931825201 -0.0518188034501 
-1.67167167167 1.0 -0.994916395419 -1.13340830993 
-6.31631631632 1.0 -0.0331249483513 -0.0321063910654 
0.33033033033 1.0 0.32435551719 0.323818174462 
-4.85485485485 1.0 0.989868890237 0.98635008838 
8.2982982983 1.0 0.902904601864 0.836242248034 
2.77277277277 1.0 0.360514923027 0.369421301795 
-1.01101101101 1.0 -0.84736912878 -0.883329149982 
-4.27427427427 1.0 0.905553075921 0.9863436927 
-0.610610610611 1.0 -0.573367839051 -0.576176329272 
-8.03803803804 1.0 -0.983109384216 -0.960560667658 
-4.99499499499 1.0 0.960331988856 0.948556274126 
-6.73673673674 1.0 -0.438160658811 -0.453963577007 
7.37737737738 1.0 0.888557889358 0.885020869826 
-1.29129129129 1.0 -0.961192106815 -1.037504854 
-2.03203203203 1.0 -0.895503224543 -1.06756681351 
3.45345345345 1.0 -0.306830209454 -0.308582133942 
-8.05805805806 1.0 -0.979248576653 -0.955579037423 
4.87487487487 1.0 -0.986828185163 -0.991497545601 
3.63363363363 1.0 -0.472425730458 -0.476000089457 
-4.47447447447 1.0 0.971831589603 1.01637507838 
-7.93793793794 1.0 -0.996477739177 -0.979881028444 
4.93493493493 1.0 -0.975338684403 -0.982191363723 
-7.41741741742 1.0 -0.906209755988 -0.920741935801 
-5.23523523524 1.0 0.866401418913 0.851389793181 
-9.67967967968 1.0 0.252150304413 0.279998905693 
-8.45845845846 1.0 -0.822799547447 -0.784023860036 
5.41541541542 1.0 -0.762889004574 -0.788949393677 
-9.43943943944 1.0 0.0146609534063 0.0402988212475 
2.19219219219 1.0 0.813066617154 0.817308397638 
-2.55255255255 1.0 -0.555563147622 -0.662149419819 
-2.65265265265 1.0 -0.469690351946 -0.547141808675 
5.91591591592 1.0 -0.359068265792 -0.383003374464 
4.49449449449 1.0 -0.976354771373 -0.97372849705 
-9.1991991992 1.0 -0.223670498102 -0.19375748528 
8.7987987988 1.0 0.585891056576 0.555338685532 
0.25025025025 1.0 0.247646422081 0.247712760724 
-0.25025025025 1.0 -0.247646422081 -0.243352766514 
-2.89289289289 1.0 -0.246143932464 -0.24243620707 
-4.21421421421 1.0 0.878456163293 0.970566450429 
-7.11711711712 1.0 -0.740579143612 -0.763056478595 
2.11211211211 1.0 0.857031446499 0.860182005049 
6.45645645646 1.0 0.172405433055 0.182818258811 
0.690690690691 1.0 0.637069722791 0.635841580125 
-1.37137137137 1.0 -0.980180659514 -1.06970510473 
1.37137137137 1.0 0.980180659514 0.979789559082 
3.81381381381 1.0 -0.622725447279 -0.626275034372 
9.87987987988 1.0 -0.439553861488 -0.342623302115 
0.27027027027 1.0 0.266991905564 0.266892386689 
7.2972972973 1.0 0.849011685183 0.852703799814 
8.5985985986 1.0 0.735347535638 0.683579414559 
-6.75675675676 1.0 -0.456067581459 -0.472594131537 
-6.85685685686 1.0 -0.542719485852 -0.562371482328 
8.6986986987 1.0 0.66394288333 0.621797368911 
7.13713713714 1.0 0.753882673169 0.769403454653 
3.29329329329 1.0 -0.151119458915 -0.150087031294 
1.85185185185 1.0 0.960763202681 0.961221821117 
-7.21721721722 1.0 -0.804023831509 -0.825166605801 
5.71571571572 1.0 -0.537499969971 -0.566758034856 
6.71671671672 1.0 0.42007812671 0.442843033999 
-5.25525525526 1.0 0.856231505045 0.841459265287 
-7.85785785786 1.0 -0.999992487454 -0.988460431812 
4.57457457457 1.0 -0.990518615549 -0.988405781177 
2.97297297297 1.0 0.167821766571 0.174789959023 
-6.37637637638 1.0 -0.0930562402792 -0.094115280048 
-9.3993993994 1.0 -0.0253758371902 0.000660826513624 
-5.995995996 1.0 0.2832577738 0.2890184899 
-9.63963963964 1.0 0.213212289782 0.240020834504 
-2.69269269269 1.0 -0.433974744115 -0.498732092963 
-0.15015015015 1.0 -0.149586594914 -0.145625554124 
-2.67267267267 1.0 -0.451923110669 -0.523091381442 
4.39439439439 1.0 -0.949864345085 -0.947292593172 
6.1961961962 1.0 -0.0868794431893 -0.0945797203006 
-8.35835835836 1.0 -0.875475849797 -0.838991546237 
-1.03103103103 1.0 -0.857829327634 -0.896256766351 
-2.25225225225 1.0 -0.776656419186 -0.940083713462 
0.43043043043 1.0 0.417262010319 0.416210390993 
-8.998998999 1.0 -0.413030320922 -0.378032407416 
2.17217217217 1.0 0.824557973258 0.828521111849 
-8.31831831832 1.0 -0.894118814814 -0.858846209534 
-8.95895895896 1.0 -0.449154692451 -0.413203957974 
-2.43243243243 1.0 -0.651196684992 -0.786576290289 
2.09209209209 1.0 0.867174611281 0.870065074874 
4.95495495495 1.0 -0.970724838874 -0.978351091612 
1.41141141141 1.0 0.987325090799 0.986896149339 
-3.67367367367 1.0 0.507327764109 0.668633942152 
2.41241241241 1.0 0.666258547712 0.67347510926 
2.71271271271 1.0 0.415852445773 0.424921436243 
-9.47947947948 1.0 0.054674242632 0.0800920474901 
-4.03403403403 1.0 0.778606064409 0.903016891605 
6.91691691692 1.0 0.592155892373 0.616141363819 
6.77677677678 1.0 0.473791717778 0.497795098666 
-0.21021021021 1.0 -0.208665487323 -0.204429890932 
0.49049049049 1.0 0.471058607419 0.469829303854 
7.35735735736 1.0 0.879195966573 0.8775297998 
0.45045045045 1.0 0.435371096772 0.434249594242 
4.63463463463 1.0 -0.996978653508 -0.995607856704 
-5.17517517518 1.0 0.894812095251 0.879493974069 
-4.37437437437 1.0 0.943414910292 1.00558113944 
9.85985985986 1.0 -0.421484671785 -0.324662536572 
4.53453453453 1.0 -0.984225545624 -0.981789876214 
-2.71271271271 1.0 -0.415852445773 -0.474082489392 
-2.75275275275 1.0 -0.379115173303 -0.423988863124 
-5.2952952953 1.0 0.834866389361 0.820756753496 
7.5975975976 1.0 0.967313252172 0.941681622913 
-2.57257257257 1.0 -0.53880679503 -0.639902525975 
8.15815815816 1.0 0.9540939133 0.888093035262 
7.91791791792 1.0 0.997956771974 0.943365668924 
-4.93493493493 1.0 0.975338684403 0.966469175235 
-4.19419419419 1.0 0.868714740054 0.964579150319 
4.89489489489 1.0 -0.983391971377 -0.988764485942 
1.95195195195 1.0 0.928235370545 0.929530482231 
-1.09109109109 1.0 -0.887131000257 -0.933389741751 
6.61661661662 1.0 0.327287278425 0.346496643376 
7.97797797798 1.0 0.992322298019 0.933797109911 
9.57957957958 1.0 -0.154184093352 -0.0742894591532 
5.85585585586 1.0 -0.41444188151 -0.440619403662 
-5.83583583584 1.0 0.432577348176 0.436023308692 
0.17017017017 1.0 0.169350063744 0.170164802965 
0.0700700700701 1.0 0.0700127456343 0.0718913182849 
-0.970970970971 1.0 -0.825434213842 -0.856682961175 
3.61361361361 1.0 -0.454687183165 -0.458147043172 
-1.85185185185 1.0 -0.960763202681 -1.12176977096 
-9.83983983984 1.0 0.403246556161 0.438798939847 
2.35235235235 1.0 0.709818357066 0.716280815335 
2.25225225225 1.0 0.776656419186 0.781743644519 
-8.1981981982 1.0 -0.941340119153 -0.910669312295 
5.31531531532 1.0 -0.823679750423 -0.846372449447 
4.43443443443 1.0 -0.961618700226 -0.958939547171 
-7.13713713714 1.0 -0.753882673169 -0.776204294114 
-4.35435435435 1.0 0.936587366299 1.00242256399 
-4.81481481481 1.0 0.994759058541 0.994563324579 
-5.67567567568 1.0 0.570824460166 0.569430647873 
9.03903903904 1.0 0.376243865658 0.379445654093 
-6.67667667668 1.0 -0.38341529066 -0.396897422801 
5.17517517518 1.0 -0.894812095251 -0.911773593298 
-9.65965965966 1.0 0.232727934358 0.260017116837 
-1.63163163163 1.0 -0.998150103477 -1.13060989484 
-3.37337337337 1.0 0.229710988177 0.369174600134 
9.33933933934 1.0 0.0853347124856 0.134566687108 
-7.51751751752 1.0 -0.943927941216 -0.953496125057 
4.55455455455 1.0 -0.987569983594 -0.985278861452 
-5.07507507508 1.0 0.934947206573 0.920692671341 
4.21421421421 1.0 -0.878456163293 -0.877449055471 
5.35535535536 1.0 -0.800320725902 -0.824457688512 
7.05705705706 1.0 0.698909584547 0.718661070776 
9.11911911912 1.0 0.30092154409 0.316460197448 
6.25625625626 1.0 -0.0269257963344 -0.0303895128661 
-6.2962962963 1.0 -0.0131106134944 -0.0114649382806 
7.21721721722 1.0 0.804023831509 0.814136211911 
-2.91291291291 1.0 -0.226691833081 -0.215988235414 
5.63563563564 1.0 -0.603233924101 -0.632873877313 
5.8958958959 1.0 -0.377679973455 -0.402421336568 
-5.55555555556 1.0 0.665101514979 0.659217548828 
-5.81581581582 1.0 0.450539443112 0.453496812503 
5.33533533534 1.0 -0.812162990678 -0.835592241773 
5.5955955956 1.0 -0.634676409709 -0.664144737763 
-5.93593593594 1.0 0.340312647942 0.345559558752 
-9.6996996997 1.0 0.271471615699 0.299961656302 
-7.61761761762 1.0 -0.972195835089 -0.976005780576 
-3.39339339339 1.0 0.249148316352 0.391830874231 
3.79379379379 1.0 -0.606937230307 -0.610580388389 
1.83183183183 1.0 0.96612325186 0.96644802028 
-3.73373373373 1.0 0.558138856901 0.717323534465 
5.1951951952 1.0 -0.885695580449 -0.9035179454 
-8.47847847848 1.0 -0.811257411747 -0.772150913089 
5.65565565566 1.0 -0.587146852786 -0.616783429562 
-7.27727727728 1.0 -0.838264195546 -0.857950621074 
-2.45245245245 1.0 -0.635873830576 -0.766981318253 
-6.91691691692 1.0 -0.592155892373 -0.613206196419 
-9.97997997998 1.0 0.527114985665 0.575047665475 
-9.7997997998 1.0 0.366292850383 0.399335004135 
8.17817817818 1.0 0.947906971008 0.881521293787 
4.05405405405 1.0 -0.791012020637 -0.792133581164 
-7.87787787788 1.0 -0.99971449835 -0.986899200814 
9.91991991992 1.0 -0.475156566095 -0.378528268149 
1.25125125125 1.0 0.949378423874 0.949079199109 
-1.87187187187 1.0 -0.955018091318 -1.11791295372 
1.73173173173 1.0 0.987077824457 0.986897831519 
-9.15915915916 1.0 -0.26250641876 -0.231593438634 
-5.47547547548 1.0 0.722706208904 0.713834620658 
-2.13213213213 1.0 -0.846544793956 -1.01804146717 
9.7997997998 1.0 -0.366292850383 -0.270779685315 
-1.89189189189 1.0 -0.948890220341 -1.11352425014 
-1.41141141141 1.0 -0.987325090799 -1.08357614154 
4.99499499499 1.0 -0.960331988856 -0.969562939995 
-1.19119119119 1.0 -0.928811026462 -0.989429196377 
-2.19219219219 1.0 -0.813066617154 -0.981575842767 
4.27427427427 1.0 -0.905553075921 -0.903866835829 
-6.51651651652 1.0 -0.231219739195 -0.23793106098 
-7.65765765766 1.0 -0.980790267476 -0.982137081386 
1.79179179179 1.0 0.975679725882 0.975770207723 
-0.790790790791 1.0 -0.710909644644 -0.724806753742 
-0.710710710711 1.0 -0.65237258226 -0.660595797036 
9.47947947948 1.0 -0.054674242632 0.0137179983286 
5.47547547548 1.0 -0.722706208904 -0.750337023574 
-7.23723723724 1.0 -0.81576576016 -0.836476532344 
-1.43143143143 1.0 -0.99030442098 -1.08993130568 
-7.43743743744 1.0 -0.914492625181 -0.928108088522 
9.21921921922 1.0 0.204114170152 0.235208905695 
1.31131131131 1.0 0.966522242485 0.966184896202 
7.61761761762 1.0 0.972195835089 0.94452348804 
0.19019019019 1.0 0.189045659132 0.189661958791 
7.41741741742 1.0 0.906209755988 0.898826357118 
9.65965965966 1.0 -0.232727934358 -0.145409117933 
3.27327327327 1.0 -0.131300397197 -0.129876625501 
-0.630630630631 1.0 -0.589654207656 -0.593402929576 
6.21621621622 1.0 -0.066919044364 -0.073219511579 
1.97197197197 1.0 0.920602539794 0.922097407346 
0.550550550551 1.0 0.523156507537 0.521840946615 
0.0900900900901 1.0 0.0899682743046 0.0916282196789 
3.83383383383 1.0 -0.63826408348 -0.641699282452 
2.79279279279 1.0 0.341770182763 0.350577881289 
-1.27127127127 1.0 -0.955476737061 -1.02856401758 
4.07407407407 1.0 -0.803100948886 -0.803952971123 
0.770770770771 1.0 0.69668837635 0.695632022101 
4.75475475475 1.0 -0.999102704803 -1.00015940885 
-8.63863863864 1.0 -0.707630665292 -0.667369120708 
-5.1951951952 1.0 0.885695580449 0.870407468012 
4.71471471471 1.0 -0.999997295481 -1.00010634906 
-0.35035035035 1.0 -0.343226895963 -0.33935777534 
-9.27927927928 1.0 -0.144985860003 -0.116911338465 
-9.91991991992 1.0 0.475156566095 0.517058314281 
-1.51151151151 1.0 -0.998243169988 -1.11132722367 
-6.01601601602 1.0 0.264002216892 0.269833799498 
8.53853853854 1.0 0.774699305584 0.718213194412 
-1.21121121121 1.0 -0.936042896216 -0.999706056533 
-6.43643643644 1.0 -0.152651959622 -0.156029222804 
-6.17617617618 1.0 0.106805021793 0.111375716032 
2.63263263263 1.0 0.487269347053 0.496249856401 
-0.27027027027 1.0 -0.266991905564 -0.262713455683 
9.8998998999 1.0 -0.45744688336 -0.360579439366 
-0.930930930931 1.0 -0.802176135594 -0.829019191534 
-6.41641641642 1.0 -0.132837305145 -0.135419611102 
-3.43343343343 1.0 0.28771565565 0.436082260206 
5.73573573574 1.0 -0.520511228445 -0.549518128203 
2.37237237237 1.0 0.695575258639 0.702297351149 
8.65865865866 1.0 0.693344009372 0.647096929635 
-1.83183183183 1.0 -0.96612325186 -1.12509950142 
8.43843843844 1.0 0.834011915114 0.771554979115 
4.51451451451 1.0 -0.980486642048 -0.977939511828 
-3.35335335335 1.0 0.210181594637 0.346178527692 
-7.53753753754 1.0 -0.950347982805 -0.958819396129 
-8.85885885886 1.0 -0.536191852752 -0.498155934044 
2.69269269269 1.0 0.433974744115 0.443053766517 
9.45945945946 1.0 -0.034674546587 0.0311697173939 
0.750750750751 1.0 0.682187883844 0.681083467442 
9.17917917918 1.0 0.243137181641 0.268021648494 
-5.11511511512 1.0 0.919995965877 0.905060923081 
7.0970970971 1.0 0.726978798959 0.744770842831 
3.73373373373 1.0 -0.558138856901 -0.561930736921 
0.710710710711 1.0 0.65237258226 0.651181618874 
7.17717717718 1.0 0.779578080518 0.79253247435 
-5.51551551552 1.0 0.694460468753 0.687061615508 
9.13913913914 1.0 0.281770446506 0.300422584302 
6.31631631632 1.0 0.0331249483513 0.0339496087917 
5.81581581582 1.0 -0.450539443112 -0.477910325335 
9.95995995996 1.0 -0.509997599178 -0.414393421717 
-0.0500500500501 1.0 -0.0500291567086 -0.0468825081112 
-8.21821821822 1.0 -0.934395989648 -0.902861623862 
-6.71671671672 1.0 -0.42007812671 -0.435130575609 
-3.21321321321 1.0 0.0715593456609 0.176728782071 
5.95595595596 1.0 -0.32142063693 -0.343574383515 
6.8968968969 1.0 0.575905704393 0.600151629479 
-5.71571571572 1.0 0.537499969971 0.537488972725 
-8.17817817818 1.0 -0.947906971008 -0.918136250519 
-0.570570570571 1.0 -0.540112324789 -0.541243877591 
-6.95695695696 1.0 -0.623937863975 -0.645689072952 
2.45245245245 1.0 0.635873830576 0.643544074707 
-3.75375375375 1.0 0.574637462441 0.732689006601 
-9.11911911912 1.0 -0.30092154409 -0.268981385297 
6.95695695696 1.0 0.623937863975 0.647141799026 
7.07707707708 1.0 0.713087090062 0.731898760733 
4.37437437437 1.0 -0.943414910292 -0.940935817415 
1.91191191191 1.0 0.942382045726 0.943309479079 
3.97397397397 1.0 -0.739536372707 -0.741673906488 
7.45745745746 1.0 0.922408976872 0.911065591763 
9.97997997998 1.0 -0.527114985665 -0.432304529862 
0.530530530531 1.0 0.505991015532 0.504694636268 
2.01201201201 1.0 0.904233186475 0.906157686838 
6.85685685686 1.0 0.542719485852 0.567226101386 
-7.2972972973 1.0 -0.849011685183 -0.868107574477 
-4.95495495495 1.0 0.970724838874 0.960783248631 
-0.29029029029 1.0 -0.286230381945 -0.28199967922 
2.43243243243 1.0 0.651196684992 0.65864575668 
-1.97197197197 1.0 -0.920602539794 -1.09056405258 
4.65465465465 1.0 -0.998333836705 -0.997280396832 
6.81681681682 1.0 0.508663293061 0.533086777768 
6.0960960961 1.0 -0.185999691898 -0.200363503028 
3.21321321321 1.0 -0.0715593456609 -0.0689405306948 
5.93593593594 1.0 -0.340312647942 -0.363384652199 
8.61861861862 1.0 0.721633711464 0.671619067493 
6.11611611612 1.0 -0.166293065952 -0.179380783654 
9.55955955956 1.0 -0.13437389375 -0.0565984727734 
0.910910910911 1.0 0.790062479764 0.789373411315 
-9.73973973974 1.0 0.309780130585 0.339812160574 
1.33133133133 1.0 0.971465007816 0.971110855547 
4.13413413413 1.0 -0.837417761709 -0.837452221189 
8.31831831832 1.0 0.894118814814 0.827756597016 
-6.05605605606 1.0 0.225181436261 0.231001495794 
4.25425425425 1.0 -0.896879023055 -0.895405730741 
-0.03003003003 1.0 -0.0300255167065 -0.0270771506412 
7.53753753754 1.0 0.950347982805 0.93087224209 
6.6966966967 1.0 0.401827232414 0.424024149883 
-1.65165165165 1.0 -0.996732988666 -1.13224356311 
1.13113113113 1.0 0.904894218889 0.904584577826 
8.8988988989 1.0 0.501973484202 0.484655186594 
-0.910910910911 1.0 -0.790062479764 -0.81481940371 
1.19119119119 1.0 0.928811026462 0.928523469428 
5.4954954955 1.0 -0.708725363073 -0.736790058773 
8.41841841842 1.0 0.844890020967 0.781532385886 
2.49249249249 1.0 0.604469813648 0.61254397855 
9.73973973974 1.0 -0.309780130585 -0.216954269832 
-9.75975975976 1.0 0.328751980598 0.359691127281 
-8.91891891892 1.0 -0.484559073218 -0.447715930262 
-7.997997998 1.0 -0.989647555109 -0.969415442811 
0.47047047047 1.0 0.453305691794 0.452125041436 
-0.590590590591 1.0 -0.556851671602 -0.558788323562 
-8.57857857858 1.0 -0.748766641479 -0.7086344392 
-7.77777777778 1.0 -0.997097890944 -0.990753773177 
-0.750750750751 1.0 -0.682187883844 -0.693094160477 
-1.25125125125 1.0 -0.949378423874 -1.01927972314 
-2.39239239239 1.0 -0.681053382124 -0.824303770378 
-7.03703703704 1.0 -0.684451964588 -0.706997227337 
8.83883883884 1.0 0.552982096013 0.527547206136 
9.31931931932 1.0 0.105263273301 0.151550688385 
-7.5975975976 1.0 -0.967313252172 -0.972325168492 
-9.61961961962 1.0 0.193611192318 0.220014660478 
4.01401401401 1.0 -0.765888052358 -0.767533450297 
6.03603603604 1.0 -0.244640851113 -0.262610673071 
-9.2992992993 1.0 -0.125149645879 -0.0974860208826 
9.05905905906 1.0 0.357620745349 0.363880872419 
-1.07107107107 1.0 -0.877714248189 -0.921292796148 
-2.99299299299 1.0 -0.148053371305 -0.109770428691 
2.83283283283 1.0 0.303877337824 0.312421439222 
8.01801801802 1.0 0.986576173517 0.925801386905 
6.53653653654 1.0 0.250649611665 0.265860734596 
2.65265265265 1.0 0.469690351946 0.478724719351 
3.31331331331 1.0 -0.170877953796 -0.170230729636 
-9.37937937938 1.0 -0.0453829883483 -0.0190872205437 
-8.83883883884 1.0 -0.552982096013 -0.514594448631 
5.43543543544 1.0 -0.749793457774 -0.77641981703 
5.77577577578 1.0 -0.485914794209 -0.514229858049 
-5.05505505506 1.0 0.941862214566 0.928083962709 
-2.85285285285 1.0 -0.284744420138 -0.295054424502 
5.6956956957 1.0 -0.554273288059 -0.583719671652 
-5.87587587588 1.0 0.396140311588 0.400440341069 
7.93793793794 1.0 0.996477739177 0.94050425997 
2.75275275275 1.0 0.379115173303 0.388097981542 
-4.69469469469 1.0 0.999843460211 1.01220325227 
-6.7967967968 1.0 -0.491325964149 -0.509208656841 
8.4984984985 1.0 0.799390133963 0.740225800105 
6.43643643644 1.0 0.152651959622 0.161767901263 
7.73773773774 1.0 0.993251282848 0.95373824994 
-5.45545545546 1.0 0.736397402892 0.726815265912 
0.730730730731 1.0 0.667413978747 0.666264475259 
6.51651651652 1.0 0.231219739195 0.245297320137 
-4.67467467467 1.0 0.999288899866 1.01410931673 
4.23423423423 1.0 -0.887845512006 -0.886599206842 
6.07607607608 1.0 -0.205631771434 -0.221236674907 
0.610610610611 1.0 0.573367839051 0.572046636568 
5.61561561562 1.0 -0.61907922661 -0.648662703269 
-2.27227227227 1.0 -0.763890524376 -0.925149363388 
3.19319319319 1.0 -0.0515776439174 -0.0485588055643 
-7.47747747748 1.0 -0.929955638285 -0.941619587231 
-5.31531531532 1.0 0.823679750423 0.809985702959 
9.81981981982 1.0 -0.384846824231 -0.28873797965 
-2.53253253253 1.0 -0.572096837274 -0.683987953991 
-3.85385385385 1.0 0.653546911213 0.803041842696 
-4.41441441441 1.0 0.955933085822 1.01088890853 
-2.47247247247 1.0 -0.620296125676 -0.746913073786 
-8.13813813814 1.0 -0.959898466376 -0.932033096321 
-2.01201201201 1.0 -0.904233186475 -1.07578878975 
3.23323323323 1.0 -0.0915123672906 -0.0892938053966 
1.75175175175 1.0 0.983672194447 0.983571889033 
-2.05205205205 1.0 -0.886414355831 -1.0587856188 
4.17417417417 1.0 -0.858625146533 -0.858125626355 
0.31031031031 1.0 0.305354140677 0.30495238598 
1.29129129129 1.0 0.961192106815 0.960869805502 
-0.950950950951 1.0 -0.813968289004 -0.842975523296 
-5.35535535536 1.0 0.800320725902 0.787606853732 
-9.21921921922 1.0 -0.204114170152 -0.174684780804 
-8.07807807808 1.0 -0.974995298193 -0.950232147311 
-6.11611611612 1.0 0.166293065952 0.171712829505 
2.93293293293 1.0 0.207148878373 0.214664063975 
7.71771771772 1.0 0.990730428893 0.953122788145 
2.85285285285 1.0 0.284744420138 0.293124111486 
7.63763763764 1.0 0.976688773762 0.94698819024 
-0.43043043043 1.0 -0.417262010319 -0.414470533168 
3.95395395395 1.0 -0.725913266541 -0.728280921495 
7.8978978979 1.0 0.999035835857 0.945894272992 
7.85785785786 1.0 0.999992487454 0.949939261818 
4.83483483483 1.0 -0.99251286792 -0.995857484026 
5.53553553554 1.0 -0.679917243139 -0.708702272659 
-9.01901901902 1.0 -0.39471619201 -0.360212410003 
4.03403403403 1.0 -0.778606064409 -0.779992665264 
-4.79479479479 1.0 0.996606561851 0.998235211408 
-6.35635635636 1.0 -0.0731057736575 -0.0734420248639 
-3.11311311311 1.0 -0.0284756907485 0.0485177505321 
5.0950950951 1.0 -0.927657483133 -0.941136101195 
6.05605605606 1.0 -0.225181436261 -0.241989326997 
-3.81381381381 1.0 0.622725447279 0.776192163091 
3.57357357357 1.0 -0.41867057176 -0.421831956609 
7.51751751752 1.0 0.943927941216 0.926501632078 
-8.73873873874 1.0 -0.633477463068 -0.593745896269 
-7.97797797798 1.0 -0.992322298019 -0.973282449005 
-0.23023023023 1.0 -0.228201684929 -0.223923071942 
-7.33733733734 1.0 -0.869481672757 -0.887245249513 
-2.35235235235 1.0 -0.709818357066 -0.860017489852 
6.55655655656 1.0 0.269979026825 0.286273541098 
-0.730730730731 1.0 -0.667413978747 -0.676940668187 
-1.33133133133 1.0 -0.971465007816 -1.0543305456 
-2.41241241241 1.0 -0.666258547712 -0.805687146543 
9.2992992993 1.0 0.125149645879 0.168454950915 
6.93693693694 1.0 0.608168751487 0.631806846682 
3.47347347347 1.0 -0.325821789448 -0.327857572334 
1.57157157157 1.0 0.999999699498 0.999506624567 
5.97597597598 1.0 -0.302399804444 -0.323582030752 
6.65665665666 1.0 0.36484968073 0.38569085749 
8.03803803804 1.0 0.983109384216 0.921329391909 
8.33833833834 1.0 0.884974675839 0.819012801612 
6.75675675676 1.0 0.456067581459 0.479737638081 
-2.23223223223 1.0 -0.789111039566 -0.954468673972 
-4.23423423423 1.0 0.887845512006 0.976187091319 
-0.11011011011 1.0 -0.109887744787 -0.106209281828 
5.51551551552 1.0 -0.694460468753 -0.722910580965 
2.99299299299 1.0 0.148053371305 0.154722375255 
-3.23323323323 1.0 0.0915123672906 0.201748213019 
10.0 1.0 -0.544021110889 -0.450197897314 
-9.07907907908 1.0 -0.338854295004 -0.305878824802 
2.13213213213 1.0 0.846544793956 0.849961401201 
3.93393393393 1.0 -0.711999223182 -0.714584333976 
-3.27327327327 1.0 0.131300397197 0.251032922842 
-5.95595595596 1.0 0.32142063693 0.326888324002 
1.47147147147 1.0 0.995071340501 0.994594161667 
-7.4974974975 1.0 -0.93712958481 -0.947762657318 
-3.17317317317 1.0 0.0315752704827 0.126015671056 
-5.27527527528 1.0 0.845718424022 0.831248106672 
9.93993993994 1.0 -0.492675811867 -0.396467136603 
5.25525525526 1.0 -0.856231505045 -0.876568971097 
0.35035035035 1.0 0.343226895963 0.342564704542 
6.2962962963 1.0 0.0131106134944 0.0125067738967 
-3.95395395395 1.0 0.725913266541 0.862734172951 
-8.71871871872 1.0 -0.648840196822 -0.608932649462 
1.09109109109 1.0 0.887131000257 0.886786060015 
4.97497497497 1.0 -0.965721938658 -0.974141613098 
7.23723723724 1.0 0.81576576016 0.82436057918 
-3.63363363363 1.0 0.472425730458 0.634023154483 
-8.4984984985 1.0 -0.799390133963 -0.759995133487 
-8.41841841842 1.0 -0.844890020967 -0.806903454397 
-6.03603603604 1.0 0.244640851113 0.250492278558 
7.997997998 1.0 0.989647555109 0.929958511718 
-7.31731731732 1.0 -0.859418901282 -0.877873433992 
-2.31231231231 1.0 -0.737445499834 -0.893651018982 
3.35335335335 1.0 -0.210181594637 -0.210280181444 
-5.15515515516 1.0 0.903569980268 0.888298551618 
8.13813813814 1.0 0.959898466376 0.894376117277 
-1.53153153153 1.0 -0.999229236959 -1.11563649938 
-0.990990990991 1.0 -0.836569314705 -0.870136016885 
1.05105105105 1.0 0.867945718946 0.867548932194 
-9.25925925926 1.0 -0.164763965562 -0.136256419695 
9.23923923924 1.0 0.184476035731 0.218656486579 
5.57557557558 1.0 -0.650019222236 -0.679315071372 
2.89289289289 1.0 0.246143932464 0.254131594589 
-4.43443443443 1.0 0.961618700226 1.0130445975 
-4.59459459459 1.0 0.993070259711 1.0187212534 
-9.71971971972 1.0 0.290684124469 0.319900882885 
1.39139139139 1.0 0.983950052752 0.983539862927 
0.890890890891 1.0 0.777632176518 0.776891443244 
-8.97897897898 1.0 -0.431178912314 -0.395698009795 
-6.87687687688 1.0 -0.559424700424 -0.579586721437 
-9.95995995996 1.0 0.509997599178 0.555792369268 
9.75975975976 1.0 -0.328751980598 -0.234885004316 
2.33233233233 1.0 0.723776968945 0.729973092417 
2.31231231231 1.0 0.737445499834 0.743369765481 
8.27827827828 1.0 0.911328515751 0.844465937521 
-2.73273273273 1.0 -0.397563478837 -0.449161592637 
9.5995995996 1.0 -0.173932497848 -0.0920190461539 
8.21821821822 1.0 0.934395989648 0.8675270426 
-7.83783783784 1.0 -0.999869691753 -0.989628636046 
-7.05705705706 1.0 -0.698909584547 -0.721520416552 
2.95295295295 1.0 0.187522900919 0.194773476159 
-5.85585585586 1.0 0.41444188151 0.418336044761 
-3.55355355355 1.0 0.400406942668 0.55971959074 
5.2952952953 1.0 -0.834866389361 -0.85679642803 
-3.29329329329 1.0 0.151119458915 0.275268127075 
-4.45445445445 1.0 0.966918909573 1.01487232223 
-0.530530530531 1.0 -0.505991015532 -0.505705531974 
-7.95795795796 1.0 -0.994599330244 -0.976771924353 
4.31431431431 1.0 -0.921809046742 -0.919746172942 
0.850850850851 1.0 0.75184168035 0.750994581475 
4.77477477477 1.0 -0.998054637396 -0.999635450781 
-8.33833833834 1.0 -0.884974675839 -0.849075417435 
3.91391391391 1.0 -0.69779981921 -0.700588287375 
-2.11211211211 1.0 -0.857031446499 -1.02907194827 
3.55355355355 1.0 -0.400406942668 -0.40338524481 
-3.09309309309 1.0 -0.0484805492288 0.0223766565794 
3.75375375375 1.0 -0.574637462441 -0.578402363963 
9.67967967968 1.0 -0.252150304413 -0.163262917548 
1.63163163163 1.0 0.998150103477 0.997714042841 
1.61161161161 1.0 0.999167171889 0.998705132753 
1.93193193193 1.0 0.935496175869 0.936602051151 
-5.37537537538 1.0 0.788157702332 0.776000429707 
8.77877877878 1.0 0.601996584369 0.568982761048 
8.45845845846 1.0 0.822799547447 0.761342230142 
-4.17417417417 1.0 0.858625146533 0.958221328281 
9.6996996997 1.0 -0.271471615699 -0.181140327748 
7.47747747748 1.0 0.929955638285 0.916599611744 
8.37837837838 1.0 0.865626143701 0.800766029218 
4.09409409409 1.0 -0.81486800406 -0.815447777377 
8.67867867868 1.0 0.678779469621 0.634542495187 
-9.23923923924 1.0 -0.184476035731 -0.155515994644 
5.13513513514 1.0 -0.911965725448 -0.927188285896 
7.95795795796 1.0 0.994599330244 0.937313556203 
-0.650650650651 1.0 -0.605704250039 -0.610463156364 
-1.99199199199 1.0 -0.912600742763 -1.08345368661 
4.61461461461 1.0 -0.995223893414 -0.993570872334 
2.23223223223 1.0 0.789111039566 0.793915912043 
5.21521521522 1.0 -0.87622408965 -0.894897925848 
-1.61161161161 1.0 -0.999167171889 -1.12851378327 
6.17617617618 1.0 -0.106805021793 -0.115887605658 
-7.6976976977 1.0 -0.987812502254 -0.986633138617 
6.4964964965 1.0 0.211697196671 0.224594710315 
-6.57657657658 1.0 -0.289200237681 -0.298488887196 
-7.73773773774 1.0 -0.993251282848 -0.989501883671 
-6.47647647648 1.0 -0.19208980849 -0.197109234823 
-3.79379379379 1.0 0.606937230307 0.762122726445 
3.41341341341 1.0 -0.268485788917 -0.26961945105 
0.15015015015 1.0 0.149586594914 0.150605936608 
2.91291291291 1.0 0.226691833081 0.234452977222 
3.39339339339 1.0 -0.249148316352 -0.249949995894 
-6.65665665666 1.0 -0.36484968073 -0.377517720733 
-1.45145145145 1.0 -0.992886849216 -1.0958906895 
3.71371371371 1.0 -0.541416556108 -0.545212213969 
6.5965965966 1.0 0.308305540605 0.326602484827 
-4.11411411411 1.0 0.826308470068 0.936885909113 
-8.51851851852 1.0 -0.787202470352 -0.747561026853 
-6.25625625626 1.0 0.0269257963344 0.02971381606 
2.51251251251 1.0 0.588401237484 0.596656030325 
8.25825825826 1.0 0.919387180273 0.852423846304 
-3.15315315315 1.0 0.0115602420643 0.100355748798 
2.73273273273 1.0 0.397563478837 0.406600460356 
-8.65865865866 1.0 -0.693344009372 -0.653116365409 
8.87887887888 1.0 0.519186710331 0.499108428484 
2.57257257257 1.0 0.53880679503 0.547506334116 
4.11411411411 1.0 -0.826308470068 -0.826615105956 
-7.17717717718 1.0 -0.779578080518 -0.801421014326 
-5.53553553554 1.0 0.679917243139 0.673272544339 
-1.59159159159 1.0 -0.999783786273 -1.12596177142 
-1.75175175175 1.0 -0.983672194447 -1.13325149575 
3.51351351351 1.0 -0.363405633971 -0.365953131712 
-4.13413413413 1.0 0.837417761709 0.944378590803 
8.75875875876 1.0 0.617860839267 0.582454275924 
-9.93993993994 1.0 0.492675811867 0.536461396972 
-6.97697697698 1.0 -0.639456909771 -0.661484459684 
7.65765765766 1.0 0.980790267476 0.949078009875 
-0.31031031031 1.0 -0.305354140677 -0.301206032849 
5.45545545546 1.0 -0.736397402892 -0.763548020753 
-4.97497497497 1.0 0.965721938658 0.954812133775 
-4.65465465465 1.0 0.998333836705 1.01571595663 
-5.91591591592 1.0 0.359068265792 0.364046149349 
9.15915915916 1.0 0.26250641876 0.284275274586 
-7.25725725726 1.0 -0.827180739833 -0.847405783112 
-3.91391391391 1.0 0.69779981921 0.84011978475 
-1.39139139139 1.0 -0.983950052752 -1.07683186192 
-9.81981981982 1.0 0.384846824231 0.41909152005 
-4.51451451451 1.0 0.980486642048 1.01841712975 
-3.45345345345 1.0 0.306830209454 0.457658228272 
6.7967967968 1.0 0.491325964149 0.51558095388 
0.11011011011 1.0 0.109887744787 0.111330797166 
1.87187187187 1.0 0.955018091318 0.955621788274 
9.4994994995 1.0 -0.0746520259067 -0.00378780440549 
-2.07207207207 1.0 -0.876970223046 -1.0494434985 
5.7957957958 1.0 -0.468320967329 -0.496195360515 
-0.890890890891 1.0 -0.777632176518 -0.80038154902 
0.790790790791 1.0 0.710909644644 0.70990368138 
-2.17217217217 1.0 -0.824557973258 -0.994292343317 
-9.77977977978 1.0 0.347592070824 0.379533485515 
-0.550550550551 1.0 -0.523156507537 -0.523547957093 
-6.4964964965 1.0 -0.211697196671 -0.217557874092 
-0.41041041041 1.0 -0.398985690337 -0.39585413983 
-1.35135135135 1.0 -0.97601842181 -1.06220247603 
6.37637637638 1.0 0.0930562402792 0.0981112660428 
4.81481481481 1.0 -0.994759058541 -0.997484798903 
8.1981981982 1.0 0.941340119153 0.874664693552 
9.1991991992 1.0 0.223670498102 0.251665073801 
-6.15615615616 1.0 0.126687794244 0.131590060266 
-2.83283283283 1.0 -0.303877337824 -0.321181919036 
0.650650650651 1.0 0.605704250039 0.604417182855 
9.3993993994 1.0 0.0253758371902 0.0831687836729 
-3.61361361361 1.0 0.454687183165 0.616077964472 
-6.55655655656 1.0 -0.269979026825 -0.278407450378 
5.67567567568 1.0 -0.570824460166 -0.600396793862 
5.3953953954 1.0 -0.775678794758 -0.801133939507 
-9.0990990991 1.0 -0.319952035985 -0.287494074164 
-7.91791791792 1.0 -0.997956771974 -0.982607018803 
5.23523523524 1.0 -0.866401418913 -0.885914553058 
-8.37837837838 1.0 -0.865626143701 -0.828598770243 
4.73473473473 1.0 -0.99975034402 -1.00031624869 
-3.13313313313 1.0 -0.00845941955823 0.0745170268469 
-3.87387387387 1.0 0.668567805308 0.815825319582 
2.05205205205 1.0 0.886414355831 0.888805585861 
9.37937937938 1.0 0.0453829883483 0.100372496243 
6.3963963964 1.0 0.112969411094 0.119402392192 
9.63963963964 1.0 -0.213212289782 -0.12758188443 
8.97897897898 1.0 0.431178912314 0.425365505651 
-4.39439439439 1.0 0.949864345085 1.00840215575 
3.01301301301 1.0 0.128225638051 0.134579697967 
3.69369369369 1.0 -0.524477262156 -0.528253188787 
2.21221221221 1.0 0.801249393857 0.805772095787 
-0.17017017017 1.0 -0.169350063744 -0.165275454796 
-3.33333333333 1.0 0.190567962875 0.322853970405 
3.65365365365 1.0 -0.489974935275 -0.493640226629 
-4.71471471471 1.0 0.999997295481 1.00999940345 
1.71171171171 1.0 0.990087845702 0.989838207655 
6.57657657658 1.0 0.289200237681 0.306524485241 
3.67367367367 1.0 -0.507327764109 -0.511060259568 
-3.41341341341 1.0 0.268485788917 0.414136733925 
-7.75775775776 1.0 -0.995374053792 -0.990329187844 
-2.59259259259 1.0 -0.521834495241 -0.617262315914 
9.61961961962 1.0 -0.193611192318 -0.109784194327 
9.07907907908 1.0 0.338854295004 0.348192752085 
-6.13613613614 1.0 0.146519791772 0.151705406819 
-1.13113113113 1.0 -0.904894218889 -0.95671239165 
2.55255255255 1.0 0.555563147622 0.56413154841 
8.81881881882 1.0 0.569550710787 0.541525640677 
-4.63463463463 1.0 0.996978653508 1.01702142085 
9.01901901902 1.0 0.39471619201 0.394883656818 
-4.57457457457 1.0 0.990518615549 1.01911155148 
-0.770770770771 1.0 -0.69668837635 -0.709051216734 
9.41941941942 1.0 0.00535851570584 0.065898285704 
-6.45645645646 1.0 -0.172405433055 -0.176596052763 
-2.15215215215 1.0 -0.835718856574 -1.00644800254 
3.53353353353 1.0 -0.381982835353 -0.384756269786 
-3.01301301301 1.0 -0.128225638051 -0.0832159572408 
-8.23823823824 1.0 -0.927077365617 -0.894716960833 
9.77977977978 1.0 -0.347592070824 -0.252827755679 
0.990990990991 1.0 0.836569314705 0.836065821774 
3.49349349349 1.0 -0.34468278404 -0.346984093286 
-9.31931931932 1.0 -0.105263273301 -0.0779857220782 
-5.75575575576 1.0 0.503313872361 0.504585274124 
-9.53953953954 1.0 0.114509838728 0.139984964585 
-4.87487487487 1.0 0.986828185163 0.981810532626 
1.81181181181 1.0 0.971096090611 0.971298184803 
1.35135135135 1.0 0.97601842181 0.975646180988 
-6.07607607608 1.0 0.205631771434 0.211369259461 
-5.13513513514 1.0 0.911965725448 0.89682094787 
-1.31131131131 1.0 -0.966522242485 -1.04609584299 
2.15215215215 1.0 0.835718856574 0.839406622501 
-7.57757757758 1.0 -0.96204298189 -0.96823400399 
1.15115115115 1.0 0.91323356617 0.912935327961 
3.09309309309 1.0 0.0484805492288 0.0534409474617 
7.4974974975 1.0 0.93712958481 0.921744552543 
6.27627627628 1.0 -0.00690897593668 -0.00894363465891 
-5.8958958959 1.0 0.377679973455 0.382341768424 
-8.75875875876 1.0 -0.617860839267 -0.57833795234 
-1.79179179179 1.0 -0.975679725882 -1.13019807353 
-9.8998998999 1.0 0.45744688336 0.497586766054 
4.79479479479 1.0 -0.996606561851 -0.998744022378 
-5.6956956957 1.0 0.554273288059 0.553581915445 
2.53253253253 1.0 0.572096837274 0.580516691534 
5.37537537538 1.0 -0.788157702332 -0.812970843708 
-0.690690690691 1.0 -0.637069722791 -0.64406458121 
1.11111111111 1.0 0.89619220103 0.895867000044 
-3.47347347347 1.0 0.325821789448 0.478856102373 
4.15415415415 1.0 -0.848191426515 -0.847956540047 
-4.05405405405 1.0 0.791012020637 0.912076435521 
8.93893893894 1.0 0.466950456861 0.45529866284 
6.33633633634 1.0 0.0531260071326 0.0553727352121 
-6.27627627628 1.0 0.00690897593668 0.00914518197605 
-1.95195195195 1.0 -0.928235370545 -1.09712282297 
7.77777777778 1.0 0.997097890944 0.953886814525 
-5.77577577578 1.0 0.485914794209 0.487782499051 
8.05805805806 1.0 0.979248576653 0.916546211006 
1.21121121121 1.0 0.936042896216 0.935754917776 
2.67267267267 1.0 0.451923110669 0.460990468436 
-3.71371371371 1.0 0.541416556108 0.701525512866 
-1.81181181181 1.0 -0.971096090611 -1.12790718315 
0.39039039039 1.0 0.380549461752 0.379670460378 
5.55555555556 1.0 -0.665101514979 -0.694169050525 
-2.09209209209 1.0 -0.867174611281 -1.03953920011 
9.27927927928 1.0 0.144985860003 0.185276199735 
1.49149149149 1.0 0.996857019318 0.996368508459 
5.15515515516 1.0 -0.903569980268 -0.919663969612 
-3.51351351351 1.0 0.363405633971 0.520086824598 
7.83783783784 1.0 0.999869691753 0.951448875041 
3.25325325325 1.0 -0.111428711879 -0.109609031337 
-2.63263263263 1.0 -0.487269347053 -0.570865339264 
-4.55455455455 1.0 0.987569983594 1.01919253189 
3.07307307307 1.0 0.0684659772958 0.0737923316056 
7.6976976977 1.0 0.987812502254 0.952142733242 
4.59459459459 1.0 -0.993070259711 -0.991169988323 
-10.0 1.0 0.544021110889 0.594223800116 
-9.87987987988 1.0 0.439553861488 0.478050475179 
-3.65365365365 1.0 0.489974935275 0.651542596447 
-1.73173173173 1.0 -0.987077824457 -1.13402547529 
-0.0700700700701 1.0 -0.0700127456343 -0.0666770651999 
-5.97597597598 1.0 0.302399804444 0.308039024379 
3.87387387387 1.0 -0.668567805308 -0.67171537093 
0.670670670671 1.0 0.62151153354 0.620251142284 
7.1971971972 1.0 0.791959659904 0.803526178036 
-8.2982982983 1.0 -0.902904601864 -0.868299800504 
7.87787787788 1.0 0.99971449835 0.948086608377 
0.930930930931 1.0 0.802176135594 0.801537056341 
-5.0950950951 1.0 0.927657483133 0.913018242981 
-6.83683683684 1.0 -0.525796755923 -0.544897419548 
2.47247247247 1.0 0.620296125676 0.628175093888 
-1.93193193193 1.0 -0.935496175869 -1.10313329765 
-7.0970970971 1.0 -0.726978798959 -0.74955608913 
7.31731731732 1.0 0.859418901282 0.861370936474 
-5.43543543544 1.0 0.749793457774 0.739523393395 
-0.830830830831 1.0 -0.738491823944 -0.755692789209 
-2.97297297297 1.0 -0.167821766571 -0.136346061636 
0.29029029029 1.0 0.286230381945 0.28597468598 
-6.1961961962 1.0 0.0868794431893 0.0910715033961 
3.85385385385 1.0 -0.653546911213 -0.656847777374 
7.55755755756 1.0 0.956387136503 0.934857940654 
7.43743743744 1.0 0.914492625181 0.905141456071 
7.3973973974 1.0 0.897563688968 0.892119643951 
-6.77677677678 1.0 -0.473791717778 -0.491012386136 
-3.49349349349 1.0 0.34468278404 0.499668028432 
-9.05905905906 1.0 -0.357620745349 -0.324130330325 
0.23023023023 1.0 0.228201684929 0.228443036416 
8.3983983984 1.0 0.855429505195 0.791270666444 
2.81281281281 1.0 0.322888465175 0.331575336737 
6.47647647648 1.0 0.19208980849 0.203764461464 
