-9.85985985986 1.0 0.421484671785 -0.449016012821 
6.35635635636 1.0 0.0731057736575 0.322174826874 
-2.81281281281 1.0 -0.322888465175 -0.27032808793 
-2.95295295295 1.0 -0.187522900919 -0.13003899235 
1.89189189189 1.0 0.948890220341 0.941933924706 
4.67467467467 1.0 -0.999288899866 -0.985185456218 
-6.3963963964 1.0 -0.112969411094 -0.103004635256 
-5.4954954955 1.0 0.708725363073 0.193556247383 
-8.7987987988 1.0 -0.585891056576 -0.417692853912 
-9.55955955956 1.0 0.13437389375 -0.442800461747 
-8.53853853854 1.0 -0.774699305584 -0.404697148289 
-6.53653653654 1.0 -0.250649611665 -0.138939922231 
7.33733733734 1.0 0.869481672757 0.819204601689 
6.83683683684 1.0 0.525796755923 0.659953481949 
1.45145145145 1.0 0.992886849216 0.994547779277 
-7.71771771772 1.0 -0.990730428893 -0.339935277925 
1.65165165165 1.0 0.996732988666 0.99143835325 
-0.0900900900901 1.0 -0.0899682743046 -0.114770124575 
1.23123123123 1.0 0.942899611382 0.955514228468 
3.59359359359 1.0 -0.436766402789 -0.413556538339 
0.870870870871 1.0 0.764890207772 0.793796979825 
-7.63763763764 1.0 -0.976688773762 -0.331062795624 
0.37037037037 1.0 0.361960713579 0.385724511969 
9.35935935936 1.0 0.0653719505576 0.255496414258 
3.13313313313 1.0 0.00845941955822 0.0548914983496 
7.81781781782 1.0 0.999346160464 0.811160490505 
-1.17117117117 1.0 -0.921206900567 -1.03897843135 
-2.37237237237 1.0 -0.695575258639 -0.686303583915 
-6.33633633634 1.0 -0.0531260071326 -0.0867062851154 
8.07807807808 1.0 0.974995298193 0.758018028399 
-7.81781781782 1.0 -0.999346160464 -0.350277921996 
-4.29429429429 1.0 0.913864194148 0.554130337221 
-4.77477477477 1.0 0.998054637396 0.455844856816 
-5.7957957958 1.0 0.468320967329 0.0836036725343 
-8.6986986987 1.0 -0.66394288333 -0.41302440244 
8.23823823824 1.0 0.927077365617 0.712697427956 
-0.13013013013 1.0 -0.1297631736 -0.160382741466 
0.13013013013 1.0 0.1297631736 0.133150411955 
-8.61861861862 1.0 -0.721633711464 -0.408999027315 
-7.07707707708 1.0 -0.713087090062 -0.251496363557 
8.91891891892 1.0 0.484559073218 0.451862087035 
2.29229229229 1.0 0.750818471552 0.759310481167 
-8.87887887888 1.0 -0.519186710331 -0.421156286915 
8.95895895896 1.0 0.449154692451 0.434414937125 
-0.19019019019 1.0 -0.189045659132 -0.228628028641 
-4.33433433433 1.0 0.929384449502 0.55076146719 
-0.39039039039 1.0 -0.380549461752 -0.450388331765 
-4.53453453453 1.0 0.984225545624 0.519169926525 
4.47447447447 1.0 -0.971831589603 -0.97640745137 
-8.15815815816 1.0 -0.9540939133 -0.379912974088 
4.19419419419 1.0 -0.868714740054 -0.880574437459 
4.91491491491 1.0 -0.979561626072 -0.928742385859 
-5.5955955956 1.0 0.634676409709 0.156048076202 
-9.03903903904 1.0 -0.376243865658 -0.42742206434 
-1.05105105105 1.0 -0.867945718946 -0.989090482611 
-0.870870870871 1.0 -0.764890207772 -0.883613222302 
5.11511511512 1.0 -0.919995965877 -0.828919867049 
-8.55855855856 1.0 -0.761885650774 -0.405799496037 
2.27227227227 1.0 0.763890524376 0.771171823292 
3.15315315315 1.0 -0.0115602420643 0.0345791610015 
3.99399399399 1.0 -0.752863081707 -0.75822458166 
-8.3983983984 1.0 -0.855429505195 -0.396449519819 
-4.89489489489 1.0 0.983391971377 0.416953378647 
7.11711711712 1.0 0.740579143612 0.772851817418 
0.830830830831 1.0 0.738491823944 0.768519286815 
-1.55155155155 1.0 -0.999814825028 -1.08781945843 
0.03003003003 1.0 0.0300255167065 0.0215397909211 
8.73873873874 1.0 0.633477463068 0.528419000804 
-8.8988988989 1.0 -0.501973484202 -0.421986421767 
-9.51951951952 1.0 0.094599889559 -0.441844194539 
-9.41941941942 1.0 -0.00535851570584 -0.439305370908 
-6.23623623624 1.0 0.046931825201 -0.058340727844 
3.77377377377 1.0 -0.590905760288 -0.581726201208 
-6.8968968969 1.0 -0.575905704393 -0.21834000676 
-4.83483483483 1.0 0.99251286792 0.436870471969 
0.21021021021 1.0 0.208665487323 0.220186595432 
-1.77177177177 1.0 -0.979872320608 -1.04340858476 
-8.67867867868 1.0 -0.678779469621 -0.41204304433 
0.970970970971 1.0 0.825434213842 0.850737970777 
-1.71171171171 1.0 -0.990087845702 -1.06055326158 
-0.49049049049 1.0 -0.471058607419 -0.555005693437 
6.01601601602 1.0 -0.264002216892 -0.00464384745959 
-8.77877877878 1.0 -0.601996584369 -0.416790112398 
7.7977977978 1.0 0.998422103411 0.814022166262 
-0.670670670671 1.0 -0.62151153354 -0.726467960575 
0.950950950951 1.0 0.813968289004 0.840074271973 
-8.11811811812 1.0 -0.965318303844 -0.376829984138 
-9.57957957958 1.0 0.154184093352 -0.443266451612 
7.25725725726 1.0 0.827180739833 0.806425322454 
-4.75475475475 1.0 0.999102704803 0.46193411 
-2.77277277277 1.0 -0.360514923027 -0.310488430531 
3.17317317317 1.0 -0.0315752704827 0.0141944643918 
-2.49249249249 1.0 -0.604469813648 -0.58111012158 
-3.31331331331 1.0 0.170877953796 0.200845234436 
-3.77377377377 1.0 0.590905760288 0.479772363893 
-5.73573573574 1.0 0.520511228445 0.104908475534 
-3.89389389389 1.0 0.683320745574 0.518701102692 
-5.33533533534 1.0 0.812162990678 0.254550331642 
-9.45945945946 1.0 0.034674546587 -0.440347009164 
-5.41541541542 1.0 0.762889004574 0.223959915668 
-7.67767767768 1.0 -0.984498672401 -0.335567598435 
-3.93393393393 1.0 0.711999223182 0.528573005558 
-9.17917917918 1.0 -0.243137181641 -0.432251564522 
9.71971971972 1.0 -0.290684124469 0.0945929323641 
-7.8978978979 1.0 -0.999035835857 -0.357987641335 
1.51151151151 1.0 0.998243169988 0.997399224745 
-8.27827827828 1.0 -0.911328515751 -0.388585034336 
6.87687687688 1.0 0.559424700424 0.679941764666 
4.45445445445 1.0 -0.966918909573 -0.97273371508 
-0.01001001001 1.0 -0.0100098428432 -0.0237135789572 
-1.11111111111 1.0 -0.89619220103 -1.01611286845 
-3.99399399399 1.0 0.752863081707 0.540560566887 
-4.09409409409 1.0 0.81486800406 0.553310875198 
0.0500500500501 1.0 0.0500291567086 0.0440576565439 
7.15715715716 1.0 0.766884055736 0.783943004092 
-2.93293293293 1.0 -0.207148878373 -0.149941839194 
-6.93693693694 1.0 -0.608168751487 -0.226065658399 
7.57757757758 1.0 0.96204298189 0.831966514947 
4.33433433433 1.0 -0.929384449502 -0.940257899051 
-6.21621621622 1.0 0.066919044364 -0.0524878800157 
8.57857857858 1.0 0.748766641479 0.592860443702 
8.0980980981 1.0 0.970351253498 0.752824755657 
1.53153153153 1.0 0.999229236959 0.997621359177 
8.998998999 1.0 0.413030320922 0.41684429375 
6.41641641642 1.0 0.132837305145 0.373591489045 
-6.61661661662 1.0 -0.327287278425 -0.158174201669 
7.67767767768 1.0 0.984498672401 0.827014065696 
6.996996997 1.0 0.654719669029 0.732131997112 
5.05505505506 1.0 -0.941862214566 -0.863590170945 
-3.03303303303 1.0 -0.108346513523 -0.0514060848156 
-5.63563563564 1.0 0.603233924101 0.141252753687 
-6.6966966967 1.0 -0.401827232414 -0.176482265377 
-8.43843843844 1.0 -0.834011915114 -0.3989037973 
-0.33033033033 1.0 -0.32435551719 -0.385246363695 
-7.01701701702 1.0 -0.669720024621 -0.240898498287 
5.87587587588 1.0 -0.396140311588 -0.149476432394 
-5.57557557558 1.0 0.650019222236 0.163494146221 
-4.49449449449 1.0 0.976354771373 0.52727445594 
0.570570570571 1.0 0.540112324789 0.571498434112 
8.11811811812 1.0 0.965318303844 0.74749029912 
9.25925925926 1.0 0.164763965562 0.300624982402 
-5.01501501502 1.0 0.954557149695 0.374859619589 
-4.01401401401 1.0 0.765888052358 0.543820883992 
-4.31431431431 1.0 0.921809046742 0.552581155775 
9.83983983984 1.0 -0.403246556161 0.0423151969696 
1.77177177177 1.0 0.979872320608 0.972706097878 
-3.83383383383 1.0 0.63826408348 0.501002792639 
4.41441441441 1.0 -0.955933085822 -0.963883749887 
-6.63663663664 1.0 -0.346137843492 -0.162837322518 
-8.5985985986 1.0 -0.735347535638 -0.407950157883 
-0.810810810811 1.0 -0.724845989014 -0.840641234171 
-2.33233233233 1.0 -0.723776968945 -0.719344194007 
3.37337337337 1.0 -0.229710988177 -0.191622645265 
4.69469469469 1.0 -0.999843460211 -0.983252060121 
5.01501501502 1.0 -0.954557149695 -0.884504415878 
-6.996996997 1.0 -0.654719669029 -0.237266465606 
2.39239239239 1.0 0.681053382124 0.695995304849 
-3.53353353353 1.0 0.381982835353 0.359105046719 
-4.73473473473 1.0 0.99975034402 0.467895977636 
-6.81681681682 1.0 -0.508663293061 -0.202252664833 
-1.69169169169 1.0 -0.992701051804 -1.06544183734 
5.03503503504 1.0 -0.948399735659 -0.874271518808 
3.03303303303 1.0 0.108346513523 0.155079867489 
-4.61461461461 1.0 0.995223893414 0.500655699078 
5.75575575576 1.0 -0.503313872361 -0.273914531818 
-3.97397397397 1.0 0.739536372707 0.536935410963 
1.67167167167 1.0 0.994916395419 0.989174619257 
-7.45745745746 1.0 -0.922408976872 -0.308995877573 
5.07507507508 1.0 -0.934947206573 -0.852466670294 
6.13613613614 1.0 -0.146519791772 0.116238843449 
-7.15715715716 1.0 -0.766884055736 -0.264948612078 
6.97697697698 1.0 0.639456909771 0.724238627525 
3.89389389389 1.0 -0.683320745574 -0.682750953426 
-4.25425425425 1.0 0.896879023055 0.556390566677 
7.27727727728 1.0 0.838264195546 0.810044920774 
1.69169169169 1.0 0.992701051804 0.986564429697 
9.0990990991 1.0 0.319952035985 0.372475278656 
-4.91491491491 1.0 0.979561626072 0.410130007234 
-3.69369369369 1.0 0.524477262156 0.445896549568 
-1.57157157157 1.0 -0.999999699498 -1.08590955505 
3.11311311311 1.0 0.0284756907485 0.0751230265273 
9.51951951952 1.0 -0.094599889559 0.183463554667 
-3.57357357357 1.0 0.41867057176 0.383150251216 
-1.15115115115 1.0 -0.91323356617 -1.0318198344 
-4.15415415415 1.0 0.848191426515 0.556848086204 
-7.1971971972 1.0 -0.791959659904 -0.271392685868 
5.995995996 1.0 -0.2832577738 -0.0251642032853 
8.35835835836 1.0 0.875475849797 0.673609002792 
0.01001001001 1.0 0.0100098428432 -0.00105435075092 
8.85885885886 1.0 0.536191852752 0.477767171971 
-5.61561561562 1.0 0.61907922661 0.148633675778 
1.07107107107 1.0 0.877714248189 0.898524946682 
-1.47147147147 1.0 -0.995071340501 -1.09107909538 
1.99199199199 1.0 0.912600742763 0.907481430958 
9.43943943944 1.0 -0.0146609534063 0.219421087914 
-6.5965965966 1.0 -0.308305540605 -0.153453173772 
-7.7977977978 1.0 -0.998422103411 -0.348273532219 
3.33333333333 1.0 -0.190567962875 -0.150403805747 
-0.850850850851 1.0 -0.75184168035 -0.869707031161 
6.73673673674 1.0 0.438160658811 0.604297048687 
-1.23123123123 1.0 -0.942899611382 -1.05767211928 
2.61261261261 1.0 0.504653050544 0.534467134821 
-7.3973973974 1.0 -0.897563688968 -0.3009479803 
-0.510510510511 1.0 -0.488622728493 -0.575221697241 
1.55155155155 1.0 0.999814825028 0.99748229798 
-9.5995995996 1.0 0.173932497848 -0.443724524257 
-9.35935935936 1.0 -0.0653719505576 -0.437674684963 
8.51851851852 1.0 0.787202470352 0.615896311368 
2.59259259259 1.0 0.521834495241 0.550345466836 
6.67667667668 1.0 0.38341529066 0.56703162811 
2.03203203203 1.0 0.895503224543 0.891534397344 
7.01701701702 1.0 0.669720024621 0.739706269177 
1.59159159159 1.0 0.999783786273 0.996128298046 
-8.81881881882 1.0 -0.569550710787 -0.418580606832 
7.75775775776 1.0 0.995374053792 0.819163197675 
6.63663663664 1.0 0.346137843492 0.540598712047 
-4.07407407407 1.0 0.803100948886 0.551460830302 
-2.79279279279 1.0 -0.341770182763 -0.290422539192 
-7.55755755756 1.0 -0.956387136503 -0.321627252405 
-7.35735735736 1.0 -0.879195966573 -0.295379269558 
-5.21521521522 1.0 0.87622408965 0.300391016577 
5.83583583584 1.0 -0.432577348176 -0.191075480002 
-9.13913913914 1.0 -0.281770446506 -0.430929619602 
4.85485485485 1.0 -0.989868890237 -0.949565231896 
-2.61261261261 1.0 -0.504653050544 -0.46838316284 
0.810810810811 1.0 0.724845989014 0.75535547666 
-1.49149149149 1.0 -0.996857019318 -1.09092587309 
-3.25325325325 1.0 0.111428711879 0.150822454776 
-3.59359359359 1.0 0.436766402789 0.394592669271 
8.47847847848 1.0 0.811257411747 0.630857539459 
-1.91191191191 1.0 -0.942382045726 -0.989309286611 
9.53953953954 1.0 -0.114509838728 0.174502039697 
-0.45045045045 1.0 -0.435371096772 -0.513828732303 
-2.29229229229 1.0 -0.750818471552 -0.751264745879 
-3.19319319319 1.0 0.0515776439174 0.0983237330564 
-7.37737737738 1.0 -0.888557889358 -0.298184291872 
6.15615615616 1.0 -0.126687794244 0.135911795921 
-8.0980980981 1.0 -0.970351253498 -0.375250816255 
1.43143143143 1.0 0.99030442098 0.992863435906 
-8.93893893894 1.0 -0.466950456861 -0.423605401339 
-2.87287287287 1.0 -0.265497380359 -0.210012053753 
-0.47047047047 1.0 -0.453305691794 -0.534537269863 
-5.3953953954 1.0 0.775678794758 0.231596550237 
1.01101101101 1.0 0.84736912878 0.870964051527 
0.630630630631 1.0 0.589654207656 0.621758495548 
8.55855855856 1.0 0.761885650774 0.60061487117 
-5.03503503504 1.0 0.948399735659 0.367608668844 
0.41041041041 1.0 0.398985690337 0.424947370235 
4.29429429429 1.0 -0.913864194148 -0.925540749702 
8.63863863864 1.0 0.707630665292 0.569172159355 
8.71871871872 1.0 0.648840196822 0.536685989962 
-3.07307307307 1.0 -0.0684659772958 -0.0128711713956 
-5.65565565566 1.0 0.587146852786 0.13390704391 
-6.0960960961 1.0 0.185999691898 -0.0161272028312 
-8.25825825826 1.0 -0.919387180273 -0.387197738007 
2.87287287287 1.0 0.265497380359 0.308829277792 
-9.4994994995 1.0 0.0746520259067 -0.44135364393 
-2.51251251251 1.0 -0.588401237484 -0.562786644602 
7.03703703704 1.0 0.684451964588 0.746963025308 
-2.21221221221 1.0 -0.801249393857 -0.811519880594 
1.17117117117 1.0 0.921206900567 0.936970571419 
2.07207207207 1.0 0.876970223046 0.874379537656 
1.03103103103 1.0 0.857829327634 0.880522942565 
-8.01801801802 1.0 -0.986576173517 -0.368674305943 
-9.33933933934 1.0 -0.0853347124856 -0.437112316298 
3.43343343343 1.0 -0.28771565565 -0.253169729893 
3.05305305305 1.0 0.0884239650333 0.135251601966 
1.27127127127 1.0 0.955476737061 0.965988737363 
-3.05305305305 1.0 -0.0884239650333 -0.0320620813132 
-0.37037037037 1.0 -0.361960713579 -0.428846022202 
0.590590590591 1.0 0.556851671602 0.588552994152 
4.35435435435 1.0 -0.936587366299 -0.946896481072 
5.27527527528 1.0 -0.845718424022 -0.718505806475 
0.510510510511 1.0 0.488622728493 0.51859104792 
6.23623623624 1.0 -0.046931825201 0.212879109584 
-1.67167167167 1.0 -0.994916395419 -1.06991272034 
-6.31631631632 1.0 -0.0331249483513 -0.0811532825357 
0.33033033033 1.0 0.32435551719 0.345575624414 
-4.85485485485 1.0 0.989868890237 0.43032890231 
8.2982982983 1.0 0.902904601864 0.693649643018 
2.77277277277 1.0 0.360514923027 0.399593726602 
-1.01101101101 1.0 -0.84736912878 -0.968784459705 
-4.27427427427 1.0 0.905553075921 0.555402346117 
-0.610610610611 1.0 -0.573367839051 -0.672101287826 
-8.03803803804 1.0 -0.983109384216 -0.370358165948 
-4.99499499499 1.0 0.960331988856 0.382051217867 
-6.73673673674 1.0 -0.438160658811 -0.185295135526 
7.37737737738 1.0 0.888557889358 0.823927421079 
-1.29129129129 1.0 -0.961192106815 -1.07219956081 
-2.03203203203 1.0 -0.895503224543 -0.927878696949 
3.45345345345 1.0 -0.306830209454 -0.27356734439 
-8.05805805806 1.0 -0.979248576653 -0.372015283455 
4.87487487487 1.0 -0.986828185163 -0.943111138131 
3.63363363363 1.0 -0.472425730458 -0.452315458946 
-4.47447447447 1.0 0.971831589603 0.531015375788 
-7.93793793794 1.0 -0.996477739177 -0.361663654741 
4.93493493493 1.0 -0.975338684403 -0.920835868205 
-7.41741741742 1.0 -0.906209755988 -0.303670819049 
-5.23523523524 1.0 0.866401418913 0.292778100286 
-9.67967967968 1.0 0.252150304413 -0.445480238233 
-8.45845845846 1.0 -0.822799547447 -0.400100991567 
5.41541541542 1.0 -0.762889004574 -0.603202467188 
-9.43943943944 1.0 0.0146609534063 -0.439830638513 
2.19219219219 1.0 0.813066617154 0.81586419376 
-2.55255255255 1.0 -0.555563147622 -0.525550112428 
-2.65265265265 1.0 -0.469690351946 -0.429529909309 
5.91591591592 1.0 -0.359068265792 -0.10789245488 
4.49449449449 1.0 -0.976354771373 -0.979577148893 
-9.1991991992 1.0 -0.223670498102 -0.432895907848 
8.7987987988 1.0 0.585891056576 0.503305031006 
0.25025025025 1.0 0.247646422081 0.262741837807 
-0.25025025025 1.0 -0.247646422081 -0.2963568638 
-2.89289289289 1.0 -0.246143932464 -0.18994251822 
-4.21421421421 1.0 0.878456163293 0.557489489551 
-7.11711711712 1.0 -0.740579143612 -0.258317789617 
2.11211211211 1.0 0.857031446499 0.856036560071 
6.45645645646 1.0 0.172405433055 0.406549175917 
0.690690690691 1.0 0.637069722791 0.669234251324 
-1.37137137137 1.0 -0.980180659514 -1.08513018966 
1.37137137137 1.0 0.980180659514 0.985588386836 
3.81381381381 1.0 -0.622725447279 -0.616546441707 
9.87987987988 1.0 -0.439553861488 0.0251090197853 
0.27027027027 1.0 0.266991905564 0.283747439466 
7.2972972973 1.0 0.849011685183 0.813379222737 
8.5985985986 1.0 0.735347535638 0.585033546451 
-6.75675675676 1.0 -0.456067581459 -0.189617485489 
-6.85685685686 1.0 -0.542719485852 -0.21040347999 
8.6986986987 1.0 0.66394288333 0.544897092542 
7.13713713714 1.0 0.753882673169 0.778549914052 
3.29329329329 1.0 -0.151119458915 -0.109132990292 
1.85185185185 1.0 0.960763202681 0.95349611657 
-7.21721721722 1.0 -0.804023831509 -0.274545903706 
5.71571571572 1.0 -0.537499969971 -0.314949961551 
6.71671671672 1.0 0.42007812671 0.59219553125 
-5.25525525526 1.0 0.856231505045 0.285149877832 
-7.85785785786 1.0 -0.999992487454 -0.354193505327 
4.57457457457 1.0 -0.990518615549 -0.987179352829 
2.97297297297 1.0 0.167821766571 0.213818361879 
-6.37637637638 1.0 -0.0930562402792 -0.0976319347263 
-9.3993993994 1.0 -0.0253758371902 -0.438771057382 
-5.995995996 1.0 0.2832577738 0.015766118705 
-9.63963963964 1.0 0.213212289782 -0.444617441116 
-2.69269269269 1.0 -0.433974744115 -0.390195257835 
-0.15015015015 1.0 -0.149586594914 -0.18316700314 
-2.67267267267 1.0 -0.451923110669 -0.409916551003 
4.39439439439 1.0 -0.949864345085 -0.958713077877 
6.1961961962 1.0 -0.0868794431893 0.174759344908 
-8.35835835836 1.0 -0.875475849797 -0.393913329463 
-1.03103103103 1.0 -0.857829327634 -0.979165292852 
-2.25225225225 1.0 -0.776656419186 -0.782007649045 
0.43043043043 1.0 0.417262010319 0.444193797109 
-8.998998999 1.0 -0.413030320922 -0.425933906581 
2.17217217217 1.0 0.824557973258 0.826337041192 
-8.31831831832 1.0 -0.894118814814 -0.391292698121 
-8.95895895896 1.0 -0.449154692451 -0.424394684035 
-2.43243243243 1.0 -0.651196684992 -0.634780371499 
2.09209209209 1.0 0.867174611281 0.865355339035 
4.95495495495 1.0 -0.970724838874 -0.912453847424 
1.41141141141 1.0 0.987325090799 0.99080964313 
-3.67367367367 1.0 0.507327764109 0.436429692978 
2.41241241241 1.0 0.666258547712 0.682547863423 
2.71271271271 1.0 0.415852445773 0.451749697721 
-9.47947947948 1.0 0.054674242632 -0.440854629513 
-4.03403403403 1.0 0.778606064409 0.546721055383 
6.91691691692 1.0 0.592155892373 0.698630603228 
6.77677677678 1.0 0.473791717778 0.627532420143 
-0.21021021021 1.0 -0.208665487323 -0.251279036984 
0.49049049049 1.0 0.471058607419 0.500392715132 
7.35735735736 1.0 0.879195966573 0.821702171692 
0.45045045045 1.0 0.435371096772 0.463187830078 
4.63463463463 1.0 -0.996978653508 -0.987518673769 
-5.17517517518 1.0 0.894812095251 0.315556857357 
-4.37437437437 1.0 0.943414910292 0.546337419496 
9.85985985986 1.0 -0.421484671785 0.0336973719152 
4.53453453453 1.0 -0.984225545624 -0.984396592113 
-2.71271271271 1.0 -0.415852445773 -0.370378749578 
-2.75275275275 1.0 -0.379115173303 -0.330512082943 
-5.2952952953 1.0 0.834866389361 0.269860991259 
7.5975975976 1.0 0.967313252172 0.831427755724 
-2.57257257257 1.0 -0.53880679503 -0.506658325086 
8.15815815816 1.0 0.9540939133 0.736410724936 
7.91791791792 1.0 0.997956771974 0.794084217523 
-4.93493493493 1.0 0.975338684403 0.403223117499 
-4.19419419419 1.0 0.868714740054 0.557587302385 
4.89489489489 1.0 -0.983391971377 -0.936168882385 
1.95195195195 1.0 0.928235370545 0.92220075357 
-1.09109109109 1.0 -0.887131000257 -1.00756587002 
6.61661661662 1.0 0.327287278425 0.526911955707 
7.97797797798 1.0 0.992322298019 0.781751485973 
9.57957957958 1.0 -0.154184093352 0.156620830245 
5.85585585586 1.0 -0.41444188151 -0.170280337846 
-5.83583583584 1.0 0.432577348176 0.0696312531564 
0.17017017017 1.0 0.169350063744 0.176964833182 
0.0700700700701 1.0 0.0700127456343 0.0664882783974 
-0.970970970971 1.0 -0.825434213842 -0.946666024478 
3.61361361361 1.0 -0.454687183165 -0.433019986269 
-1.85185185185 1.0 -0.960763202681 -1.01486973054 
-9.83983983984 1.0 0.403246556161 -0.448649638928 
2.35235235235 1.0 0.709818357066 0.722113266046 
2.25225225225 1.0 0.776656419186 0.782760267389 
-8.1981981982 1.0 -0.941340119153 -0.382897924082 
5.31531531532 1.0 -0.823679750423 -0.687182890196 
4.43443443443 1.0 -0.961618700226 -0.968558271434 
-7.13713713714 1.0 -0.753882673169 -0.261656786058 
-4.35435435435 1.0 0.936587366299 0.548677976624 
-4.81481481481 1.0 0.994759058541 0.443307360634 
-5.67567567568 1.0 0.570824460166 0.12659820718 
9.03903903904 1.0 0.376243865658 0.399165236872 
-6.67667667668 1.0 -0.38341529066 -0.171991038255 
5.17517517518 1.0 -0.894812095251 -0.79045772976 
-9.65965965966 1.0 0.232727934358 -0.445052541792 
-1.63163163163 1.0 -0.998150103477 -1.07759076979 
-3.37337337337 1.0 0.229710988177 0.248122528242 
9.33933933934 1.0 0.0853347124856 0.264523738809 
-7.51751751752 1.0 -0.943927941216 -0.316689112783 
4.55455455455 1.0 -0.987569983594 -0.986043164887 
-5.07507507508 1.0 0.934947206573 0.35294669323 
4.21421421421 1.0 -0.878456163293 -0.890480348778 
5.35535535536 1.0 -0.800320725902 -0.654522071105 
7.05705705706 1.0 0.698909584547 0.753904002653 
9.11911911912 1.0 0.30092154409 0.363540000881 
6.25625625626 1.0 -0.0269257963344 0.231643380549 
-6.2962962963 1.0 -0.0131106134944 -0.0755401699331 
7.21721721722 1.0 0.804023831509 0.798318004082 
-2.91291291291 1.0 -0.226691833081 -0.16991439655 
5.63563563564 1.0 -0.603233924101 -0.395738798377 
5.8958958959 1.0 -0.377679973455 -0.128676319943 
-5.55555555556 1.0 0.665101514979 0.170970000845 
-5.81581581582 1.0 0.450539443112 0.0765936114349 
5.33533533534 1.0 -0.812162990678 -0.671014687102 
5.5955955956 1.0 -0.634676409709 -0.435287685316 
-5.93593593594 1.0 0.340312647942 0.0355704169834 
-9.6996996997 1.0 0.271471615699 -0.445900653652 
-7.61761761762 1.0 -0.972195835089 -0.328757840478 
-3.39339339339 1.0 0.249148316352 0.263229872879 
3.79379379379 1.0 -0.606937230307 -0.599270660719 
1.83183183183 1.0 0.96612325186 0.958791674868 
-3.73373373373 1.0 0.558138856901 0.463632738511 
5.1951951952 1.0 -0.885695580449 -0.776829858183 
-8.47847847848 1.0 -0.811257411747 -0.401278627249 
5.65565565566 1.0 -0.587146852786 -0.375733886628 
-7.27727727728 1.0 -0.838264195546 -0.283736121679 
-2.45245245245 1.0 -0.635873830576 -0.617116673906 
-6.91691691692 1.0 -0.592155892373 -0.222228974373 
-9.97997997998 1.0 0.527114985665 -0.451086473582 
-9.7997997998 1.0 0.366292850383 -0.44789769246 
8.17817817818 1.0 0.947906971008 0.730671975406 
4.05405405405 1.0 -0.791012020637 -0.799168871852 
-7.87787787788 1.0 -0.99971449835 -0.356105545033 
9.91991991992 1.0 -0.475156566095 0.00802396629552 
1.25125125125 1.0 0.949378423874 0.960940174142 
-1.87187187187 1.0 -0.955018091318 -1.00674031101 
1.73173173173 1.0 0.987077824457 0.980314007679 
-9.15915915916 1.0 -0.26250641876 -0.431596195755 
-5.47547547548 1.0 0.722706208904 0.201130813456 
-2.13213213213 1.0 -0.846544793956 -0.866661425876 
9.7997997998 1.0 -0.366292850383 0.0596359104568 
-1.89189189189 1.0 -0.948890220341 -0.998219105616 
-1.41141141141 1.0 -0.987325090799 -1.0888609343 
4.99499499499 1.0 -0.960331988856 -0.894282858737 
-1.19119119119 1.0 -0.928811026462 -1.04567331639 
-2.19219219219 1.0 -0.813066617154 -0.825799108429 
4.27427427427 1.0 -0.905553075921 -0.917471301946 
-6.51651651652 1.0 -0.231219739195 -0.133984621458 
-7.65765765766 1.0 -0.980790267476 -0.333332563172 
1.79179179179 1.0 0.975679725882 0.968399160789 
-0.790790790791 1.0 -0.710909644644 -0.825494052465 
-0.710710710711 1.0 -0.65237258226 -0.760974544838 
9.47947947948 1.0 -0.054674242632 0.201422478937 
5.47547547548 1.0 -0.722706208904 -0.549349298713 
-7.23723723724 1.0 -0.81576576016 -0.277653890678 
-1.43143143143 1.0 -0.99030442098 -1.09004873682 
-7.43743743744 1.0 -0.914492625181 -0.30635329101 
9.21921921922 1.0 0.204114170152 0.318650202017 
1.31131131131 1.0 0.966522242485 0.974955319752 
7.61761761762 1.0 0.972195835089 0.830659449518 
0.19019019019 1.0 0.189045659132 0.198654499834 
7.41741741742 1.0 0.906209755988 0.827574543079 
9.65965965966 1.0 -0.232727934358 0.121057427983 
3.27327327327 1.0 -0.131300397197 -0.0885035539313 
-0.630630630631 1.0 -0.589654207656 -0.690558115063 
6.21621621622 1.0 -0.066919044364 0.193914810003 
1.97197197197 1.0 0.920602539794 0.914995805255 
0.550550550551 1.0 0.523156507537 0.554149607599 
0.0900900900901 1.0 0.0899682743046 0.0888209147275 
3.83383383383 1.0 -0.63826408348 -0.633542841648 
2.79279279279 1.0 0.341770182763 0.381812196605 
-1.27127127127 1.0 -0.955476737061 -1.06781890329 
4.07407407407 1.0 -0.803100948886 -0.812040919574 
0.770770770771 1.0 0.69668837635 0.727993835004 
4.75475475475 1.0 -0.999102704803 -0.974396917889 
-8.63863863864 1.0 -0.707630665292 -0.410030619821 
-5.1951951952 1.0 0.885695580449 0.307985133452 
4.71471471471 1.0 -0.999997295481 -0.980808629286 
-0.35035035035 1.0 -0.343226895963 -0.407127648205 
-9.27927927928 1.0 -0.144985860003 -0.435366570629 
-9.91991991992 1.0 0.475156566095 -0.450078011056 
-1.51151151151 1.0 -0.998243169988 -1.09032999061 
-6.01601601602 1.0 0.264002216892 0.00927450909751 
8.53853853854 1.0 0.774699305584 0.608294335406 
-1.21121121121 1.0 -0.936042896216 -1.05190447142 
-6.43643643644 1.0 -0.152651959622 -0.113570109916 
-6.17617617618 1.0 0.106805021793 -0.0406035665353 
2.63263263263 1.0 0.487269347053 0.518362393578 
-0.27027027027 1.0 -0.266991905564 -0.318757366773 
9.8998998999 1.0 -0.45744688336 0.0165509536775 
-0.930930930931 1.0 -0.802176135594 -0.922759177357 
-6.41641641642 1.0 -0.132837305145 -0.108317330789 
-3.43343343343 1.0 0.28771565565 0.292419468985 
5.73573573574 1.0 -0.520511228445 -0.294474960223 
2.37237237237 1.0 0.695575258639 0.709184614144 
8.65865865866 1.0 0.693344009372 0.561142499861 
-1.83183183183 1.0 -0.96612325186 -1.02260426707 
8.43843843844 1.0 0.834011915114 0.645477717879 
4.51451451451 1.0 -0.980486642048 -0.982240774273 
-3.35335335335 1.0 0.210181594637 0.232683726716 
-7.53753753754 1.0 -0.950347982805 -0.319176935897 
-8.85885885886 1.0 -0.536191852752 -0.420312091374 
2.69269269269 1.0 0.433974744115 0.468724574399 
9.45945945946 1.0 -0.034674546587 0.210417447705 
0.750750750751 1.0 0.682187883844 0.713802875645 
9.17917917918 1.0 0.243137181641 0.336642208335 
-5.11511511512 1.0 0.919995965877 0.338100215062 
7.0970970971 1.0 0.726978798959 0.7668463046 
3.73373373373 1.0 -0.558138856901 -0.545874702444 
0.710710710711 1.0 0.65237258226 0.684419136631 
7.17717717718 1.0 0.779578080518 0.789033611286 
-5.51551551552 1.0 0.694460468753 0.186003133739 
9.13913913914 1.0 0.281770446506 0.354588279858 
6.31631631632 1.0 0.0331249483513 0.286651804686 
5.81581581582 1.0 -0.450539443112 -0.211849215017 
9.95995995996 1.0 -0.509997599178 -0.00893370240002 
-0.0500500500501 1.0 -0.0500291567086 -0.0691814601216 
-8.21821821822 1.0 -0.934395989648 -0.384354526844 
-6.71671671672 1.0 -0.42007812671 -0.180916848558 
-3.21321321321 1.0 0.0715593456609 0.116080442275 
5.95595595596 1.0 -0.32142063693 -0.0664226901472 
6.8968968969 1.0 0.575905704393 0.689448392755 
-5.71571571572 1.0 0.537499969971 0.112097438595 
-8.17817817818 1.0 -0.947906971008 -0.381417524518 
-0.570570570571 1.0 -0.540112324789 -0.634235559626 
-6.95695695696 1.0 -0.623937863975 -0.229850501737 
2.45245245245 1.0 0.635873830576 0.654888882243 
-3.75375375375 1.0 0.574637462441 0.471901904173 
-9.11911911912 1.0 -0.30092154409 -0.430251651351 
6.95695695696 1.0 0.623937863975 0.716024741613 
7.07707707708 1.0 0.713087090062 0.760531086778 
4.37437437437 1.0 -0.943414910292 -0.953049480667 
1.91191191191 1.0 0.942382045726 0.935672330756 
3.97397397397 1.0 -0.739536372707 -0.743828956564 
7.45745745746 1.0 0.922408976872 0.83017357659 
9.97997997998 1.0 -0.527114985665 -0.0173628987007 
0.530530530531 1.0 0.505991015532 0.536511942615 
2.01201201201 1.0 0.904233186475 0.899660131289 
6.85685685686 1.0 0.542719485852 0.670110223848 
-7.2972972973 1.0 -0.849011685183 -0.286711341351 
-4.95495495495 1.0 0.970724838874 0.396237748687 
-0.29029029029 1.0 -0.286230381945 -0.341047961452 
2.43243243243 1.0 0.651196684992 0.668844853342 
-1.97197197197 1.0 -0.920602539794 -0.960281166615 
4.65465465465 1.0 -0.998333836705 -0.98660787565 
6.81681681682 1.0 0.508663293061 0.649471464662 
6.0960960961 1.0 -0.185999691898 0.0764444095288 
3.21321321321 1.0 -0.0715593456609 -0.0267571153005 
5.93593593594 1.0 -0.340312647942 -0.0871371755104 
8.61861861862 1.0 0.721633711464 0.577136641425 
6.11611611612 1.0 -0.166293065952 0.0964129734224 
9.55955955956 1.0 -0.13437389375 0.165554077546 
0.910910910911 1.0 0.790062479764 0.817655541891 
-9.73973973974 1.0 0.309780130585 -0.446720124522 
1.33133133133 1.0 0.971465007816 0.978874481583 
4.13413413413 1.0 -0.837417761709 -0.848216114485 
8.31831831832 1.0 0.894118814814 0.687075852961 
-6.05605605606 1.0 0.225181436261 -0.00354032675024 
4.25425425425 1.0 -0.896879023055 -0.908934508748 
-0.03003003003 1.0 -0.0300255167065 -0.0464264875741 
7.53753753754 1.0 0.950347982805 0.83234070198 
6.6966966967 1.0 0.401827232414 0.579773184477 
-1.65165165165 1.0 -0.996732988666 -1.07396324256 
1.13113113113 1.0 0.904894218889 0.922721004898 
8.8988988989 1.0 0.501973484202 0.460534517302 
-0.910910910911 1.0 -0.790062479764 -0.910144260726 
1.19119119119 1.0 0.928811026462 0.943529433925 
5.4954954955 1.0 -0.708725363073 -0.530888017143 
8.41841841842 1.0 0.844890020967 0.652653261296 
2.49249249249 1.0 0.604469813648 0.62622874585 
9.73973973974 1.0 -0.309780130585 0.0858165084661 
-9.75975975976 1.0 0.328751980598 -0.447119416725 
-8.91891891892 1.0 -0.484559073218 -0.422802719716 
-7.997997998 1.0 -0.989647555109 -0.366963317112 
0.47047047047 1.0 0.453305691794 0.481922921033 
-0.590590590591 1.0 -0.556851671602 -0.653323541388 
-8.57857857858 1.0 -0.748766641479 -0.406883739394 
-7.77777777778 1.0 -0.997097890944 -0.34623750683 
-0.750750750751 1.0 -0.682187883844 -0.79400532135 
-1.25125125125 1.0 -0.949378423874 -1.06297670936 
-2.39239239239 1.0 -0.681053382124 -0.669382559027 
-7.03703703704 1.0 -0.684451964588 -0.244480513746 
8.83883883884 1.0 0.552982096013 0.48632334412 
9.31931931932 1.0 0.105263273301 0.273551695831 
-7.5975975976 1.0 -0.967313252172 -0.326417239455 
-9.61961961962 1.0 0.193611192318 -0.444174811008 
4.01401401401 1.0 -0.765888052358 -0.7722522676 
6.03603603604 1.0 -0.244640851113 0.0157884484992 
-9.2992992993 1.0 -0.125149645879 -0.435958421381 
9.05905905906 1.0 0.357620745349 0.390289644988 
-1.07107107107 1.0 -0.877714248189 -0.998557929041 
-2.99299299299 1.0 -0.148053371305 -0.0904988440457 
2.83283283283 1.0 0.303877337824 0.345682236479 
8.01801801802 1.0 0.986576173517 0.772717990409 
6.53653653654 1.0 0.250649611665 0.46909665074 
2.65265265265 1.0 0.469690351946 0.502034667218 
3.31331331331 1.0 -0.170877953796 -0.12976976053 
-9.37937937938 1.0 -0.0453829883483 -0.438227546628 
-8.83883883884 1.0 -0.552982096013 -0.419453608114 
5.43543543544 1.0 -0.749793457774 -0.585518028168 
5.77577577578 1.0 -0.485914794209 -0.253281537903 
-5.05505505506 1.0 0.941862214566 0.360302887522 
-2.85285285285 1.0 -0.284744420138 -0.230108873012 
5.6956956957 1.0 -0.554273288059 -0.335326674991 
-5.87587587588 1.0 0.396140311588 0.055853863612 
7.93793793794 1.0 0.996477739177 0.79014022425 
2.75275275275 1.0 0.379115173303 0.417180083431 
-4.69469469469 1.0 0.999843460211 0.47941385946 
-6.7967967968 1.0 -0.491325964149 -0.198095864963 
8.4984984985 1.0 0.799390133963 0.623418242273 
6.43643643644 1.0 0.152651959622 0.390206302059 
7.73773773774 1.0 0.993251282848 0.821435292816 
-5.45545545546 1.0 0.736397402892 0.208724543546 
0.730730730731 1.0 0.667413978747 0.699276688931 
6.51651651652 1.0 0.231219739195 0.45389306386 
-4.67467467467 1.0 0.999288899866 0.484957813789 
4.23423423423 1.0 -0.887845512006 -0.899935663183 
6.07607607608 1.0 -0.205631771434 0.0563436231116 
0.610610610611 1.0 0.573367839051 0.6053080386 
5.61561561562 1.0 -0.61907922661 -0.415594277924 
-2.27227227227 1.0 -0.763890524376 -0.766786821585 
3.19319319319 1.0 -0.0515776439174 -0.00625392248805 
-7.47747747748 1.0 -0.929955638285 -0.31159905846 
-5.31531531532 1.0 0.823679750423 0.262206820323 
9.81981981982 1.0 -0.384846824231 0.0509616612843 
-2.53253253253 1.0 -0.572096837274 -0.544263148488 
-3.85385385385 1.0 0.653546911213 0.507291597743 
-4.41441441441 1.0 0.955933085822 0.540912144179 
-2.47247247247 1.0 -0.620296125676 -0.599223414115 
-8.13813813814 1.0 -0.959898466376 -0.37838391468 
-2.01201201201 1.0 -0.904233186475 -0.939048313344 
3.23323323323 1.0 -0.0915123672906 -0.0473060188031 
1.75175175175 1.0 0.983672194447 0.976678530197 
-2.05205205205 1.0 -0.886414355831 -0.916345503346 
4.17417417417 1.0 -0.858625146533 -0.870224087158 
0.31031031031 1.0 0.305354140677 0.325172433978 
1.29129129129 1.0 0.961192106815 0.970660284494 
-0.950950950951 1.0 -0.813968289004 -0.934934417382 
-5.35535535536 1.0 0.800320725902 0.246894531293 
-9.21921921922 1.0 -0.204114170152 -0.433529404943 
-8.07807807808 1.0 -0.974995298193 -0.373646040788 
-6.11611611612 1.0 0.166293065952 -0.0223340241497 
2.93293293293 1.0 0.207148878373 0.252287293771 
7.71771771772 1.0 0.990730428893 0.823503578132 
2.85285285285 1.0 0.284744420138 0.327343571972 
7.63763763764 1.0 0.976688773762 0.829665276801 
-0.43043043043 1.0 -0.417262010319 -0.492892584728 
3.95395395395 1.0 -0.725913266541 -0.729074421357 
7.8978978979 1.0 0.999035835857 0.797856660343 
7.85785785786 1.0 0.999992487454 0.804872851604 
4.83483483483 1.0 -0.99251286792 -0.955527540952 
5.53553553554 1.0 -0.679917243139 -0.493270448304 
-9.01901901902 1.0 -0.39471619201 -0.42668426566 
4.03403403403 1.0 -0.778606064409 -0.785903217077 
-4.79479479479 1.0 0.996606561851 0.449634032483 
-6.35635635636 1.0 -0.0731057736575 -0.0921991645788 
-3.11311311311 1.0 -0.0284756907485 0.0249979165003 
5.0950950951 1.0 -0.927657483133 -0.840907608066 
6.05605605606 1.0 -0.225181436261 0.03612132362 
-3.81381381381 1.0 0.622725447279 0.494321297752 
3.57357357357 1.0 -0.41867057176 -0.39393654649 
7.51751751752 1.0 0.943927941216 0.832168809193 
-8.73873873874 1.0 -0.633477463068 -0.414938698849 
-7.97797797798 1.0 -0.992322298019 -0.365224809144 
-0.23023023023 1.0 -0.228201684929 -0.273859690238 
-7.33733733734 1.0 -0.869481672757 -0.292532428011 
-2.35235235235 1.0 -0.709818357066 -0.702960111956 
6.55655655656 1.0 0.269979026825 0.484004094683 
-0.730730730731 1.0 -0.667413978747 -0.777678699896 
-1.33133133133 1.0 -0.971465007816 -1.07958061342 
-2.41241241241 1.0 -0.666258547712 -0.652205296907 
9.2992992993 1.0 0.125149645879 0.282578859854 
6.93693693694 1.0 0.608168751487 0.707489090635 
3.47347347347 1.0 -0.325821789448 -0.293887614198 
1.57157157157 1.0 0.999999699498 0.996983949953 
5.97597597598 1.0 -0.302399804444 -0.0457610634827 
6.65665665666 1.0 0.36484968073 0.55397275001 
8.03803803804 1.0 0.983109384216 0.767967950715 
8.33833833834 1.0 0.884974675839 0.68039467962 
6.75675675676 1.0 0.456067581459 0.61607637903 
-2.23223223223 1.0 -0.789111039566 -0.796920741362 
-4.23423423423 1.0 0.887845512006 0.557088442975 
-0.11011011011 1.0 -0.109887744787 -0.137579603648 
5.51551551552 1.0 -0.694460468753 -0.512191090725 
2.99299299299 1.0 0.148053371305 0.194370230443 
-3.23323323323 1.0 0.0915123672906 0.133583736033 
10.0 1.0 -0.544021110889 -0.0257580458941 
-9.07907907908 1.0 -0.338854295004 -0.428860785662 
2.13213213213 1.0 0.846544793956 0.846425635862 
3.93393393393 1.0 -0.711999223182 -0.713970228985 
-3.27327327327 1.0 0.131300397197 0.167785810386 
-5.95595595596 1.0 0.32142063693 0.0289147398524 
1.47147147147 1.0 0.995071340501 0.995864135249 
-7.4974974975 1.0 -0.93712958481 -0.314163311562 
-3.17317317317 1.0 0.0315752704827 0.0803251217566 
-5.27527527528 1.0 0.845718424022 0.277509743044 
9.93993993994 1.0 -0.492675811867 -0.000471169876936 
5.25525525526 1.0 -0.856231505045 -0.733641007047 
0.35035035035 1.0 0.343226895963 0.3657621712 
6.2962962963 1.0 0.0131106134944 0.268537850547 
-3.95395395395 1.0 0.725913266541 0.532940959347 
-8.71871871872 1.0 -0.648840196822 -0.413989535894 
1.09109109109 1.0 0.887131000257 0.906965563044 
4.97497497497 1.0 -0.965721938658 -0.903601139636 
7.23723723724 1.0 0.81576576016 0.80251735025 
-3.63363363363 1.0 0.472425730458 0.416302091537 
-8.4984984985 1.0 -0.799390133963 -0.402437002814 
-8.41841841842 1.0 -0.844890020967 -0.39768674212 
-6.03603603604 1.0 0.244640851113 0.00283884382785 
7.997997998 1.0 0.989647555109 0.777313627626 
-7.31731731732 1.0 -0.859418901282 -0.289643280948 
-2.31231231231 1.0 -0.737445499834 -0.735448186539 
3.35335335335 1.0 -0.210181594637 -0.171024897172 
-5.15515515516 1.0 0.903569980268 0.323102493647 
8.13813813814 1.0 0.959898466376 0.742017889023 
-1.53153153153 1.0 -0.999229236959 -1.08929373671 
-0.990990990991 1.0 -0.836569314705 -0.95795043311 
1.05105105105 1.0 0.867945718946 0.889710351084 
-9.25925925926 1.0 -0.164763965562 -0.434764563809 
9.23923923924 1.0 0.184476035731 0.309640964899 
5.57557557558 1.0 -0.650019222236 -0.454806466819 
2.89289289289 1.0 0.246143932464 0.290144719646 
-4.43443443443 1.0 0.961618700226 0.537840967934 
-4.59459459459 1.0 0.993070259711 0.505556005469 
-9.71971971972 1.0 0.290684124469 -0.446313909306 
1.39139139139 1.0 0.983950052752 0.988385043098 
0.890890890891 1.0 0.777632176518 0.805905009534 
-8.97897897898 1.0 -0.431178912314 -0.425170782065 
-6.87687687688 1.0 -0.559424700424 -0.214398318729 
-9.95995995996 1.0 0.509997599178 -0.450756101355 
9.75975975976 1.0 -0.328751980598 0.0770642410567 
2.33233233233 1.0 0.723776968945 0.734778767845 
2.31231231231 1.0 0.737445499834 0.747178654018 
8.27827827828 1.0 0.911328515751 0.700113137472 
-2.73273273273 1.0 -0.397563478837 -0.350479972446 
9.5995995996 1.0 -0.173932497848 0.147703436811 
8.21821821822 1.0 0.934395989648 0.718812237236 
-7.83783783784 1.0 -0.999869691753 -0.352251104725 
-7.05705705706 1.0 -0.698909584547 -0.248012978731 
2.95295295295 1.0 0.187522900919 0.233126190875 
-5.85585585586 1.0 0.41444188151 0.062717666907 
-3.55355355355 1.0 0.400406942668 0.371319882515 
5.2952952953 1.0 -0.834866389361 -0.703016556943 
-3.29329329329 1.0 0.151119458915 0.184463402636 
-4.45445445445 1.0 0.966918909573 0.534539792655 
-0.530530530531 1.0 -0.505991015532 -0.595173195545 
-7.95795795796 1.0 -0.994599330244 -0.363458387761 
4.31431431431 1.0 -0.921809046742 -0.933137851142 
0.850850850851 1.0 0.75184168035 0.781334125002 
4.77477477477 1.0 -0.998054637396 -0.970432008263 
-8.33833833834 1.0 -0.884974675839 -0.392613729391 
3.91391391391 1.0 -0.69779981921 -0.698525847944 
-2.11211211211 1.0 -0.857031446499 -0.879606265722 
3.55355355355 1.0 -0.400406942668 -0.374171440047 
-3.09309309309 1.0 -0.0484805492288 0.00615323117433 
3.75375375375 1.0 -0.574637462441 -0.563923897318 
9.67967967968 1.0 -0.252150304413 0.112214385426 
1.63163163163 1.0 0.998150103477 0.993353354401 
1.61161161161 1.0 0.999167171889 0.994917394234 
1.93193193193 1.0 0.935496175869 0.929093767146 
-5.37537537538 1.0 0.788157702332 0.239242331181 
8.77877877878 1.0 0.601996584369 0.511726319567 
8.45845845846 1.0 0.822799547447 0.638211582259 
-4.17417417417 1.0 0.858625146533 0.557375570215 
9.6996996997 1.0 -0.271471615699 0.103392552135 
7.47747747748 1.0 0.929955638285 0.831088856784 
8.37837837838 1.0 0.865626143701 0.666721669733 
4.09409409409 1.0 -0.81486800406 -0.824511300103 
8.67867867868 1.0 0.678779469621 0.553050031618 
-9.23923923924 1.0 -0.184476035731 -0.434152232316 
5.13513513514 1.0 -0.911965725448 -0.816510619665 
7.95795795796 1.0 0.994599330244 0.786028161657 
-0.650650650651 1.0 -0.605704250039 -0.70868367304 
-1.99199199199 1.0 -0.912600742763 -0.949850405436 
4.61461461461 1.0 -0.995223893414 -0.987917503191 
2.23223223223 1.0 0.789111039566 0.794073409397 
5.21521521522 1.0 -0.87622408965 -0.762812015798 
-1.61161161161 1.0 -0.999167171889 -1.08079270175 
6.17617617618 1.0 -0.106805021793 0.155421863767 
-7.6976976977 1.0 -0.987812502254 -0.337768353657 
6.4964964965 1.0 0.211697196671 0.438397552327 
-6.57657657658 1.0 -0.289200237681 -0.14867395841 
-7.73773773774 1.0 -0.993251282848 -0.342068817089 
-6.47647647648 1.0 -0.19208980849 -0.123896387584 
-3.79379379379 1.0 0.606937230307 0.487245054024 
3.41341341341 1.0 -0.268485788917 -0.232705808121 
0.15015015015 1.0 0.149586594914 0.155126943557 
2.91291291291 1.0 0.226691833081 0.271295466179 
3.39339339339 1.0 -0.249148316352 -0.212186509402 
-6.65665665666 1.0 -0.36484968073 -0.167442831582 
-1.45145145145 1.0 -0.992886849216 -1.0907874337 
3.71371371371 1.0 -0.541416556108 -0.527589676557 
6.5965965966 1.0 0.308305540605 0.512915207401 
-4.11411411411 1.0 0.826308470068 0.554821629709 
-8.51851851852 1.0 -0.787202470352 -0.40357641289 
-6.25625625626 1.0 0.0269257963344 -0.0641338076279 
2.51251251251 1.0 0.588401237484 0.611530073725 
8.25825825826 1.0 0.919387180273 0.706463391523 
-3.15315315315 1.0 0.0115602420643 0.0620964568718 
2.73273273273 1.0 0.397563478837 0.434566830508 
-8.65865865866 1.0 -0.693344009372 -0.411045203876 
8.87887887888 1.0 0.519186710331 0.469170216205 
2.57257257257 1.0 0.53880679503 0.565994080152 
4.11411411411 1.0 -0.826308470068 -0.836572211323 
-7.17717717718 1.0 -0.779578080518 -0.268193750544 
-5.53553553554 1.0 0.679917243139 0.178473677339 
-1.59159159159 1.0 -0.999783786273 -1.08356647306 
-1.75175175175 1.0 -0.983672194447 -1.04953387769 
3.51351351351 1.0 -0.363405633971 -0.334251507861 
-4.13413413413 1.0 0.837417761709 0.555998759931 
8.75875875876 1.0 0.617860839267 0.520098371779 
-9.93993993994 1.0 0.492675811867 -0.45041997993 
-6.97697697698 1.0 -0.639456909771 -0.233583952907 
7.65765765766 1.0 0.980790267476 0.828448920967 
-0.31031031031 1.0 -0.305354140677 -0.36321538364 
5.45545545546 1.0 -0.736397402892 -0.567563167634 
-4.97497497497 1.0 0.965721938658 0.389178837585 
-4.65465465465 1.0 0.998333836705 0.490350268869 
-5.91591591592 1.0 0.359068265792 0.0422793669042 
9.15915915916 1.0 0.26250641876 0.345621797244 
-7.25725725726 1.0 -0.827180739833 -0.280717134091 
-3.91391391391 1.0 0.69779981921 0.523827607703 
-1.39139139139 1.0 -0.983950052752 -1.08722204557 
-9.81981981982 1.0 0.384846824231 -0.448276901582 
-4.51451451451 1.0 0.980486642048 0.523323745985 
-3.45345345345 1.0 0.306830209454 0.306487533785 
6.7967967968 1.0 0.491325964149 0.638664318943 
0.11011011011 1.0 0.109887744787 0.111045052951 
1.87187187187 1.0 0.955018091318 0.947876027127 
9.4994994995 1.0 -0.0746520259067 0.192437437255 
-2.07207207207 1.0 -0.876970223046 -0.904452830915 
5.7957957958 1.0 -0.468320967329 -0.232588826046 
-0.890890890891 1.0 -0.777632176518 -0.89709402236 
0.790790790791 1.0 0.710909644644 0.741845875704 
-2.17217217217 1.0 -0.824557973258 -0.839752716371 
-9.77977977978 1.0 0.347592070824 -0.44751190147 
-0.550550550551 1.0 -0.523156507537 -0.614848343902 
-6.4964964965 1.0 -0.211697196671 -0.128970174865 
-0.41041041041 1.0 -0.398985690337 -0.471741506927 
-1.35135135135 1.0 -0.97601842181 -1.08258359558 
6.37637637638 1.0 0.0930562402792 0.3395694941 
4.81481481481 1.0 -0.994759058541 -0.960994740995 
8.1981981982 1.0 0.941340119153 0.72480477764 
9.1991991992 1.0 0.223670498102 0.327651142234 
-6.15615615616 1.0 0.126687794244 -0.0345725284736 
-2.83283283283 1.0 -0.303877337824 -0.250218890297 
0.650650650651 1.0 0.605704250039 0.637899468845 
9.3993993994 1.0 0.0253758371902 0.237449240958 
-3.61361361361 1.0 0.454687183165 0.405644128589 
-6.55655655656 1.0 -0.269979026825 -0.143836290737 
5.67567567568 1.0 -0.570824460166 -0.355592255153 
5.3953953954 1.0 -0.775678794758 -0.620605264252 
-9.0990990991 1.0 -0.319952035985 -0.429562103488 
-7.91791791792 1.0 -0.997956771974 -0.359840207942 
5.23523523524 1.0 -0.866401418913 -0.748412782094 
-8.37837837838 1.0 -0.865626143701 -0.395191820279 
4.73473473473 1.0 -0.99975034402 -0.977856402978 
-3.13313313313 1.0 -0.00845941955823 0.0436499022729 
-3.87387387387 1.0 0.668567805308 0.513190120399 
2.05205205205 1.0 0.886414355831 0.883106709687 
9.37937937938 1.0 0.0453829883483 0.246471122919 
6.3963963964 1.0 0.112969411094 0.356710519949 
9.63963963964 1.0 -0.213212289782 0.129920653489 
8.97897897898 1.0 0.431178912314 0.425644099208 
-4.39439439439 1.0 0.949864345085 0.543746552362 
3.01301301301 1.0 0.128225638051 0.174788442302 
3.69369369369 1.0 -0.524477262156 -0.509079973224 
2.21221221221 1.0 0.801249393857 0.805108850494 
-0.17017017017 1.0 -0.169350063744 -0.20591970494 
-3.33333333333 1.0 0.190567962875 0.21692172583 
3.65365365365 1.0 -0.489974935275 -0.471431536898 
-4.71471471471 1.0 0.999997295481 0.473724556957 
1.71171171171 1.0 0.990087845702 0.983610105746 
6.57657657658 1.0 0.289200237681 0.498611483444 
3.67367367367 1.0 -0.507327764109 -0.490356826383 
-3.41341341341 1.0 0.268485788917 0.277997963147 
-7.75775775776 1.0 -0.995374053792 -0.344169413678 
-2.59259259259 1.0 -0.521834495241 -0.487598878864 
9.61961961962 1.0 -0.193611192318 0.138803013405 
9.07907907908 1.0 0.338854295004 0.38139240499 
-6.13613613614 1.0 0.146519791772 -0.0284825798573 
-1.13113113113 1.0 -0.904894218889 -1.02419779901 
2.55255255255 1.0 0.555563147622 0.581409772343 
8.81881881882 1.0 0.569550710787 0.494836663282 
-4.63463463463 1.0 0.996978653508 0.495584997308 
9.01901901902 1.0 0.39471619201 0.408017391814 
-4.57457457457 1.0 0.990518615549 0.510279483345 
-0.770770770771 1.0 -0.69668837635 -0.809946329171 
9.41941941942 1.0 0.00535851570584 0.228432120127 
-6.45645645646 1.0 -0.172405433055 -0.118763084263 
-2.15215215215 1.0 -0.835718856574 -0.853375235496 
3.53353353353 1.0 -0.381982835353 -0.354272632515 
-3.01301301301 1.0 -0.128225638051 -0.070889588513 
-8.23823823824 1.0 -0.927077365617 -0.385787682825 
9.77977977978 1.0 -0.347592070824 0.0683370691766 
0.990990990991 1.0 0.836569314705 0.861035173627 
3.49349349349 1.0 -0.34468278404 -0.314119406956 
-9.31931931932 1.0 -0.105263273301 -0.436540282103 
-5.75575575576 1.0 0.503313872361 0.0977623261298 
-9.53953953954 1.0 0.114509838728 -0.442326421241 
-4.87487487487 1.0 0.986828185163 0.423688090854 
1.81181181181 1.0 0.971096090611 0.963760190263 
1.35135135135 1.0 0.97601842181 0.982418538849 
-6.07607607608 1.0 0.205631771434 -0.0098624966266 
-5.13513513514 1.0 0.911965725448 0.330618245857 
-1.31131131131 1.0 -0.966522242485 -1.07611972594 
2.15215215215 1.0 0.835718856574 0.836524991099 
-7.57757757758 1.0 -0.96204298189 -0.324040531402 
1.15115115115 1.0 0.91323356617 0.93003430501 
3.09309309309 1.0 0.0484805492288 0.0952655177403 
7.4974974975 1.0 0.93712958481 0.831752734532 
6.27627627628 1.0 -0.00690897593668 0.250199052019 
-5.8958958959 1.0 0.377679973455 0.0490407973712 
-8.75875875876 1.0 -0.617860839267 -0.415872141957 
-1.79179179179 1.0 -0.975679725882 -1.03687663484 
-9.8998998999 1.0 0.45744688336 -0.449730094864 
4.79479479479 1.0 -0.996606561851 -0.965963806035 
-5.6956956957 1.0 0.554273288059 0.119327832489 
2.53253253253 1.0 0.572096837274 0.596589440493 
5.37537537538 1.0 -0.788157702332 -0.637715401174 
-0.690690690691 1.0 -0.637069722791 -0.743901339074 
1.11111111111 1.0 0.89619220103 0.915031196584 
-3.47347347347 1.0 0.325821789448 0.320195779072 
4.15415415415 1.0 -0.848191426515 -0.859435739063 
-4.05405405405 1.0 0.791012020637 0.549265996327 
8.93893893894 1.0 0.466950456861 0.443154908665 
6.33633633634 1.0 0.0531260071326 0.304533248906 
-6.27627627628 1.0 0.00690897593668 -0.0698669883124 
-1.95195195195 1.0 -0.928235370545 -0.970336920206 
7.77777777778 1.0 0.997097890944 0.816690942986 
-5.77577577578 1.0 0.485914794209 0.0906603074954 
8.05805805806 1.0 0.979248576653 0.76306685685 
1.21121121121 1.0 0.936042896216 0.949710675256 
2.67267267267 1.0 0.451923110669 0.485487502093 
-3.71371371371 1.0 0.541416556108 0.454964329387 
-1.81181181181 1.0 -0.971096090611 -1.02994089125 
0.39039039039 1.0 0.380549461752 0.405455293881 
5.55555555556 1.0 -0.665101514979 -0.474138168302 
-2.09209209209 1.0 -0.867174611281 -0.892204940333 
9.27927927928 1.0 0.144985860003 0.291603780514 
1.49149149149 1.0 0.996857019318 0.996814065157 
5.15515515516 1.0 -0.903569980268 -0.803687325711 
-3.51351351351 1.0 0.363405633971 0.346509706779 
7.83783783784 1.0 0.999869691753 0.808109522564 
3.25325325325 1.0 -0.111428711879 -0.0678913319904 
-2.63263263263 1.0 -0.487269347053 -0.449022854364 
-4.55455455455 1.0 0.987569983594 0.514819639701 
3.07307307307 1.0 0.0684659772958 0.115310968641 
7.6976976977 1.0 0.987812502254 0.825364392453 
4.59459459459 1.0 -0.993070259711 -0.987804313806 
-10.0 1.0 0.544021110889 -0.45141119327 
-9.87987987988 1.0 0.439553861488 -0.449376129844 
-3.65365365365 1.0 0.489974935275 0.426564484914 
-1.73173173173 1.0 -0.987077824457 -1.05524969554 
-0.0700700700701 1.0 -0.0700127456343 -0.0919666771184 
-5.97597597598 1.0 0.302399804444 0.0223130766312 
3.87387387387 1.0 -0.668567805308 -0.666655417972 
0.670670670671 1.0 0.62151153354 0.653726236841 
7.1971971972 1.0 0.791959659904 0.79382436704 
-8.2982982983 1.0 -0.902904601864 -0.389949909738 
7.87787787788 1.0 0.99971449835 0.801454047668 
0.930930930931 1.0 0.802176135594 0.829046073982 
-5.0950950951 1.0 0.927657483133 0.345544399324 
-6.83683683684 1.0 -0.525796755923 -0.206355067273 
2.47247247247 1.0 0.620296125676 0.640682608135 
-1.93193193193 1.0 -0.935496175869 -0.980014109242 
-7.0970970971 1.0 -0.726978798959 -0.254931141734 
7.31731731732 1.0 0.859418901282 0.816431377748 
-5.43543543544 1.0 0.749793457774 0.216335064229 
-0.830830830831 1.0 -0.738491823944 -0.855381034218 
-2.97297297297 1.0 -0.167821766571 -0.110219973053 
0.29029029029 1.0 0.286230381945 0.304560375164 
-6.1961961962 1.0 0.0868794431893 -0.0465754273912 
3.85385385385 1.0 -0.653546911213 -0.65024930163 
7.55755755756 1.0 0.956387136503 0.832272052415 
7.43743743744 1.0 0.914492625181 0.829003320147 
7.3973973974 1.0 0.897563688968 0.825883734472 
-6.77677677678 1.0 -0.473791717778 -0.193884268522 
-3.49349349349 1.0 0.34468278404 0.333538307874 
-9.05905905906 1.0 -0.357620745349 -0.428147504654 
0.23023023023 1.0 0.228201684929 0.241552003574 
8.3983983984 1.0 0.855429505195 0.659735495164 
2.81281281281 1.0 0.322888465175 0.363840103318 
6.47647647648 1.0 0.19208980849 0.422614643422 
