-9.85985985986 1.0 0.421484671785 0.172711256877 
6.35635635636 1.0 0.0731057736575 0.07589696437 
-2.81281281281 1.0 -0.322888465175 -0.370251385102 
-2.95295295295 1.0 -0.187522900919 -0.147254173949 
1.89189189189 1.0 0.948890220341 0.947041691894 
4.67467467467 1.0 -0.999288899866 -1.02192915875 
-6.3963963964 1.0 -0.112969411094 -0.18721285246 
-5.4954954955 1.0 0.708725363073 0.750318811483 
-8.7987987988 1.0 -0.585891056576 -0.603313998133 
-9.55955955956 1.0 0.13437389375 -0.0496875344793 
-8.53853853854 1.0 -0.774699305584 -0.761969808753 
-6.53653653654 1.0 -0.250649611665 -0.337827293262 
7.33733733734 1.0 0.869481672757 0.818904836368 
6.83683683684 1.0 0.525796755923 0.526224023265 
1.45145145145 1.0 0.992886849216 0.986336319964 
-7.71771771772 1.0 -0.990730428893 -1.01019028414 
1.65165165165 1.0 0.996732988666 0.990605447144 
-0.0900900900901 1.0 -0.0899682743046 -0.100145084554 
1.23123123123 1.0 0.942899611382 0.938871483811 
3.59359359359 1.0 -0.436766402789 -0.444177821388 
0.870870870871 1.0 0.764890207772 0.768812284852 
-7.63763763764 1.0 -0.976688773762 -1.00625769811 
0.37037037037 1.0 0.361960713579 0.37209870863 
9.35935935936 1.0 0.0653719505576 0.12904294671 
3.13313313313 1.0 0.00845941955822 0.0213437509255 
7.81781781782 1.0 0.999346160464 0.888842240525 
-1.17117117117 1.0 -0.921206900567 -1.15068338509 
-2.37237237237 1.0 -0.695575258639 -0.975824189969 
-6.33633633634 1.0 -0.0531260071326 -0.120767852496 
8.07807807808 1.0 0.974995298193 0.848098537672 
-7.81781781782 1.0 -0.999346160464 -1.00698149523 
-4.29429429429 1.0 0.913864194148 1.16716969472 
-4.77477477477 1.0 0.998054637396 1.14720273541 
-5.7957957958 1.0 0.468320967329 0.471611686918 
-8.6986986987 1.0 -0.66394288333 -0.667406224308 
8.23823823824 1.0 0.927077365617 0.799725080742 
-0.13013013013 1.0 -0.1297631736 -0.143667362683 
0.13013013013 1.0 0.1297631736 0.133984846745 
-8.61861861862 1.0 -0.721633711464 -0.716024299795 
-7.07707707708 1.0 -0.713087090062 -0.804444648274 
8.91891891892 1.0 0.484559073218 0.443855742603 
2.29229229229 1.0 0.750818471552 0.762072689008 
-8.87887887888 1.0 -0.519186710331 -0.549730082231 
8.95895895896 1.0 0.449154692451 0.417200189331 
-0.19019019019 1.0 -0.189045659132 -0.209233839521 
-4.33433433433 1.0 0.929384449502 1.17386611906 
-0.39039039039 1.0 -0.380549461752 -0.427925169969 
-4.53453453453 1.0 0.984225545624 1.18374049083 
4.47447447447 1.0 -0.971831589603 -0.99333597569 
-8.15815815816 1.0 -0.9540939133 -0.934714201979 
4.19419419419 1.0 -0.868714740054 -0.889329326537 
4.91491491491 1.0 -0.979561626072 -1.0050633276 
-5.5955955956 1.0 0.634676409709 0.663747600779 
-9.03903903904 1.0 -0.376243865658 -0.437577885243 
-1.05105105105 1.0 -0.867945718946 -1.06497556942 
-0.870870870871 1.0 -0.764890207772 -0.914378176111 
5.11511511512 1.0 -0.919995965877 -0.948547550393 
-8.55855855856 1.0 -0.761885650774 -0.7507498728 
2.27227227227 1.0 0.763890524376 0.774455376719 
3.15315315315 1.0 -0.0115602420643 0.00055495464838 
3.99399399399 1.0 -0.752863081707 -0.771587658385 
-8.3983983984 1.0 -0.855429505195 -0.835065938601 
-4.89489489489 1.0 0.983391971377 1.1103144476 
7.11711711712 1.0 0.740579143612 0.717349185424 
0.830830830831 1.0 0.738491823944 0.743346891678 
-1.55155155155 1.0 -0.999814825028 -1.32184904194 
0.03003003003 1.0 0.0300255167065 0.0289216395788 
8.73873873874 1.0 0.633477463068 0.5573353332 
-8.8988988989 1.0 -0.501973484202 -0.536049611435 
-9.51951951952 1.0 0.094599889559 -0.0798479680178 
-9.41941941942 1.0 -0.00535851570584 -0.155393774783 
-6.23623623624 1.0 0.046931825201 -0.00865327338275 
3.77377377377 1.0 -0.590905760288 -0.604756271431 
-6.8968968969 1.0 -0.575905704393 -0.674710469693 
-4.83483483483 1.0 0.99251286792 1.13027463967 
0.21021021021 1.0 0.208665487323 0.21584275038 
-1.77177177177 1.0 -0.979872320608 -1.33526221468 
-8.67867867868 1.0 -0.678779469621 -0.679795473297 
0.970970970971 1.0 0.825434213842 0.826967128516 
-1.71171171171 1.0 -0.990087845702 -1.33866808029 
-0.49049049049 1.0 -0.471058607419 -0.535663046423 
6.01601601602 1.0 -0.264002216892 -0.277587174198 
-8.77877877878 1.0 -0.601996584369 -0.61640377174 
7.7977977978 1.0 0.998422103411 0.889850663332 
-0.670670670671 1.0 -0.62151153354 -0.722878180307 
0.950950950951 1.0 0.813968289004 0.815979925078 
-8.11811811812 1.0 -0.965318303844 -0.94772119918 
-9.57957957958 1.0 0.154184093352 -0.0346322010528 
7.25725725726 1.0 0.827180739833 0.787121642212 
-4.75475475475 1.0 0.999102704803 1.15216553737 
-2.77277277277 1.0 -0.360514923027 -0.432759517503 
3.17317317317 1.0 -0.0315752704827 -0.0202547449466 
-2.49249249249 1.0 -0.604469813648 -0.833305995833 
-3.31331331331 1.0 0.170877953796 0.402903321949 
-3.77377377377 1.0 0.590905760288 0.914905030995 
-5.73573573574 1.0 0.520511228445 0.531674079568 
-3.89389389389 1.0 0.683320745574 1.00257460279 
-5.33533533534 1.0 0.812162990678 0.873905727893 
-9.45945945946 1.0 0.034674546587 -0.125166606311 
-5.41541541542 1.0 0.762889004574 0.814488165199 
-7.67767767768 1.0 -0.984498672401 -1.00896169535 
-3.93393393393 1.0 0.711999223182 1.02764226415 
-9.17917917918 1.0 -0.243137181641 -0.335380620786 
9.71971971972 1.0 -0.290684124469 -0.150536995563 
-7.8978978979 1.0 -0.999035835857 -0.998194033439 
1.51151151151 1.0 0.998243169988 0.991521576885 
-8.27827827828 1.0 -0.911328515751 -0.889300534997 
6.87687687688 1.0 0.559424700424 0.557465978124 
4.45445445445 1.0 -0.966918909573 -0.988358346797 
-0.01001001001 1.0 -0.0100098428432 -0.013797771069 
-1.11111111111 1.0 -0.89619220103 -1.10945273713 
-3.99399399399 1.0 0.752863081707 1.06146538807 
-4.09409409409 1.0 0.81486800406 1.10809299702 
0.0500500500501 1.0 0.0500291567086 0.0501451843446 
7.15715715716 1.0 0.766884055736 0.739107744144 
-2.93293293293 1.0 -0.207148878373 -0.179293676705 
-6.93693693694 1.0 -0.608168751487 -0.706071823556 
7.57757757758 1.0 0.96204298189 0.879102620143 
4.33433433433 1.0 -0.929384449502 -0.950503761944 
-6.21621621622 1.0 0.066919044364 0.0138704894783 
8.57857857858 1.0 0.748766641479 0.647888964282 
8.0980980981 1.0 0.970351253498 0.842962916123 
1.53153153153 1.0 0.999229236959 0.992506032553 
8.998998999 1.0 0.413030320922 0.390077697279 
6.41641641642 1.0 0.132837305145 0.137597087864 
-6.61661661662 1.0 -0.327287278425 -0.419971754623 
7.67767767768 1.0 0.984498672401 0.889055698333 
6.996996997 1.0 0.654719669029 0.643532067914 
5.05505505506 1.0 -0.941862214566 -0.969513226809 
-3.03303303303 1.0 -0.108346513523 -0.0194868287041 
-5.63563563564 1.0 0.603233924101 0.627246959626 
-6.6966966967 1.0 -0.401827232414 -0.498433743872 
-8.43843843844 1.0 -0.834011915114 -0.815199300602 
-0.33033033033 1.0 -0.32435551719 -0.362552969466 
-7.01701701702 1.0 -0.669720024621 -0.764510242547 
5.87587587588 1.0 -0.396140311588 -0.416482419712 
-5.57557557558 1.0 0.650019222236 0.681605986513 
-4.49449449449 1.0 0.976354771373 1.18481017202 
0.570570570571 1.0 0.540112324789 0.549735382178 
8.11811811812 1.0 0.965318303844 0.837559583587 
9.25925925926 1.0 0.164763965562 0.204119811327 
-5.01501501502 1.0 0.954557149695 1.06141540747 
-4.01401401401 1.0 0.765888052358 1.0717516263 
-4.31431431431 1.0 0.921809046742 1.17072230873 
9.83983983984 1.0 -0.403246556161 -0.245141439884 
1.77177177177 1.0 0.979872320608 0.975389597574 
-3.83383383383 1.0 0.63826408348 0.961105645362 
4.41441441441 1.0 -0.955933085822 -0.977257392731 
-6.63663663664 1.0 -0.346137843492 -0.439956954218 
-8.5985985986 1.0 -0.735347535638 -0.727772564205 
-0.810810810811 1.0 -0.724845989014 -0.859235022918 
-2.33233233233 1.0 -0.723776968945 -1.01849789088 
3.37337337337 1.0 -0.229710988177 -0.227269771147 
4.69469469469 1.0 -0.999843460211 -1.02265916091 
5.01501501502 1.0 -0.954557149695 -0.981588455551 
-6.996996997 1.0 -0.654719669029 -0.750448511398 
2.39239239239 1.0 0.681053382124 0.695567838747 
-3.53353353353 1.0 0.381982835353 0.681796015973 
-4.73473473473 1.0 0.99975034402 1.1567859218 
-6.81681681682 1.0 -0.508663293061 -0.607928964342 
-1.69169169169 1.0 -0.992701051804 -1.33859248588 
5.03503503504 1.0 -0.948399735659 -0.975741770476 
3.03303303303 1.0 0.108346513523 0.124627469324 
-4.61461461461 1.0 0.995223893414 1.17721828089 
5.75575575576 1.0 -0.503313872361 -0.528384443721 
-3.97397397397 1.0 0.739536372707 1.05068841446 
1.67167167167 1.0 0.994916395419 0.988990522899 
-7.45745745746 1.0 -0.922408976872 -0.975230652459 
5.07507507508 1.0 -0.934947206573 -0.962903884351 
6.13613613614 1.0 -0.146519791772 -0.153856096863 
-7.15715715716 1.0 -0.766884055736 -0.852311959055 
6.97697697698 1.0 0.639456909771 0.630015002365 
3.89389389389 1.0 -0.683320745574 -0.700246537606 
-4.25425425425 1.0 0.896879023055 1.15881948325 
7.27727727728 1.0 0.838264195546 0.79562121014 
1.69169169169 1.0 0.992701051804 0.987006120533 
9.0990990991 1.0 0.319952035985 0.320393885829 
-4.91491491491 1.0 0.979561626072 1.10299265187 
-3.69369369369 1.0 0.524477262156 0.845814650006 
-1.57157157157 1.0 -0.999999699498 -1.32592592716 
3.11311311311 1.0 0.0284756907485 0.0421016522652 
9.51951951952 1.0 -0.094599889559 0.00611336284278 
-3.57357357357 1.0 0.41867057176 0.726006320299 
-1.15115115115 1.0 -0.91323356617 -1.13731471388 
-4.15415415415 1.0 0.848191426515 1.1304535655 
-7.1971971972 1.0 -0.791959659904 -0.873892793473 
5.995995996 1.0 -0.2832577738 -0.297863148353 
8.35835835836 1.0 0.875475849797 0.753186604405 
0.01001001001 1.0 0.0100098428432 0.00760519475986 
8.85885885886 1.0 0.536191852752 0.482907557585 
-5.61561561562 1.0 0.61907922661 0.645626260041 
1.07107107107 1.0 0.877714248189 0.876913457865 
-1.47147147147 1.0 -0.995071340501 -1.30020779116 
1.99199199199 1.0 0.912600742763 0.913589073123 
9.43943943944 1.0 -0.0146609534063 0.0679431848385 
-6.5965965966 1.0 -0.308305540605 -0.399756121356 
-7.7977977978 1.0 -0.998422103411 -1.00832691391 
3.33333333333 1.0 -0.190567962875 -0.18626882338 
-0.850850850851 1.0 -0.75184168035 -0.896242859921 
6.73673673674 1.0 0.438160658811 0.442983901361 
-1.23123123123 1.0 -0.942899611382 -1.18843887572 
2.61261261261 1.0 0.504653050544 0.524277584375 
-7.3973973974 1.0 -0.897563688968 -0.957843239991 
-0.510510510511 1.0 -0.488622728493 -0.556956650724 
1.55155155155 1.0 0.999814825028 0.99311840157 
-9.5995995996 1.0 0.173932497848 -0.0195974671846 
-9.35935935936 1.0 -0.0653719505576 -0.200690420057 
8.51851851852 1.0 0.787202470352 0.678967964896 
2.59259259259 1.0 0.521834495241 0.541155728026 
6.67667667668 1.0 0.38341529066 0.389802953461 
2.03203203203 1.0 0.895503224543 0.897755870822 
7.01701701702 1.0 0.669720024621 0.656708030082 
1.59159159159 1.0 0.999783786273 0.9932273331 
-8.81881881882 1.0 -0.569550710787 -0.590097378149 
7.75775775776 1.0 0.995374053792 0.890902126423 
6.63663663664 1.0 0.346137843492 0.353132907635 
-4.07407407407 1.0 0.803100948886 1.09971765488 
-2.79279279279 1.0 -0.341770182763 -0.401608617515 
-7.55755755756 1.0 -0.956387136503 -0.996328532331 
-7.35735735736 1.0 -0.879195966573 -0.944258279315 
-5.21521521522 1.0 0.87622408965 0.953785382779 
5.83583583584 1.0 -0.432577348176 -0.454627796725 
-9.13913913914 1.0 -0.281770446506 -0.364879131788 
4.85485485485 1.0 -0.989868890237 -1.01451723898 
-2.61261261261 1.0 -0.504653050544 -0.671452467447 
0.810810810811 1.0 0.724845989014 0.730156945641 
-1.49149149149 1.0 -0.996857019318 -1.30640241043 
-3.25325325325 1.0 0.111428711879 0.317487458163 
-3.59359359359 1.0 0.436766402789 0.747316754786 
8.47847847848 1.0 0.811257411747 0.698739110312 
-1.91191191191 1.0 -0.942382045726 -1.30529382937 
9.53953953954 1.0 -0.114509838728 -0.00943783500628 
-0.45045045045 1.0 -0.435371096772 -0.492797704539 
-2.29229229229 1.0 -0.750818471552 -1.05861403959 
-3.19319319319 1.0 0.0515776439174 0.228807185559 
-7.37737737738 1.0 -0.888557889358 -0.951250726859 
6.15615615616 1.0 -0.126687794244 -0.1329916795 
-8.0980980981 1.0 -0.970351253498 -0.953804803568 
1.43143143143 1.0 0.99030442098 0.983864668301 
-8.93893893894 1.0 -0.466950456861 -0.508377363273 
-2.87287287287 1.0 -0.265497380359 -0.275211504663 
-0.47047047047 1.0 -0.453305691794 -0.514274025437 
-5.3953953954 1.0 0.775678794758 0.829795028871 
1.01101101101 1.0 0.84736912878 0.84795270117 
0.630630630631 1.0 0.589654207656 0.598473178382 
8.55855855856 1.0 0.761885650774 0.658433551065 
-5.03503503504 1.0 0.948399735659 1.05211268618 
0.41041041041 1.0 0.398985690337 0.40934271506 
4.29429429429 1.0 -0.913864194148 -0.93487251105 
8.63863863864 1.0 0.707630665292 0.615187764844 
8.71871871872 1.0 0.648840196822 0.569224864536 
-3.07307307307 1.0 -0.0684659772958 0.0437913935711 
-5.65565565566 1.0 0.587146852786 0.608614951853 
-6.0960960961 1.0 0.185999691898 0.148749995915 
-8.25825825826 1.0 -0.919387180273 -0.897508817301 
2.87287287287 1.0 0.265497380359 0.285287851444 
-9.4994994995 1.0 0.0746520259067 -0.0949469268983 
-2.51251251251 1.0 -0.588401237484 -0.80757718641 
7.03703703704 1.0 0.684451964588 0.669539111696 
-2.21221221221 1.0 -0.801249393857 -1.1309359546 
1.17117117117 1.0 0.921206900567 0.918286744238 
2.07207207207 1.0 0.876970223046 0.880544439742 
1.03103103103 1.0 0.857829327634 0.857944887488 
-8.01801801802 1.0 -0.986576173517 -0.975235988595 
-9.33933933934 1.0 -0.0853347124856 -0.21576388327 
3.43343343343 1.0 -0.28771565565 -0.288064801479 
3.05305305305 1.0 0.0884239650333 0.104091321916 
1.27127127127 1.0 0.955476737061 0.950796052253 
-3.05305305305 1.0 -0.0884239650333 0.0122243343615 
-0.37037037037 1.0 -0.361960713579 -0.406179548908 
0.590590590591 1.0 0.556851671602 0.56623325479 
4.35435435435 1.0 -0.936587366299 -0.95775799034 
5.27527527528 1.0 -0.845718424022 -0.876178746724 
0.510510510511 1.0 0.488622728493 0.498789243897 
6.23623623624 1.0 -0.046931825201 -0.0492578164384 
-1.67167167167 1.0 -0.994916395419 -1.33792312315 
-6.31631631632 1.0 -0.0331249483513 -0.0984510794605 
0.33033033033 1.0 0.32435551719 0.334082087433 
-4.85485485485 1.0 0.989868890237 1.12395653158 
8.2982982983 1.0 0.902904601864 0.77749391977 
2.77277277277 1.0 0.360514923027 0.381109568636 
-1.01101101101 1.0 -0.84736912878 -1.03363426723 
-4.27427427427 1.0 0.905553075921 1.16320366327 
-0.610610610611 1.0 -0.573367839051 -0.661705332897 
-8.03803803804 1.0 -0.983109384216 -0.970322505984 
-4.99499499499 1.0 0.960331988856 1.07039022167 
-6.73673673674 1.0 -0.438160658811 -0.536093992982 
7.37737737738 1.0 0.888557889358 0.832582606173 
-1.29129129129 1.0 -0.961192106815 -1.22249256353 
-2.03203203203 1.0 -0.895503224543 -1.25393883689 
3.45345345345 1.0 -0.306830209454 -0.308101639378 
-8.05805805806 1.0 -0.979248576653 -0.965109886027 
4.87487487487 1.0 -0.986828185163 -1.01175306956 
3.63363363363 1.0 -0.472425730458 -0.481437242296 
-4.47447447447 1.0 0.971831589603 1.18478655854 
-7.93793793794 1.0 -0.996477739177 -0.991812078431 
4.93493493493 1.0 -0.975338684403 -1.00113865529 
-7.41741741742 1.0 -0.906209755988 -0.964036664796 
-5.23523523524 1.0 0.866401418913 0.941256862118 
-9.67967967968 1.0 0.252150304413 0.0402773558407 
-8.45845845846 1.0 -0.822799547447 -0.804951389814 
5.41541541542 1.0 -0.762889004574 -0.793885846468 
-9.43943943944 1.0 0.0146609534063 -0.140280892639 
2.19219219219 1.0 0.813066617154 0.820817256538 
-2.55255255255 1.0 -0.555563147622 -0.754567910005 
-2.65265265265 1.0 -0.469690351946 -0.613877167459 
5.91591591592 1.0 -0.359068265792 -0.377588372177 
4.49449449449 1.0 -0.976354771373 -0.997930472467 
-9.1991991992 1.0 -0.223670498102 -0.320557263919 
8.7987987988 1.0 0.585891056576 0.5207637083 
0.25025025025 1.0 0.247646422081 0.255908727952 
-0.25025025025 1.0 -0.247646422081 -0.274971988849 
-2.89289289289 1.0 -0.246143932464 -0.243299808286 
-4.21421421421 1.0 0.878456163293 1.14877721173 
-7.11711711712 1.0 -0.740579143612 -0.829156482537 
2.11211211211 1.0 0.857031446499 0.861971780214 
6.45645645646 1.0 0.172405433055 0.178197225625 
0.690690690691 1.0 0.637069722791 0.644871812817 
-1.37137137137 1.0 -0.980180659514 -1.26175124371 
1.37137137137 1.0 0.980180659514 0.974226099017 
3.81381381381 1.0 -0.622725447279 -0.637714901364 
9.87987987988 1.0 -0.439553861488 -0.276663543355 
0.27027027027 1.0 0.266991905564 0.275705489941 
7.2972972973 1.0 0.849011685183 0.803751655657 
8.5985985986 1.0 0.735347535638 0.637164143933 
-6.75675675676 1.0 -0.456067581459 -0.554500611578 
-6.85685685686 1.0 -0.542719485852 -0.641979491058 
8.6986986987 1.0 0.66394288333 0.580958276227 
7.13713713714 1.0 0.753882673169 0.728409250954 
3.29329329329 1.0 -0.151119458915 -0.144985274851 
1.85185185185 1.0 0.960763202681 0.957934548109 
-7.21721721722 1.0 -0.804023831509 -0.884088245226 
5.71571571572 1.0 -0.537499969971 -0.563860958688 
6.71671671672 1.0 0.42007812671 0.425511292886 
-5.25525525526 1.0 0.856231505045 0.928412277675 
-7.85785785786 1.0 -0.999992487454 -1.00326115888 
4.57457457457 1.0 -0.990518615549 -1.01246190076 
2.97297297297 1.0 0.167821766571 0.185721852536 
-6.37637637638 1.0 -0.0930562402792 -0.165160380814 
-9.3993993994 1.0 -0.0253758371902 -0.170501917971 
-5.995995996 1.0 0.2832577738 0.259581680161 
-9.63963963964 1.0 0.213212289782 0.0103984751134 
-2.69269269269 1.0 -0.433974744115 -0.554775492273 
-0.15015015015 1.0 -0.149586594914 -0.165492023333 
-2.67267267267 1.0 -0.451923110669 -0.584505553622 
4.39439439439 1.0 -0.949864345085 -0.971136140852 
6.1961961962 1.0 -0.0868794431893 -0.0911569159178 
-8.35835835836 1.0 -0.875475849797 -0.854062942085 
-1.03103103103 1.0 -0.857829327634 -1.0494681901 
-2.25225225225 1.0 -0.776656419186 -1.09610973118 
0.43043043043 1.0 0.417262010319 0.427661372822 
-8.998998999 1.0 -0.413030320922 -0.466154275412 
2.17217217217 1.0 0.824557973258 0.831600846181 
-8.31831831832 1.0 -0.894118814814 -0.872153428508 
-8.95895895896 1.0 -0.449154692451 -0.494394085077 
-2.43243243243 1.0 -0.651196684992 -0.907191526919 
2.09209209209 1.0 0.867174611281 0.87142715177 
4.95495495495 1.0 -0.970724838874 -0.9968281644 
1.41141141141 1.0 0.987325090799 0.981022032928 
-3.67367367367 1.0 0.507327764109 0.82719388936 
2.41241241241 1.0 0.666258547712 0.681373589966 
2.71271271271 1.0 0.415852445773 0.436399921412 
-9.47947947948 1.0 0.054674242632 -0.110054204051 
-4.03403403403 1.0 0.778606064409 1.08155226353 
6.91691691692 1.0 0.592155892373 0.587459371246 
6.77677677678 1.0 0.473791717778 0.477126525192 
-0.21021021021 1.0 -0.208665487323 -0.231136959939 
0.49049049049 1.0 0.471058607419 0.48133980339 
7.35735735736 1.0 0.879195966573 0.825927930491 
0.45045045045 1.0 0.435371096772 0.44577063745 
4.63463463463 1.0 -0.996978653508 -1.01930487261 
-5.17517517518 1.0 0.894812095251 0.977888647487 
-4.37437437437 1.0 0.943414910292 1.17894515849 
9.85985985986 1.0 -0.421484671785 -0.260905958574 
4.53453453453 1.0 -0.984225545624 -1.00596686857 
-2.71271271271 1.0 -0.415852445773 -0.524710973446 
-2.75275275275 1.0 -0.379115173303 -0.463677558229 
-5.2952952953 1.0 0.834866389361 0.901781154006 
7.5975975976 1.0 0.967313252172 0.881787141265 
-2.57257257257 1.0 -0.53880679503 -0.727323576655 
8.15815815816 1.0 0.9540939133 0.825964586269 
7.91791791792 1.0 0.997956771974 0.879105756607 
-4.93493493493 1.0 0.975338684403 1.09533838251 
-4.19419419419 1.0 0.868714740054 1.14310914274 
4.89489489489 1.0 -0.983391971377 -1.00860162696 
1.95195195195 1.0 0.928235370545 0.92802826934 
-1.09109109109 1.0 -0.887131000257 -1.09497639251 
6.61661661662 1.0 0.327287278425 0.334459143052 
7.97797797798 1.0 0.992322298019 0.86963220313 
9.57957957958 1.0 -0.154184093352 -0.0406341522193 
5.85585585586 1.0 -0.41444188151 -0.43565333447 
-5.83583583584 1.0 0.432577348176 0.430552607373 
0.17017017017 1.0 0.169350063744 0.175185686338 
0.0700700700701 1.0 0.0700127456343 0.0712695098864 
-0.970970970971 1.0 -0.825434213842 -1.00102121375 
3.61361361361 1.0 -0.454687183165 -0.462909269951 
-1.85185185185 1.0 -0.960763202681 -1.32199733753 
-9.83983983984 1.0 0.403246556161 0.158193121151 
2.35235235235 1.0 0.709818357066 0.723074159506 
2.25225225225 1.0 0.776656419186 0.786524215053 
-8.1981981982 1.0 -0.941340119153 -0.920617524968 
5.31531531532 1.0 -0.823679750423 -0.854429373414 
4.43443443443 1.0 -0.961618700226 -0.982998488939 
-7.13713713714 1.0 -0.753882673169 -0.840930016009 
-4.35435435435 1.0 0.936587366299 1.17660561557 
-4.81481481481 1.0 0.994759058541 1.13625589801 
-5.67567567568 1.0 0.570824460166 0.589735749753 
9.03903903904 1.0 0.376243865658 0.36251355594 
-6.67667667668 1.0 -0.38341529066 -0.479197331275 
5.17517517518 1.0 -0.894812095251 -0.924189625893 
-9.65965965966 1.0 0.232727934358 0.0253539491583 
-1.63163163163 1.0 -0.998150103477 -1.33483204063 
-3.37337337337 1.0 0.229710988177 0.484610020526 
9.33933933934 1.0 0.0853347124856 0.144183102778 
-7.51751751752 1.0 -0.943927941216 -0.989061040444 
4.55455455455 1.0 -0.987569983594 -1.00940736114 
-5.07507507508 1.0 0.934947206573 1.03252705187 
4.21421421421 1.0 -0.878456163293 -0.899168636915 
5.35535535536 1.0 -0.800320725902 -0.831257102032 
7.05705705706 1.0 0.698909584547 0.68202182611 
9.11911911912 1.0 0.30092154409 0.306160088022 
6.25625625626 1.0 -0.0269257963344 -0.0283131309248 
-6.2962962963 1.0 -0.0131106134944 -0.0760695425213 
7.21721721722 1.0 0.804023831509 0.769016812707 
-2.91291291291 1.0 -0.226691833081 -0.211318031041 
5.63563563564 1.0 -0.603233924101 -0.631702588034 
5.8958958959 1.0 -0.377679973455 -0.397124282997 
-5.55555555556 1.0 0.665101514979 0.699196674609 
-5.81581581582 1.0 0.450539443112 0.451178881002 
5.33533533534 1.0 -0.812162990678 -0.843019619642 
5.5955955956 1.0 -0.634676409709 -0.66395648903 
-5.93593593594 1.0 0.340312647942 0.324805477197 
-9.6996996997 1.0 0.271471615699 0.0551659590892 
-7.61761761762 1.0 -0.972195835089 -1.00434477405 
-3.39339339339 1.0 0.249148316352 0.510955377507 
3.79379379379 1.0 -0.606937230307 -0.621371385461 
1.83183183183 1.0 0.96612325186 0.962841648413 
-3.73373373373 1.0 0.558138856901 0.881436334574 
5.1951951952 1.0 -0.885695580449 -0.915323761127 
-8.47847847848 1.0 -0.811257411747 -0.794499889866 
5.65565565566 1.0 -0.587146852786 -0.615148950317 
-7.27727727728 1.0 -0.838264195546 -0.912279799652 
-2.45245245245 1.0 -0.635873830576 -0.883128467445 
-6.91691691692 1.0 -0.592155892373 -0.69056528574 
-9.97997997998 1.0 0.527114985665 0.258548479412 
-9.7997997998 1.0 0.366292850383 0.128994907088 
8.17817817818 1.0 0.947906971008 0.819780334174 
4.05405405405 1.0 -0.791012020637 -0.810513696618 
-7.87787787788 1.0 -0.99971449835 -1.00089397037 
9.91991991992 1.0 -0.475156566095 -0.30814901215 
1.25125125125 1.0 0.949378423874 0.94501473435 
-1.87187187187 1.0 -0.955018091318 -1.31708210906 
1.73173173173 1.0 0.987077824457 0.98193189006 
-9.15915915916 1.0 -0.26250641876 -0.350155866606 
-5.47547547548 1.0 0.722706208904 0.766796155758 
-2.13213213213 1.0 -0.846544793956 -1.19244909885 
9.7997997998 1.0 -0.366292850383 -0.21360065958 
-1.89189189189 1.0 -0.948890220341 -1.31151599013 
-1.41141141141 1.0 -0.987325090799 -1.27859830553 
4.99499499499 1.0 -0.960331988856 -0.987052317701 
-1.19119119119 1.0 -0.928811026462 -1.16366591126 
-2.19219219219 1.0 -0.813066617154 -1.14733632821 
4.27427427427 1.0 -0.905553075921 -0.926498851427 
-6.51651651652 1.0 -0.231219739195 -0.316791612389 
-7.65765765766 1.0 -0.980790267476 -1.00779568133 
1.79179179179 1.0 0.975679725882 0.97157041773 
-0.790790790791 1.0 -0.710909644644 -0.840379883555 
-0.710710710711 1.0 -0.65237258226 -0.762820318014 
9.47947947948 1.0 -0.054674242632 0.0371086266168 
5.47547547548 1.0 -0.722706208904 -0.753466444241 
-7.23723723724 1.0 -0.81576576016 -0.893885216419 
-1.43143143143 1.0 -0.99030442098 -1.28629770409 
-7.43743743744 1.0 -0.914492625181 -0.969832052519 
9.21921921922 1.0 0.204114170152 0.233673515568 
1.31131131131 1.0 0.966522242485 0.961267095658 
7.61761761762 1.0 0.972195835089 0.884122191103 
0.19019019019 1.0 0.189045659132 0.195585165923 
7.41741741742 1.0 0.906209755988 0.844789603551 
9.65965965966 1.0 -0.232727934358 -0.103329878489 
3.27327327327 1.0 -0.131300397197 -0.124262972828 
-0.630630630631 1.0 -0.589654207656 -0.682252855226 
6.21621621622 1.0 -0.066919044364 -0.0702096173691 
1.97197197197 1.0 0.920602539794 0.920983861536 
0.550550550551 1.0 0.523156507537 0.532992096715 
0.0900900900901 1.0 0.0899682743046 0.0922883554281 
3.83383383383 1.0 -0.63826408348 -0.653780328509 
2.79279279279 1.0 0.341770182763 0.362292667734 
-1.27127127127 1.0 -0.955476737061 -1.21156655226 
4.07407407407 1.0 -0.803100948886 -0.822816839198 
0.770770770771 1.0 0.69668837635 0.702882423138 
4.75475475475 1.0 -0.999102704803 -1.0225188127 
-8.63863863864 1.0 -0.707630665292 -0.704109015501 
-5.1951951952 1.0 0.885695580449 0.965996418684 
4.71471471471 1.0 -0.999997295481 -1.02300083305 
-0.35035035035 1.0 -0.343226895963 -0.384386243199 
-9.27927927928 1.0 -0.144985860003 -0.260858832355 
-9.91991991992 1.0 0.475156566095 0.215914993969 
-1.51151151151 1.0 -0.998243169988 -1.31207943506 
-6.01601601602 1.0 0.264002216892 0.237600922136 
8.53853853854 1.0 0.774699305584 0.668794393492 
-1.21121121121 1.0 -0.936042896216 -1.17625387296 
-6.43643643644 1.0 -0.152651959622 -0.230972406199 
-6.17617617618 1.0 0.106805021793 0.0589260048504 
2.63263263263 1.0 0.487269347053 0.507159057646 
-0.27027027027 1.0 -0.266991905564 -0.29688942098 
9.8998998999 1.0 -0.45744688336 -0.292411962735 
-0.930930930931 1.0 -0.802176135594 -0.967205428374 
-6.41641641642 1.0 -0.132837305145 -0.209154024661 
-3.43343343343 1.0 0.28771565565 0.562238735651 
5.73573573574 1.0 -0.520511228445 -0.546246187262 
2.37237237237 1.0 0.695575258639 0.709469306586 
8.65865865866 1.0 0.693344009372 0.603943146217 
-1.83183183183 1.0 -0.96612325186 -1.32626712151 
8.43843843844 1.0 0.834011915114 0.717718468235 
4.51451451451 1.0 -0.980486642048 -1.00214101709 
-3.35335335335 1.0 0.210181594637 0.457810925644 
-7.53753753754 1.0 -0.950347982805 -0.992888695352 
-8.85885885886 1.0 -0.536191852752 -0.563301077154 
2.69269269269 1.0 0.433974744115 0.454420108348 
9.45945945946 1.0 -0.034674546587 0.0525473441598 
0.750750750751 1.0 0.682187883844 0.68880606989 
9.17917917918 1.0 0.243137181641 0.262919632605 
-5.11511511512 1.0 0.919995965877 1.01164053804 
7.0970970971 1.0 0.726978798959 0.705929639191 
3.73373373373 1.0 -0.558138856901 -0.570738325638 
0.710710710711 1.0 0.65237258226 0.659796395483 
7.17717717718 1.0 0.779578080518 0.74944283819 
-5.51551551552 1.0 0.694460468753 0.733557221145 
9.13913913914 1.0 0.281770446506 0.291834429843 
6.31631631632 1.0 0.0331249483513 0.0343619712811 
5.81581581582 1.0 -0.450539443112 -0.47339679943 
9.95995995996 1.0 -0.509997599178 -0.339580319248 
-0.0500500500501 1.0 -0.0500291567086 -0.0568374412517 
-8.21821821822 1.0 -0.934395989648 -0.913171889013 
-6.71671671672 1.0 -0.42007812671 -0.517402212501 
-3.21321321321 1.0 0.0715593456609 0.258699478555 
5.95595595596 1.0 -0.32142063693 -0.338022064357 
6.8968968969 1.0 0.575905704393 0.572621563489 
-5.71571571572 1.0 0.537499969971 0.551259136349 
-8.17817817818 1.0 -0.947906971008 -0.927799811073 
-0.570570570571 1.0 -0.540112324789 -0.620182921551 
-6.95695695696 1.0 -0.623937863975 -0.721224601167 
2.45245245245 1.0 0.635873830576 0.65212278971 
-3.75375375375 1.0 0.574637462441 0.898439046297 
-9.11911911912 1.0 -0.30092154409 -0.379546511377 
6.95695695696 1.0 0.623937863975 0.616160903969 
7.07707707708 1.0 0.713087090062 0.69415297391 
4.37437437437 1.0 -0.943414910292 -0.964635912881 
1.91191191191 1.0 0.942382045726 0.941058864163 
3.97397397397 1.0 -0.739536372707 -0.757953726195 
7.45745745746 1.0 0.922408976872 0.855533458591 
9.97997997998 1.0 -0.527114985665 -0.3552703051 
0.530530530531 1.0 0.505991015532 0.51600837252 
2.01201201201 1.0 0.904233186475 0.905845764752 
6.85685685686 1.0 0.542719485852 0.541998177449 
-7.2972972973 1.0 -0.849011685183 -0.920876095344 
-4.95495495495 1.0 0.970724838874 1.08735260497 
-0.29029029029 1.0 -0.286230381945 -0.318797023471 
2.43243243243 1.0 0.651196684992 0.666890534127 
-1.97197197197 1.0 -0.920602539794 -1.28264450847 
4.65465465465 1.0 -0.998333836705 -1.02081098954 
6.81681681682 1.0 0.508663293061 0.510149675893 
6.0960960961 1.0 -0.185999691898 -0.195421877681 
3.21321321321 1.0 -0.0715593456609 -0.0618965589237 
5.93593593594 1.0 -0.340312647942 -0.357884345551 
8.61861861862 1.0 0.721633711464 0.626262584681 
6.11611611612 1.0 -0.166293065952 -0.174669944706 
9.55955955956 1.0 -0.13437389375 -0.0250212134933 
0.910910910911 1.0 0.790062479764 0.793032975398 
-9.73973973974 1.0 0.309780130585 0.0848280774696 
1.33133133133 1.0 0.971465007816 0.965954224648 
4.13413413413 1.0 -0.837417761709 -0.857658033918 
8.31831831832 1.0 0.894118814814 0.769617254946 
-6.05605605606 1.0 0.225181436261 0.193340231358 
4.25425425425 1.0 -0.896879023055 -0.917755623202 
-0.03003003003 1.0 -0.0300255167065 -0.0352808174966 
7.53753753754 1.0 0.950347982805 0.872675867903 
6.6966966967 1.0 0.401827232414 0.407781587277 
-1.65165165165 1.0 -0.996732988666 -1.33666719969 
1.13113113113 1.0 0.904894218889 0.90278649999 
8.8988988989 1.0 0.501973484202 0.457000438203 
-0.910910910911 1.0 -0.790062479764 -0.949868146463 
1.19119119119 1.0 0.928811026462 0.925505706273 
5.4954954955 1.0 -0.708725363073 -0.739335098218 
8.41841841842 1.0 0.844890020967 0.726902251007 
2.49249249249 1.0 0.604469813648 0.621750459937 
9.73973973974 1.0 -0.309780130585 -0.166294786763 
-9.75975975976 1.0 0.328751980598 0.0995963880441 
-8.91891891892 1.0 -0.484559073218 -0.522263951079 
-7.997997998 1.0 -0.989647555109 -0.979845982368 
0.47047047047 1.0 0.453305691794 0.463665199986 
-0.590590590591 1.0 -0.556851671602 -0.641012544987 
-8.57857857858 1.0 -0.748766641479 -0.739349271472 
-7.77777777778 1.0 -0.997097890944 -1.00932413487 
-0.750750750751 1.0 -0.682187883844 -0.802010575397 
-1.25125125125 1.0 -0.949378423874 -1.20021255016 
-2.39239239239 1.0 -0.681053382124 -0.953551857445 
-7.03703703704 1.0 -0.684451964588 -0.778199408476 
8.83883883884 1.0 0.552982096013 0.495663485496 
9.31931931932 1.0 0.105263273301 0.159263722229 
-7.5975975976 1.0 -0.967313252172 -1.00205406113 
-9.61961961962 1.0 0.193611192318 -0.00458627741557 
4.01401401401 1.0 -0.765888052358 -0.784895123151 
6.03603603604 1.0 -0.244640851113 -0.257194247408 
-9.2992992993 1.0 -0.125149645879 -0.245851666833 
9.05905905906 1.0 0.357620745349 0.348573693546 
-1.07107107107 1.0 -0.877714248189 -1.08014782373 
-2.99299299299 1.0 -0.148053371305 -0.0832386538099 
2.83283283283 1.0 0.303877337824 0.324122378217 
8.01801801802 1.0 0.986576173517 0.861862280167 
6.53653653654 1.0 0.250649611665 0.257723037121 
2.65265265265 1.0 0.469690351946 0.489805947105 
3.31331331331 1.0 -0.170877953796 -0.165657292559 
-9.37937937938 1.0 -0.0453829883483 -0.185601941619 
-8.83883883884 1.0 -0.552982096013 -0.576758286527 
5.43543543544 1.0 -0.749793457774 -0.780746137392 
5.77577577578 1.0 -0.485914794209 -0.510283548013 
-5.05505505506 1.0 0.941862214566 1.0424829376 
-2.85285285285 1.0 -0.284744420138 -0.307025609918 
5.6956956957 1.0 -0.554273288059 -0.58122118476 
-5.87587587588 1.0 0.396140311588 0.38875159804 
7.93793793794 1.0 0.996477739177 0.876243528903 
2.75275275275 1.0 0.379115173303 0.399737803904 
-4.69469469469 1.0 0.999843460211 1.16499280754 
-6.7967967968 1.0 -0.491325964149 -0.590425863655 
8.4984984985 1.0 0.799390133963 0.688950723013 
6.43643643644 1.0 0.152651959622 0.157957904877 
7.73773773774 1.0 0.993251282848 0.890938792325 
-5.45545545546 1.0 0.736397402892 0.782985691896 
0.730730730731 1.0 0.667413978747 0.674442617906 
6.51651651652 1.0 0.231219739195 0.238077564227 
-4.67467467467 1.0 0.999288899866 1.16857571805 
4.23423423423 1.0 -0.887845512006 -0.908644834993 
6.07607607608 1.0 -0.205631771434 -0.216100646181 
0.610610610611 1.0 0.573367839051 0.582480802675 
5.61561561562 1.0 -0.61907922661 -0.64797387698 
-2.27227227227 1.0 -0.763890524376 -1.0776928237 
3.19319319319 1.0 -0.0515776439174 -0.0410752882122 
-7.47747747748 1.0 -0.929955638285 -0.980233904873 
-5.31531531532 1.0 0.823679750423 0.887998038936 
9.81981981982 1.0 -0.384846824231 -0.229372245406 
-2.53253253253 1.0 -0.572096837274 -0.781325285424 
-3.85385385385 1.0 0.653546911213 0.975449714225 
-4.41441441441 1.0 0.955933085822 1.18244114816 
-2.47247247247 1.0 -0.620296125676 -0.858495013125 
-8.13813813814 1.0 -0.959898466376 -0.941356168394 
-2.01201201201 1.0 -0.904233186475 -1.26418580593 
3.23323323323 1.0 -0.0915123672906 -0.0827083960111 
1.75175175175 1.0 0.983672194447 0.97884377331 
-2.05205205205 1.0 -0.886414355831 -1.24301013629 
4.17417417417 1.0 -0.858625146533 -0.879129354839 
0.31031031031 1.0 0.305354140677 0.314797842143 
1.29129129129 1.0 0.961192106815 0.956213958747 
-0.950950950951 1.0 -0.813968289004 -0.98425933884 
-5.35535535536 1.0 0.800320725902 0.85950628249 
-9.21921921922 1.0 -0.204114170152 -0.305689629379 
-8.07807807808 1.0 -0.974995298193 -0.95960251349 
-6.11611611612 1.0 0.166293065952 0.126357970102 
2.93293293293 1.0 0.207148878373 0.225931179893 
7.71771771772 1.0 0.990730428893 0.890645274012 
2.85285285285 1.0 0.284744420138 0.304784219717 
7.63763763764 1.0 0.976688773762 0.886110235708 
-0.43043043043 1.0 -0.417262010319 -0.47124213871 
3.95395395395 1.0 -0.725913266541 -0.743997826392 
7.8978978979 1.0 0.999035835857 0.88166763751 
7.85785785786 1.0 0.999992487454 0.885876389636 
4.83483483483 1.0 -0.99251286792 -1.01689378345 
5.53553553554 1.0 -0.679917243139 -0.710112679121 
-9.01901901902 1.0 -0.39471619201 -0.45190608516 
4.03403403403 1.0 -0.778606064409 -0.797871830546 
-4.79479479479 1.0 0.996606561851 1.14189904461 
-6.35635635636 1.0 -0.0731057736575 -0.14300817377 
-3.11311311311 1.0 -0.0284756907485 0.106393520318 
5.0950950951 1.0 -0.927657483133 -0.955914903466 
6.05605605606 1.0 -0.225181436261 -0.236695109306 
-3.81381381381 1.0 0.622725447279 0.946235621259 
3.57357357357 1.0 -0.41867057176 -0.425251466928 
7.51751751752 1.0 0.943927941216 0.86892929178 
-8.73873873874 1.0 -0.633477463068 -0.642185181584 
-7.97797797798 1.0 -0.992322298019 -0.984148172062 
-0.23023023023 1.0 -0.228201684929 -0.253052076739 
-7.33733733734 1.0 -0.869481672757 -0.936865263524 
-2.35235235235 1.0 -0.709818357066 -0.997476243569 
6.55655655656 1.0 0.269979026825 0.277193909356 
-0.730730730731 1.0 -0.667413978747 -0.782513741087 
-1.33133133133 1.0 -0.971465007816 -1.24302746914 
-2.41241241241 1.0 -0.666258547712 -0.930670304052 
9.2992992993 1.0 0.125149645879 0.174281959642 
6.93693693694 1.0 0.608168751487 0.601974138985 
3.47347347347 1.0 -0.325821789448 -0.328008068246 
1.57157157157 1.0 0.999999699498 0.993358772745 
5.97597597598 1.0 -0.302399804444 -0.318011584616 
6.65665665666 1.0 0.36484968073 0.371583827874 
8.03803803804 1.0 0.983109384216 0.857551894275 
8.33833833834 1.0 0.884974675839 0.76151359252 
6.75675675676 1.0 0.456067581459 0.460191517471 
-2.23223223223 1.0 -0.789111039566 -1.1138590653 
-4.23423423423 1.0 0.887845512006 1.15401231361 
-0.11011011011 1.0 -0.109887744787 -0.121882770201 
5.51551551552 1.0 -0.694460468753 -0.724882215678 
2.99299299299 1.0 0.148053371305 0.165452029969 
-3.23323323323 1.0 0.0915123672906 0.288265969445 
10.0 1.0 -0.544021110889 -0.370940377894 
-9.07907907908 1.0 -0.338854295004 -0.408697822309 
2.13213213213 1.0 0.846544793956 0.852180650716 
3.93393393393 1.0 -0.711999223182 -0.72972467213 
-3.27327327327 1.0 0.131300397197 0.346345630871 
-5.95595595596 1.0 0.32142063693 0.303193705511 
1.47147147147 1.0 0.995071340501 0.988436554283 
-7.4974974975 1.0 -0.93712958481 -0.984843433883 
-3.17317317317 1.0 0.0315752704827 0.198609152201 
-5.27527527528 1.0 0.845718424022 0.915253158983 
9.93993993994 1.0 -0.492675811867 -0.323872514261 
5.25525525526 1.0 -0.856231505045 -0.886512887643 
0.35035035035 1.0 0.343226895963 0.35318422766 
6.2962962963 1.0 0.0131106134944 0.0135083799707 
-3.95395395395 1.0 0.725913266541 1.03941567446 
-8.71871871872 1.0 -0.648840196822 -0.654867971562 
1.09109109109 1.0 0.887131000257 0.885884349391 
4.97497497497 1.0 -0.965721938658 -0.992132483211 
7.23723723724 1.0 0.81576576016 0.778253313151 
-3.63363363363 1.0 0.472425730458 0.788332174779 
-8.4984984985 1.0 -0.799390133963 -0.783849399128 
-8.41841841842 1.0 -0.844890020967 -0.825239019117 
-6.03603603604 1.0 0.244640851113 0.215517017929 
7.997997998 1.0 0.989647555109 0.865890261669 
-7.31731731732 1.0 -0.859418901282 -0.929071264949 
-2.31231231231 1.0 -0.737445499834 -1.03887992385 
3.35335335335 1.0 -0.210181594637 -0.206809693674 
-5.15515515516 1.0 0.903569980268 0.989460835509 
8.13813813814 1.0 0.959898466376 0.831892238812 
-1.53153153153 1.0 -0.999229236959 -1.31723093776 
-0.990990990991 1.0 -0.836569314705 -1.01748240195 
1.05105105105 1.0 0.867945718946 0.867599408014 
-9.25925925926 1.0 -0.164763965562 -0.275836674584 
9.23923923924 1.0 0.184476035731 0.218933639949 
5.57557557558 1.0 -0.650019222236 -0.679644343278 
2.89289289289 1.0 0.246143932464 0.265641353107 
-4.43443443443 1.0 0.961618700226 1.18360562756 
-4.59459459459 1.0 0.993070259711 1.17938966393 
-9.71971971972 1.0 0.290684124469 0.0700170760502 
1.39139139139 1.0 0.983950052752 0.977808957816 
0.890890890891 1.0 0.777632176518 0.781080071239 
-8.97897897898 1.0 -0.431178912314 -0.480318327653 
-6.87687687688 1.0 -0.559424700424 -0.658513169663 
-9.95995995996 1.0 0.509997599178 0.244404051298 
9.75975975976 1.0 -0.328751980598 -0.182059581405 
2.33233233233 1.0 0.723776968945 0.736378698731 
2.31231231231 1.0 0.737445499834 0.749379356013 
8.27827827828 1.0 0.911328515751 0.785139906083 
-2.73273273273 1.0 -0.397563478837 -0.494336604524 
9.5995995996 1.0 -0.173932497848 -0.0562740528089 
8.21821821822 1.0 0.934395989648 0.806656871891 
-7.83783783784 1.0 -0.999869691753 -1.00529163371 
-7.05705705706 1.0 -0.698909584547 -0.791512083526 
2.95295295295 1.0 0.187522900919 0.205884545743 
-5.85585585586 1.0 0.41444188151 0.409740785984 
-3.55355355355 1.0 0.400406942668 0.704164758521 
5.2952952953 1.0 -0.834866389361 -0.865483357762 
-3.29329329329 1.0 0.151119458915 0.374823080307 
-4.45445445445 1.0 0.966918909573 1.18438621278 
-0.530530530531 1.0 -0.505991015532 -0.578146662218 
-7.95795795796 1.0 -0.994599330244 -0.988138281818 
4.31431431431 1.0 -0.921809046742 -0.942874729015 
0.850850850851 1.0 0.75184168035 0.756233297802 
4.77477477477 1.0 -0.998054637396 -1.02169507059 
-8.33833833834 1.0 -0.884974675839 -0.863223804819 
3.91391391391 1.0 -0.69779981921 -0.715139192988 
-2.11211211211 1.0 -0.857031446499 -1.20611777584 
3.55355355355 1.0 -0.400406942668 -0.406138954847 
-3.09309309309 1.0 -0.0484805492288 0.0751892845281 
3.75375375375 1.0 -0.574637462441 -0.587876273072 
9.67967967968 1.0 -0.252150304413 -0.119052093512 
1.63163163163 1.0 0.998150103477 0.991850247497 
1.61161161161 1.0 0.999167171889 0.992724365703 
1.93193193193 1.0 0.935496175869 0.934720508738 
-5.37537537538 1.0 0.788157702332 0.844801921256 
8.77877877878 1.0 0.601996584369 0.533101403548 
8.45845845846 1.0 0.822799547447 0.708329554358 
-4.17417417417 1.0 0.858625146533 1.13700298982 
9.6996996997 1.0 -0.271471615699 -0.134788619198 
7.47747747748 1.0 0.929955638285 0.860359854602 
8.37837837838 1.0 0.865626143701 0.74463995258 
4.09409409409 1.0 -0.81486800406 -0.834777573369 
8.67867867868 1.0 0.678779469621 0.592532173912 
-9.23923923924 1.0 -0.184476035731 -0.290781513471 
5.13513513514 1.0 -0.911965725448 -0.940803202775 
7.95795795796 1.0 0.994599330244 0.873084489418 
-0.650650650651 1.0 -0.605704250039 -0.702646640709 
-1.99199199199 1.0 -0.912600742763 -1.27375341309 
4.61461461461 1.0 -0.995223893414 -1.01741108479 
2.23223223223 1.0 0.789111039566 0.79827611249 
5.21521521522 1.0 -0.87622408965 -0.906087642983 
-1.61161161161 1.0 -0.999167171889 -1.33242507702 
6.17617617618 1.0 -0.106805021793 -0.112088120364 
-7.6976976977 1.0 -0.987812502254 -1.00975882936 
6.4964964965 1.0 0.211697196671 0.218267768341 
-6.57657657658 1.0 -0.289200237681 -0.379320016836 
-7.73773773774 1.0 -0.993251282848 -1.01025936632 
-6.47647647648 1.0 -0.19208980849 -0.274195289405 
-3.79379379379 1.0 0.606937230307 0.930836384104 
3.41341341341 1.0 -0.268485788917 -0.267907298937 
0.15015015015 1.0 0.149586594914 0.154650250178 
2.91291291291 1.0 0.226691833081 0.245852984237 
3.39339339339 1.0 -0.249148316352 -0.247638977167 
-6.65665665666 1.0 -0.36484968073 -0.459701981296 
-1.45145145145 1.0 -0.992886849216 -1.2935035506 
3.71371371371 1.0 -0.541416556108 -0.553349583513 
6.5965965966 1.0 0.308305540605 0.315571729512 
-4.11411411411 1.0 0.826308470068 1.11600387486 
-8.51851851852 1.0 -0.787202470352 -0.773004510174 
-6.25625625626 1.0 0.0269257963344 -0.0311589597497 
2.51251251251 1.0 0.588401237484 0.606154876099 
8.25825825826 1.0 0.919387180273 0.792551524994 
-3.15315315315 1.0 0.0115602420643 0.168126273176 
2.73273273273 1.0 0.397563478837 0.418170236251 
-8.65865865866 1.0 -0.693344009372 -0.692031236155 
8.87887887888 1.0 0.519186710331 0.470018789623 
2.57257257257 1.0 0.53880679503 0.557787873697 
4.11411411411 1.0 -0.826308470068 -0.846392406648 
-7.17717717718 1.0 -0.779578080518 -0.863300170988 
-5.53553553554 1.0 0.679917243139 0.716515170266 
-1.59159159159 1.0 -0.999783786273 -1.32945383518 
-1.75175175175 1.0 -0.983672194447 -1.33700979867 
3.51351351351 1.0 -0.363405633971 -0.367391292938 
-4.13413413413 1.0 0.837417761709 1.12345562405 
8.75875875876 1.0 0.617860839267 0.545293059494 
-9.93993993994 1.0 0.492675811867 0.230192233572 
-6.97697697698 1.0 -0.639456909771 -0.736018449332 
7.65765765766 1.0 0.980790267476 0.887753847316 
-0.31031031031 1.0 -0.305354140677 -0.340687372326 
5.45545545546 1.0 -0.736397402892 -0.76727160027 
-4.97497497497 1.0 0.965721938658 1.07903624988 
-4.65465465465 1.0 0.998333836705 1.17180901845 
-5.91591591592 1.0 0.359068265792 0.346275129038 
9.15915915916 1.0 0.26250641876 0.277419940811 
-7.25725725726 1.0 -0.827180739833 -0.903282662813 
-3.91391391391 1.0 0.69779981921 1.01536343157 
-1.39139139139 1.0 -0.983950052752 -1.27041344447 
-9.81981981982 1.0 0.384846824231 0.143620237429 
-4.51451451451 1.0 0.980486642048 1.1844604124 
-3.45345345345 1.0 0.306830209454 0.587155996834 
6.7967967968 1.0 0.491325964149 0.493781592566 
0.11011011011 1.0 0.109887744787 0.113195517141 
1.87187187187 1.0 0.955018091318 0.952667419934 
9.4994994995 1.0 -0.0746520259067 0.0216297379163 
-2.07207207207 1.0 -0.876970223046 -1.23139784433 
5.7957957958 1.0 -0.468320967329 -0.491951564569 
-0.890890890891 1.0 -0.777632176518 -0.932256167965 
0.790790790791 1.0 0.710909644644 0.716667433901 
-2.17217217217 1.0 -0.824557973258 -1.16305688974 
-9.77977977978 1.0 0.347592070824 0.114319486741 
-0.550550550551 1.0 -0.523156507537 -0.599224848072 
-6.4964964965 1.0 -0.211697196671 -0.295577311228 
-0.41041041041 1.0 -0.398985690337 -0.449615318896 
-1.35135135135 1.0 -0.97601842181 -1.25261985735 
6.37637637638 1.0 0.0930562402792 0.0965553732301 
4.81481481481 1.0 -0.994759058541 -1.01888241344 
8.1981981982 1.0 0.941340119153 0.81334319263 
9.1991991992 1.0 0.223670498102 0.248336498961 
-6.15615615616 1.0 0.126687794244 0.0814348243365 
-2.83283283283 1.0 -0.303877337824 -0.33871467596 
0.650650650651 1.0 0.605704250039 0.614205601163 
9.3993993994 1.0 0.0253758371902 0.0985953097042 
-3.61361361361 1.0 0.454687183165 0.768092865332 
-6.55655655656 1.0 -0.269979026825 -0.358673615769 
5.67567567568 1.0 -0.570824460166 -0.598319540534 
5.3953953954 1.0 -0.775678794758 -0.806686733051 
-9.0990990991 1.0 -0.319952035985 -0.394154065916 
-7.91791791792 1.0 -0.997956771974 -0.995165374786 
5.23523523524 1.0 -0.866401418913 -0.896483294796 
-8.37837837838 1.0 -0.865626143701 -0.844675449786 
4.73473473473 1.0 -0.99975034402 -1.02295406776 
-3.13313313313 1.0 -0.00845941955823 0.137380243248 
-3.87387387387 1.0 0.668567805308 0.989271408902 
2.05205205205 1.0 0.886414355831 0.88932140062 
9.37937937938 1.0 0.0453829883483 0.113846080147 
6.3963963964 1.0 0.112969411094 0.117125846771 
9.63963963964 1.0 -0.213212289782 -0.0876244579416 
8.97897897898 1.0 0.431178912314 0.403695723536 
-4.39439439439 1.0 0.949864345085 1.1808889736 
3.01301301301 1.0 0.128225638051 0.145084159957 
3.69369369369 1.0 -0.524477262156 -0.535717417261 
2.21221221221 1.0 0.801249393857 0.809708085903 
-0.17017017017 1.0 -0.169350063744 -0.187349842694 
-3.33333333333 1.0 0.190567962875 0.430570806055 
3.65365365365 1.0 -0.489974935275 -0.499753353359 
-4.71471471471 1.0 0.999997295481 1.16106225806 
1.71171171171 1.0 0.990087845702 0.984652971313 
6.57657657658 1.0 0.289200237681 0.29648009872 
3.67367367367 1.0 -0.507327764109 -0.517849410033 
-3.41341341341 1.0 0.268485788917 0.53683522692 
-7.75775775776 1.0 -0.995374053792 -1.0099694827 
-2.59259259259 1.0 -0.521834495241 -0.699611680002 
9.61961961962 1.0 -0.193611192318 -0.0719383392004 
9.07907907908 1.0 0.338854295004 0.334532775988 
-6.13613613614 1.0 0.146519791772 0.103915883925 
-1.13113113113 1.0 -0.904894218889 -1.12356834173 
2.55255255255 1.0 0.555563147622 0.574168587951 
8.81881881882 1.0 0.569550710787 0.508283299463 
-4.63463463463 1.0 0.996978653508 1.17469061382 
9.01901901902 1.0 0.39471619201 0.376349263056 
-4.57457457457 1.0 0.990518615549 1.18120227109 
-0.770770770771 1.0 -0.69668837635 -0.82130217649 
9.41941941942 1.0 0.00535851570584 0.0832934222818 
-6.45645645646 1.0 -0.172405433055 -0.252656594195 
-2.15215215215 1.0 -0.835718856574 -1.17809509004 
3.53353353353 1.0 -0.381982835353 -0.386849203509 
-3.01301301301 1.0 -0.128225638051 -0.0513165086635 
-8.23823823824 1.0 -0.927077365617 -0.905467462607 
9.77977977978 1.0 -0.347592070824 -0.19782899286 
0.990990990991 1.0 0.836569314705 0.837625769811 
3.49349349349 1.0 -0.34468278404 -0.34777445586 
-9.31931931932 1.0 -0.105263273301 -0.230818817664 
-5.75575575576 1.0 0.503313872361 0.511866540508 
-9.53953953954 1.0 0.114509838728 -0.0647604720481 
-4.87487487487 1.0 0.986828185163 1.11730276094 
1.81181181181 1.0 0.971096090611 0.967387365555 
1.35135135135 1.0 0.97601842181 0.970274226298 
-6.07607607608 1.0 0.205631771434 0.171081014378 
-5.13513513514 1.0 0.911965725448 1.00071182777 
-1.31131131131 1.0 -0.966522242485 -1.2329822913 
2.15215215215 1.0 0.835718856574 0.842056173519 
-7.57757757758 1.0 -0.96204298189 -0.999382841197 
1.15115115115 1.0 0.91323356617 0.910712979789 
3.09309309309 1.0 0.0484805492288 0.0628187462006 
7.4974974975 1.0 0.93712958481 0.86482456735 
6.27627627628 1.0 -0.00690897593668 -0.00738719010705 
-5.8958958959 1.0 0.377679973455 0.367593482036 
-8.75875875876 1.0 -0.617860839267 -0.629362304207 
-1.79179179179 1.0 -0.975679725882 -1.33289347732 
-9.8998998999 1.0 0.45744688336 0.201574355934 
4.79479479479 1.0 -0.996606561851 -1.02048289949 
-5.6956956957 1.0 0.554273288059 0.570615130191 
2.53253253253 1.0 0.572096837274 0.590292615583 
5.37537537538 1.0 -0.788157702332 -0.819145012028 
-0.690690690691 1.0 -0.637069722791 -0.742938930733 
1.11111111111 1.0 0.89619220103 0.89450951336 
-3.47347347347 1.0 0.325821789448 0.611578016431 
4.15415415415 1.0 -0.848191426515 -0.868571332132 
-4.05405405405 1.0 0.791012020637 1.0908725149 
8.93893893894 1.0 0.466950456861 0.430587924774 
6.33633633634 1.0 0.0531260071326 0.0551620086173 
-6.27627627628 1.0 0.00690897593668 -0.0536349389946 
-1.95195195195 1.0 -0.928235370545 -1.29086239374 
7.77777777778 1.0 0.997097890944 0.890538364789 
-5.77577577578 1.0 0.485914794209 0.491843369622 
8.05805805806 1.0 0.979248576653 0.852962757329 
1.21121121121 1.0 0.936042896216 0.932367900598 
2.67267267267 1.0 0.451923110669 0.472224238926 
-3.71371371371 1.0 0.541416556108 0.863895253984 
-1.81181181181 1.0 -0.971096090611 -1.32989717878 
0.39039039039 1.0 0.380549461752 0.390820023858 
5.55555555556 1.0 -0.665101514979 -0.69503160417 
-2.09209209209 1.0 -0.867174611281 -1.21910064094 
9.27927927928 1.0 0.144985860003 0.189234950491 
1.49149149149 1.0 0.996857019318 0.990165046118 
5.15515515516 1.0 -0.903569980268 -0.932683355361 
-3.51351351351 1.0 0.363405633971 0.658904818119 
7.83783783784 1.0 0.999869691753 0.88751637272 
3.25325325325 1.0 -0.111428711879 -0.10350060553 
-2.63263263263 1.0 -0.487269347053 -0.642867009733 
-4.55455455455 1.0 0.987569983594 1.18265347117 
3.07307307307 1.0 0.0684659772958 0.0834852101781 
7.6976976977 1.0 0.987812502254 0.890018555465 
4.59459459459 1.0 -0.993070259711 -1.01512996192 
-10.0 1.0 0.544021110889 0.272623605852 
-9.87987987988 1.0 0.439553861488 0.187172398624 
-3.65365365365 1.0 0.489974935275 0.808032893965 
-1.73173173173 1.0 -0.987077824457 -1.33814282902 
-0.0700700700701 1.0 -0.0700127456343 -0.0784610747292 
-5.97597597598 1.0 0.302399804444 0.281449226838 
3.87387387387 1.0 -0.668567805308 -0.685052075858 
0.670670670671 1.0 0.62151153354 0.629673359352 
7.1971971972 1.0 0.791959659904 0.759412965653 
-8.2982982983 1.0 -0.902904601864 -0.880847206224 
7.87787787788 1.0 0.99971449835 0.883925670024 
0.930930930931 1.0 0.802176135594 0.80466741817 
-5.0950950951 1.0 0.927657483133 1.0222459389 
-6.83683683684 1.0 -0.525796755923 -0.62511584869 
2.47247247247 1.0 0.620296125676 0.637074624451 
-1.93193193193 1.0 -0.935496175869 -1.29841079381 
-7.0970970971 1.0 -0.726978798959 -0.816993786645 
7.31731731732 1.0 0.859418901282 0.811512839252 
-5.43543543544 1.0 0.749793457774 0.798884074086 
-0.830830830831 1.0 -0.738491823944 -0.877858911459 
-2.97297297297 1.0 -0.167821766571 -0.115226808117 
0.29029029029 1.0 0.286230381945 0.295337093371 
-6.1961961962 1.0 0.0868794431893 0.0364007516858 
3.85385385385 1.0 -0.653546911213 -0.669561400534 
7.55755755756 1.0 0.956387136503 0.876066274038 
7.43743743744 1.0 0.914492625181 0.850343836299 
7.3973973974 1.0 0.897563688968 0.838869542004 
-6.77677677678 1.0 -0.473791717778 -0.572613872323 
-3.49349349349 1.0 0.34468278404 0.635496696892 
-9.05905905906 1.0 -0.357620745349 -0.423173774681 
0.23023023023 1.0 0.228201684929 0.235952550968 
8.3983983984 1.0 0.855429505195 0.735877288238 
2.81281281281 1.0 0.322888465175 0.343294430754 
6.47647647648 1.0 0.19208980849 0.198304111013 
