-9.85985985986 1.0 0.421484671785 0.411464577079 
6.35635635636 1.0 0.0731057736575 0.0727130008085 
-2.81281281281 1.0 -0.322888465175 -0.343235988143 
-2.95295295295 1.0 -0.187522900919 -0.166826408658 
1.89189189189 1.0 0.948890220341 0.94836754107 
4.67467467467 1.0 -0.999288899866 -0.99863892008 
-6.3963963964 1.0 -0.112969411094 -0.0946952530908 
-5.4954954955 1.0 0.708725363073 0.714561162458 
-8.7987987988 1.0 -0.585891056576 -0.587045014007 
-9.55955955956 1.0 0.13437389375 0.11020338385 
-8.53853853854 1.0 -0.774699305584 -0.767296753747 
-6.53653653654 1.0 -0.250649611665 -0.238388476407 
7.33733733734 1.0 0.869481672757 0.891056938042 
6.83683683684 1.0 0.525796755923 0.555987058734 
1.45145145145 1.0 0.992886849216 0.993361341583 
-7.71771771772 1.0 -0.990730428893 -0.991882675078 
1.65165165165 1.0 0.996732988666 0.996434277373 
-0.0900900900901 1.0 -0.0899682743046 -0.0855011520471 
1.23123123123 1.0 0.942899611382 0.943804303312 
3.59359359359 1.0 -0.436766402789 -0.43904187752 
0.870870870871 1.0 0.764890207772 0.764044270423 
-7.63763763764 1.0 -0.976688773762 -0.980258497616 
0.37037037037 1.0 0.361960713579 0.35874324997 
9.35935935936 1.0 0.0653719505576 0.197249343248 
3.13313313313 1.0 0.00845941955822 0.0112949261774 
7.81781781782 1.0 0.999346160464 0.991169552361 
-1.17117117117 1.0 -0.921206900567 -0.9419977599 
-2.37237237237 1.0 -0.695575258639 -0.811696544854 
-6.33633633634 1.0 -0.0531260071326 -0.0327194188856 
8.07807807808 1.0 0.974995298193 0.959185166226 
-7.81781781782 1.0 -0.999346160464 -0.997424100545 
-4.29429429429 1.0 0.913864194148 0.985606500371 
-4.77477477477 1.0 0.998054637396 1.00587681441 
-5.7957957958 1.0 0.468320967329 0.487728312132 
-8.6986986987 1.0 -0.66394288333 -0.661279274293 
8.23823823824 1.0 0.927077365617 0.913258463433 
-0.13013013013 1.0 -0.1297631736 -0.124262261482 
0.13013013013 1.0 0.1297631736 0.129268628799 
-8.61861861862 1.0 -0.721633711464 -0.716359004025 
-7.07707707708 1.0 -0.713087090062 -0.72196244725 
8.91891891892 1.0 0.484559073218 0.542441957657 
2.29229229229 1.0 0.750818471552 0.753262841945 
-8.87887887888 1.0 -0.519186710331 -0.523713783567 
8.95895895896 1.0 0.449154692451 0.513659545131 
-0.19019019019 1.0 -0.189045659132 -0.181992145519 
-4.33433433433 1.0 0.929384449502 0.994533349791 
-0.39039039039 1.0 -0.380549461752 -0.369070066303 
-4.53453453453 1.0 0.984225545624 1.01879519378 
4.47447447447 1.0 -0.971831589603 -0.968224731618 
-8.15815815816 1.0 -0.9540939133 -0.944454730584 
4.19419419419 1.0 -0.868714740054 -0.866181780005 
4.91491491491 1.0 -0.979561626072 -0.987215412202 
-5.5955955956 1.0 0.634676409709 0.645359677874 
-9.03903903904 1.0 -0.376243865658 -0.387848249069 
-1.05105105105 1.0 -0.867945718946 -0.876438366706 
-0.870870870871 1.0 -0.764890207772 -0.760243417515 
5.11511511512 1.0 -0.919995965877 -0.937319805785 
-8.55855855856 1.0 -0.761885650774 -0.754966025731 
2.27227227227 1.0 0.763890524376 0.766115781669 
3.15315315315 1.0 -0.0115602420643 -0.00900082048057 
3.99399399399 1.0 -0.752863081707 -0.752829523031 
-8.3983983984 1.0 -0.855429505195 -0.845639920597 
-4.89489489489 1.0 0.983391971377 0.983191529213 
7.11711711712 1.0 0.740579143612 0.771289175726 
0.830830830831 1.0 0.738491823944 0.737306982705 
-1.55155155155 1.0 -0.999814825028 -1.07273672686 
0.03003003003 1.0 0.0300255167065 0.0315708919919 
8.73873873874 1.0 0.633477463068 0.663819357835 
-8.8988988989 1.0 -0.501973484202 -0.507373052631 
-9.51951951952 1.0 0.094599889559 0.0701330335404 
-9.41941941942 1.0 -0.00535851570584 -0.0293236735645 
-6.23623623624 1.0 0.046931825201 0.0700562635072 
3.77377377377 1.0 -0.590905760288 -0.592986083985 
-6.8968968969 1.0 -0.575905704393 -0.579809349564 
-4.83483483483 1.0 0.99251286792 0.995856741868 
0.21021021021 1.0 0.208665487323 0.206899204861 
-1.77177177177 1.0 -0.979872320608 -1.08368602758 
-8.67867867868 1.0 -0.678779469621 -0.675421915035 
0.970970970971 1.0 0.825434213842 0.825357626075 
-1.71171171171 1.0 -0.990087845702 -1.08604085407 
-0.49049049049 1.0 -0.471058607419 -0.458378286112 
6.01601601602 1.0 -0.264002216892 -0.289833211634 
-8.77877877878 1.0 -0.601996584369 -0.602345843268 
7.7977977978 1.0 0.998422103411 0.991265925149 
-0.670670670671 1.0 -0.62151153354 -0.60968580047 
0.950950950951 1.0 0.813968289004 0.813750212452 
-8.11811811812 1.0 -0.965318303844 -0.956202066173 
-9.57957957958 1.0 0.154184093352 0.130280396683 
7.25725725726 1.0 0.827180739833 0.852857258243 
-4.75475475475 1.0 0.999102704803 1.00862406828 
-2.77277277277 1.0 -0.360514923027 -0.392241157905 
3.17317317317 1.0 -0.0315752704827 -0.0292963130889 
-2.49249249249 1.0 -0.604469813648 -0.702562048212 
-3.31331331331 1.0 0.170877953796 0.282522844532 
-3.77377377377 1.0 0.590905760288 0.73136372712 
-5.73573573574 1.0 0.520511228445 0.537581416991 
-3.89389389389 1.0 0.683320745574 0.814056583833 
-5.33533533534 1.0 0.812162990678 0.811092081233 
-9.45945945946 1.0 0.034674546587 0.0103107512105 
-5.41541541542 1.0 0.762889004574 0.765043839932 
-7.67767767768 1.0 -0.984498672401 -0.986874317627 
-3.93393393393 1.0 0.711999223182 0.83831324174 
-9.17917917918 1.0 -0.243137181641 -0.2605572235 
9.71971971972 1.0 -0.290684124469 -0.117248526193 
-7.8978978979 1.0 -0.999035835857 -0.994775497518 
1.51151151151 1.0 0.998243169988 0.998483979265 
-8.27827827828 1.0 -0.911328515751 -0.900948492385 
6.87687687688 1.0 0.559424700424 0.590619899491 
4.45445445445 1.0 -0.966918909573 -0.963212598997 
-0.01001001001 1.0 -0.0100098428432 -0.0075346141923 
-1.11111111111 1.0 -0.89619220103 -0.910496778237 
-3.99399399399 1.0 0.752863081707 0.8716381542 
-4.09409409409 1.0 0.81486800406 0.919177826811 
0.0500500500501 1.0 0.0500291567086 0.0511315191802 
7.15715715716 1.0 0.766884055736 0.796474174073 
-2.93293293293 1.0 -0.207148878373 -0.192337587184 
-6.93693693694 1.0 -0.608168751487 -0.613447943621 
7.57757757758 1.0 0.96204298189 0.968381185211 
4.33433433433 1.0 -0.929384449502 -0.925721764132 
-6.21621621622 1.0 0.066919044364 0.0904438966168 
8.57857857858 1.0 0.748766641479 0.759039936126 
8.0980980981 1.0 0.970351253498 0.954479601182 
1.53153153153 1.0 0.999229236959 0.999388937253 
8.998998999 1.0 0.413030320922 0.484277830923 
6.41641641642 1.0 0.132837305145 0.137414209537 
-6.61661661662 1.0 -0.327287278425 -0.318826239941 
7.67767767768 1.0 0.984498672401 0.984316749736 
6.996996997 1.0 0.654719669029 0.687058344612 
5.05505505506 1.0 -0.941862214566 -0.956151237832 
-3.03303303303 1.0 -0.108346513523 -0.064474691821 
-5.63563563564 1.0 0.603233924101 0.615832086004 
-6.6966966967 1.0 -0.401827232414 -0.397195630384 
-8.43843843844 1.0 -0.834011915114 -0.824721228233 
-0.33033033033 1.0 -0.32435551719 -0.313994660285 
-7.01701701702 1.0 -0.669720024621 -0.677300720035 
5.87587587588 1.0 -0.396140311588 -0.428565127967 
-5.57557557558 1.0 0.650019222236 0.659732253098 
-4.49449449449 1.0 0.976354771373 1.01658042948 
0.570570570571 1.0 0.540112324789 0.536984519387 
8.11811811812 1.0 0.965318303844 0.949470957787 
9.25925925926 1.0 0.164763965562 0.280526642552 
-5.01501501502 1.0 0.954557149695 0.950013639363 
-4.01401401401 1.0 0.765888052358 0.881939236179 
-4.31431431431 1.0 0.921809046742 0.990245402315 
9.83983983984 1.0 -0.403246556161 -0.225073345554 
1.77177177177 1.0 0.979872320608 0.979295880855 
-3.83383383383 1.0 0.63826408348 0.774577705993 
4.41441441441 1.0 -0.955933085822 -0.952124332933 
-6.63663663664 1.0 -0.346137843492 -0.338638765669 
-8.5985985986 1.0 -0.735347535638 -0.729492800361 
-0.810810810811 1.0 -0.724845989014 -0.717259648964 
-2.33233233233 1.0 -0.723776968945 -0.844261195001 
3.37337337337 1.0 -0.229710988177 -0.230175817186 
4.69469469469 1.0 -0.999843460211 -0.999694264556 
5.01501501502 1.0 -0.954557149695 -0.966866709359 
-6.996996997 1.0 -0.654719669029 -0.661784569584 
2.39239239239 1.0 0.681053382124 0.684598286996 
-3.53353353353 1.0 0.381982835353 0.521654526144 
-4.73473473473 1.0 0.99975034402 1.01107287532 
-6.81681681682 1.0 -0.508663293061 -0.509432675888 
-1.69169169169 1.0 -0.992701051804 -1.08590910544 
5.03503503504 1.0 -0.948399735659 -0.961692964214 
3.03303303303 1.0 0.108346513523 0.112452298655 
-4.61461461461 1.0 0.995223893414 1.01941451491 
5.75575575576 1.0 -0.503313872361 -0.538767858713 
-3.97397397397 1.0 0.739536372707 0.860935059637 
1.67167167167 1.0 0.994916395419 0.994554147452 
-7.45745745746 1.0 -0.922408976872 -0.930536346402 
5.07507507508 1.0 -0.934947206573 -0.950241658628 
6.13613613614 1.0 -0.146519791772 -0.164478272866 
-7.15715715716 1.0 -0.766884055736 -0.776872690972 
6.97697697698 1.0 0.639456909771 0.671800909824 
3.89389389389 1.0 -0.683320745574 -0.684440885283 
-4.25425425425 1.0 0.896879023055 0.975262588774 
7.27727727728 1.0 0.838264195546 0.862987436383 
1.69169169169 1.0 0.992701051804 0.992281172321 
9.0990990991 1.0 0.319952035985 0.408377236508 
-4.91491491491 1.0 0.979561626072 0.978386191187 
-3.69369369369 1.0 0.524477262156 0.667938630544 
-1.57157157157 1.0 -0.999999699498 -1.07589013729 
3.11311311311 1.0 0.0284756907485 0.0315815911491 
9.51951951952 1.0 -0.094599889559 0.0597750097564 
-3.57357357357 1.0 0.41867057176 0.560583799346 
-1.15115115115 1.0 -0.91323356617 -0.931790096091 
-4.15415415415 1.0 0.848191426515 0.943026592975 
-7.1971971972 1.0 -0.791959659904 -0.802237671624 
5.995995996 1.0 -0.2832577738 -0.310217038389 
8.35835835836 1.0 0.875475849797 0.867057235746 
0.01001001001 1.0 0.0100098428432 0.0120133100116 
8.85885885886 1.0 0.536191852752 0.584432830902 
-5.61561561562 1.0 0.61907922661 0.630725439117 
1.07107107107 1.0 0.877714248189 0.878218121446 
-1.47147147147 1.0 -0.995071340501 -1.05610180602 
1.99199199199 1.0 0.912600742763 0.912438532181 
9.43943943944 1.0 -0.0146609534063 0.129087497077 
-6.5965965966 1.0 -0.308305540605 -0.298884348274 
-7.7977977978 1.0 -0.998422103411 -0.997108247373 
3.33333333333 1.0 -0.190567962875 -0.190525928512 
-0.850850850851 1.0 -0.75184168035 -0.746136603455 
6.73673673674 1.0 0.438160658811 0.464536493131 
-1.23123123123 1.0 -0.942899611382 -0.970801950386 
2.61261261261 1.0 0.504653050544 0.510107133096 
-7.3973973974 1.0 -0.897563688968 -0.906747383796 
-0.510510510511 1.0 -0.488622728493 -0.475825648838 
1.55155155155 1.0 0.999814825028 0.999893280495 
-9.5995995996 1.0 0.173932497848 0.150378795222 
-9.35935935936 1.0 -0.0653719505576 -0.0883035928794 
8.51851851852 1.0 0.787202470352 0.791287693523 
2.59259259259 1.0 0.521834495241 0.527169887655 
6.67667667668 1.0 0.38341529066 0.406676138809 
2.03203203203 1.0 0.895503224543 0.895568064337 
7.01701701702 1.0 0.669720024621 0.701975757797 
1.59159159159 1.0 0.999783786273 0.999702914172 
-8.81881881882 1.0 -0.569550710787 -0.571526612751 
7.75775775776 1.0 0.995374053792 0.990394652409 
6.63663663664 1.0 0.346137843492 0.36701539847 
-4.07407407407 1.0 0.803100948886 0.910457261554 
-2.79279279279 1.0 -0.341770182763 -0.367841780769 
-7.55755755756 1.0 -0.956387136503 -0.962188584135 
-7.35735735736 1.0 -0.879195966573 -0.888914333303 
-5.21521521522 1.0 0.87622408965 0.871725946525 
5.83583583584 1.0 -0.432577348176 -0.466291466108 
-9.13913913914 1.0 -0.281770446506 -0.297617074938 
4.85485485485 1.0 -0.989868890237 -0.995012809961 
-2.61261261261 1.0 -0.504653050544 -0.577864748916 
0.810810810811 1.0 0.724845989014 0.723488866697 
-1.49149149149 1.0 -0.996857019318 -1.06085180479 
-3.25325325325 1.0 0.111428711879 0.211096163157 
-3.59359359359 1.0 0.436766402789 0.579470720598 
8.47847847848 1.0 0.811257411747 0.811660473092 
-1.91191191191 1.0 -0.942382045726 -1.0614804395 
9.53953953954 1.0 -0.114509838728 0.0422903966852 
-0.45045045045 1.0 -0.435371096772 -0.423055626014 
-2.29229229229 1.0 -0.750818471552 -0.874827030908 
-3.19319319319 1.0 0.0515776439174 0.137675780993 
-7.37737737738 1.0 -0.888557889358 -0.898026882668 
6.15615615616 1.0 -0.126687794244 -0.143176746456 
-8.0980980981 1.0 -0.970351253498 -0.961544335087 
1.43143143143 1.0 0.99030442098 0.990850720027 
-8.93893893894 1.0 -0.466950456861 -0.474116168043 
-2.87287287287 1.0 -0.265497380359 -0.268369709915 
-0.47047047047 1.0 -0.453305691794 -0.440786776803 
-5.3953953954 1.0 0.775678794758 0.77697437562 
1.01101101101 1.0 0.84736912878 0.847551814691 
0.630630630631 1.0 0.589654207656 0.586864217357 
8.55855855856 1.0 0.761885650774 0.770009547068 
-5.03503503504 1.0 0.948399735659 0.943473793695 
0.41041041041 1.0 0.398985690337 0.395631517982 
4.29429429429 1.0 -0.913864194148 -0.91042713885 
8.63863863864 1.0 0.707630665292 0.724851774434 
8.71871871872 1.0 0.648840196822 0.676414649451 
-3.07307307307 1.0 -0.0684659772958 -0.0133898510401 
-5.65565565566 1.0 0.587146852786 0.600682356733 
-6.0960960961 1.0 0.185999691898 0.21080722557 
-8.25825825826 1.0 -0.919387180273 -0.909040355159 
2.87287287287 1.0 0.265497380359 0.270996238387 
-9.4994994995 1.0 0.0746520259067 0.0501495394934 
-2.51251251251 1.0 -0.588401237484 -0.682795854048 
7.03703703704 1.0 0.684451964588 0.716547882631 
-2.21221221221 1.0 -0.801249393857 -0.929811916055 
1.17117117117 1.0 0.921206900567 0.922041312564 
2.07207207207 1.0 0.876970223046 0.877307158635 
1.03103103103 1.0 0.857829327634 0.858128598642 
-8.01801801802 1.0 -0.986576173517 -0.979298786635 
-9.33933933934 1.0 -0.0853347124856 -0.107817391666 
3.43343343343 1.0 -0.28771565565 -0.288859048896 
3.05305305305 1.0 0.0884239650333 0.0922943867822 
1.27127127127 1.0 0.955476737061 0.956377003262 
-3.05305305305 1.0 -0.0884239650333 -0.0389084839321 
-0.37037037037 1.0 -0.361960713579 -0.350826351455 
0.590590590591 1.0 0.556851671602 0.55382433791 
4.35435435435 1.0 -0.936587366299 -0.932847730692 
5.27527527528 1.0 -0.845718424022 -0.870999088024 
0.510510510511 1.0 0.488622728493 0.485279742472 
6.23623623624 1.0 -0.046931825201 -0.0572128227426 
-1.67167167167 1.0 -0.994916395419 -1.08532830088 
-6.31631631632 1.0 -0.0331249483513 -0.0120854660489 
0.33033033033 1.0 0.32435551719 0.321362896713 
-4.85485485485 1.0 0.989868890237 0.991927629454 
8.2982982983 1.0 0.902904601864 0.891356800038 
2.77277277277 1.0 0.360514923027 0.366346760749 
-1.01101101101 1.0 -0.84736912878 -0.852378655598 
-4.27427427427 1.0 0.905553075921 0.980613342228 
-0.610610610611 1.0 -0.573367839051 -0.560745132825 
-8.03803803804 1.0 -0.983109384216 -0.975408311718 
-4.99499499499 1.0 0.960331988856 0.95626568878 
-6.73673673674 1.0 -0.438160658811 -0.435396846197 
7.37737737738 1.0 0.888557889358 0.907827179938 
-1.29129129129 1.0 -0.961192106815 -0.99676523535 
-2.03203203203 1.0 -0.895503224543 -1.02289796912 
3.45345345345 1.0 -0.306830209454 -0.308173357244 
-8.05805805806 1.0 -0.979248576653 -0.971150468748 
4.87487487487 1.0 -0.986828185163 -0.992780856632 
3.63363363363 1.0 -0.472425730458 -0.474798135809 
-4.47447447447 1.0 0.971831589603 1.01498819843 
-7.93793793794 1.0 -0.996477739177 -0.991132036913 
4.93493493493 1.0 -0.975338684403 -0.983881436965 
-7.41741741742 1.0 -0.906209755988 -0.915073695036 
-5.23523523524 1.0 0.866401418913 0.862328153262 
-9.67967967968 1.0 0.252150304413 0.230890166746 
-8.45845845846 1.0 -0.822799547447 -0.813814168624 
5.41541541542 1.0 -0.762889004574 -0.79405097658 
-9.43943943944 1.0 0.0146609534063 -0.00953452596924 
2.19219219219 1.0 0.813066617154 0.814453069937 
-2.55255255255 1.0 -0.555563147622 -0.642006143206 
-2.65265265265 1.0 -0.469690351946 -0.533292011106 
5.91591591592 1.0 -0.359068265792 -0.389930894816 
4.49449449449 1.0 -0.976354771373 -0.972880933739 
-9.1991991992 1.0 -0.223670498102 -0.241840507107 
8.7987987988 1.0 0.585891056576 0.624922817719 
0.25025025025 1.0 0.247646422081 0.245378676639 
-0.25025025025 1.0 -0.247646422081 -0.239092113289 
-2.89289289289 1.0 -0.246143932464 -0.243129044729 
-4.21421421421 1.0 0.878456163293 0.963474807094 
-7.11711711712 1.0 -0.740579143612 -0.750100037883 
2.11211211211 1.0 0.857031446499 0.857682372537 
6.45645645646 1.0 0.172405433055 0.180229711818 
0.690690690691 1.0 0.637069722791 0.634709062673 
-1.37137137137 1.0 -0.980180659514 -1.02670608145 
1.37137137137 1.0 0.980180659514 0.980912702002 
3.81381381381 1.0 -0.622725447279 -0.624550511615 
9.87987987988 1.0 -0.439553861488 -0.261144697561 
0.27027027027 1.0 0.266991905564 0.264508125078 
7.2972972973 1.0 0.849011685183 0.872731511994 
8.5985985986 1.0 0.735347535638 0.747854732004 
-6.75675675676 1.0 -0.456067581459 -0.454216245171 
-6.85685685686 1.0 -0.542719485852 -0.545114732527 
8.6986986987 1.0 0.66394288333 0.688819035777 
7.13713713714 1.0 0.753882673169 0.784066841007 
3.29329329329 1.0 -0.151119458915 -0.150538736834 
1.85185185185 1.0 0.960763202681 0.960178958415 
-7.21721721722 1.0 -0.804023831509 -0.814380093351 
5.71571571572 1.0 -0.537499969971 -0.573402607534 
6.71671671672 1.0 0.42007812671 0.445480350097 
-5.25525525526 1.0 0.856231505045 0.852646560714 
-7.85785785786 1.0 -0.999992487454 -0.996878423786 
4.57457457457 1.0 -0.990518615549 -0.987929521658 
2.97297297297 1.0 0.167821766571 0.172560405444 
-6.37637637638 1.0 -0.0930562402792 -0.0740346670828 
-9.3993993994 1.0 -0.0253758371902 -0.049051626102 
-5.995995996 1.0 0.2832577738 0.307595459539 
-9.63963963964 1.0 0.213212289782 0.190620452533 
-2.69269269269 1.0 -0.433974744115 -0.487409594087 
-0.15015015015 1.0 -0.149586594914 -0.143566240417 
-2.67267267267 1.0 -0.451923110669 -0.510506612034 
4.39439439439 1.0 -0.949864345085 -0.946050241049 
6.1961961962 1.0 -0.0868794431893 -0.100323251588 
-8.35835835836 1.0 -0.875475849797 -0.865338085246 
-1.03103103103 1.0 -0.857829327634 -0.864540652914 
-2.25225225225 1.0 -0.776656419186 -0.90335404715 
0.43043043043 1.0 0.417262010319 0.413871179221 
-8.998998999 1.0 -0.413030320922 -0.422866330167 
2.17217217217 1.0 0.824557973258 0.825748802531 
-8.31831831832 1.0 -0.894118814814 -0.883784438978 
-8.95895895896 1.0 -0.449154692451 -0.457209862158 
-2.43243243243 1.0 -0.651196684992 -0.759214107569 
2.09209209209 1.0 0.867174611281 0.86766354672 
4.95495495495 1.0 -0.970724838874 -0.980179699375 
1.41141141141 1.0 0.987325090799 0.987938769412 
-3.67367367367 1.0 0.507327764109 0.65105322023 
2.41241241241 1.0 0.666258547712 0.670016912875 
2.71271271271 1.0 0.415852445773 0.421669476649 
-9.47947947948 1.0 0.054674242632 0.0302071134594 
-4.03403403403 1.0 0.778606064409 0.891840917967 
6.91691691692 1.0 0.592155892373 0.624045891923 
6.77677677678 1.0 0.473791717778 0.501909527749 
-0.21021021021 1.0 -0.208665487323 -0.201102808347 
0.49049049049 1.0 0.471058607419 0.467676145325 
7.35735735736 1.0 0.879195966573 0.899636702915 
0.45045045045 1.0 0.435371096772 0.431963849754 
4.63463463463 1.0 -0.996978653508 -0.995439950731 
-5.17517517518 1.0 0.894812095251 0.889668505269 
-4.37437437437 1.0 0.943414910292 1.00206935206 
9.85985985986 1.0 -0.421484671785 -0.243104185978 
4.53453453453 1.0 -0.984225545624 -0.981122070828 
-2.71271271271 1.0 -0.415852445773 -0.464017398253 
-2.75275275275 1.0 -0.379115173303 -0.416415602384 
-5.2952952953 1.0 0.834866389361 0.832433848877 
7.5975975976 1.0 0.967313252172 0.97232151609 
-2.57257257257 1.0 -0.53880679503 -0.621006863045 
8.15815815816 1.0 0.9540939133 0.938558962328 
7.91791791792 1.0 0.997956771974 0.985490208115 
-4.93493493493 1.0 0.975338684403 0.973290310749 
-4.19419419419 1.0 0.868714740054 0.957030997827 
4.89489489489 1.0 -0.983391971377 -0.990181810675 
1.95195195195 1.0 0.928235370545 0.927893137377 
-1.09109109109 1.0 -0.887131000257 -0.899421387945 
6.61661661662 1.0 0.327287278425 0.346889476707 
7.97797797798 1.0 0.992322298019 0.978041130123 
9.57957957958 1.0 -0.154184093352 0.00715487358795 
5.85585585586 1.0 -0.41444188151 -0.447545901046 
-5.83583583584 1.0 0.432577348176 0.453351139635 
0.17017017017 1.0 0.169350063744 0.168176055532 
0.0700700700701 1.0 0.0700127456343 0.0706884753089 
-0.970970970971 1.0 -0.825434213842 -0.827281043818 
3.61361361361 1.0 -0.454687183165 -0.457021123068 
-1.85185185185 1.0 -0.960763202681 -1.07393072215 
-9.83983983984 1.0 0.403246556161 0.39151163991 
2.35235235235 1.0 0.709818357066 0.712926380553 
2.25225225225 1.0 0.776656419186 0.778665352676 
-8.1981981982 1.0 -0.941340119153 -0.931311951465 
5.31531531532 1.0 -0.823679750423 -0.850792951736 
4.43443443443 1.0 -0.961618700226 -0.957845469371 
-7.13713713714 1.0 -0.753882673169 -0.763659752278 
-4.35435435435 1.0 0.936587366299 0.998473598826 
-4.81481481481 1.0 0.994759058541 0.999492003704 
-5.67567567568 1.0 0.570824460166 0.585279185091 
9.03903903904 1.0 0.376243865658 0.454323635849 
-6.67667667668 1.0 -0.38341529066 -0.377833820164 
5.17517517518 1.0 -0.894812095251 -0.915185610042 
-9.65965965966 1.0 0.232727934358 0.210754162938 
-1.63163163163 1.0 -0.998150103477 -1.08284239745 
-3.37337337337 1.0 0.229710988177 0.351570150626 
9.33933933934 1.0 0.0853347124856 0.214086492637 
-7.51751751752 1.0 -0.943927941216 -0.950733557437 
4.55455455455 1.0 -0.987569983594 -0.984705385434 
-5.07507507508 1.0 0.934947206573 0.929532348341 
4.21421421421 1.0 -0.878456163293 -0.875710547862 
5.35535535536 1.0 -0.800320725902 -0.829156358262 
7.05705705706 1.0 0.698909584547 0.730769768007 
9.11911911912 1.0 0.30092154409 0.392804324209 
6.25625625626 1.0 -0.0269257963344 -0.0355905796183 
-6.2962962963 1.0 -0.0131106134944 0.00851907845212 
7.21721721722 1.0 0.804023831509 0.831444565171 
-2.91291291291 1.0 -0.226691833081 -0.217778411974 
5.63563563564 1.0 -0.603233924101 -0.639210077633 
5.8958958959 1.0 -0.377679973455 -0.409357314002 
-5.55555555556 1.0 0.665101514979 0.673840797815 
-5.81581581582 1.0 0.450539443112 0.470650851311 
5.33533533534 1.0 -0.812162990678 -0.840152641986 
5.5955955956 1.0 -0.634676409709 -0.670293825513 
-5.93593593594 1.0 0.340312647942 0.363699964842 
-9.6996996997 1.0 0.271471615699 0.251023799777 
-7.61761761762 1.0 -0.972195835089 -0.976346229819 
-3.39339339339 1.0 0.249148316352 0.373997357768 
3.79379379379 1.0 -0.606937230307 -0.608898756261 
1.83183183183 1.0 0.96612325186 0.965525160809 
-3.73373373373 1.0 0.558138856901 0.700477873081 
5.1951951952 1.0 -0.885695580449 -0.907075875113 
-8.47847847848 1.0 -0.811257411747 -0.802614050604 
5.65565565566 1.0 -0.587146852786 -0.623205368468 
-7.27727727728 1.0 -0.838264195546 -0.848594915942 
-2.45245245245 1.0 -0.635873830576 -0.740781348886 
-6.91691691692 1.0 -0.592155892373 -0.596764799643 
-9.97997997998 1.0 0.527114985665 0.530160326383 
-9.7997997998 1.0 0.366292850383 0.351496626729 
8.17817817818 1.0 0.947906971008 0.932662905503 
4.05405405405 1.0 -0.791012020637 -0.790208322358 
-7.87787787788 1.0 -0.99971449835 -0.996020613732 
9.91991991992 1.0 -0.475156566095 -0.297243730375 
1.25125125125 1.0 0.949378423874 0.950285840537 
-1.87187187187 1.0 -0.955018091318 -1.07027717603 
1.73173173173 1.0 0.987077824457 0.986563459712 
-9.15915915916 1.0 -0.26250641876 -0.279151126362 
-5.47547547548 1.0 0.722706208904 0.72759330798 
-2.13213213213 1.0 -0.846544793956 -0.976444488738 
9.7997997998 1.0 -0.366292850383 -0.189051816568 
-1.89189189189 1.0 -0.948890220341 -1.06612850226 
-1.41141141141 1.0 -0.987325090799 -1.03956993805 
4.99499499499 1.0 -0.960331988856 -0.971672408563 
-1.19119119119 1.0 -0.928811026462 -0.951905819581 
-2.19219219219 1.0 -0.813066617154 -0.942257978447 
4.27427427427 1.0 -0.905553075921 -0.902261435434 
-6.51651651652 1.0 -0.231219739195 -0.218035370111 
-7.65765765766 1.0 -0.980790267476 -0.983767693373 
1.79179179179 1.0 0.975679725882 0.975085995345 
-0.790790790791 1.0 -0.710909644644 -0.702498348971 
-0.710710710711 1.0 -0.65237258226 -0.641402971788 
9.47947947948 1.0 -0.054674242632 0.0945626208546 
5.47547547548 1.0 -0.722706208904 -0.755818978464 
-7.23723723724 1.0 -0.81576576016 -0.826156497475 
-1.43143143143 1.0 -0.99030442098 -1.04545495682 
-7.43743743744 1.0 -0.914492625181 -0.923003908696 
9.21921921922 1.0 0.204114170152 0.313156817478 
1.31131131131 1.0 0.966522242485 0.967380189684 
7.61761761762 1.0 0.972195835089 0.975883195894 
0.19019019019 1.0 0.189045659132 0.187564346411 
7.41741741742 1.0 0.906209755988 0.923039686543 
9.65965965966 1.0 -0.232727934358 -0.0636964878563 
3.27327327327 1.0 -0.131300397197 -0.130441737762 
-0.630630630631 1.0 -0.589654207656 -0.577234936048 
6.21621621622 1.0 -0.066919044364 -0.0787943167986 
1.97197197197 1.0 0.920602539794 0.920344361935 
0.550550550551 1.0 0.523156507537 0.519941879861 
0.0900900900901 1.0 0.0899682743046 0.0902349416959 
3.83383383383 1.0 -0.63826408348 -0.639935824764 
2.79279279279 1.0 0.341770182763 0.347571255848 
-1.27127127127 1.0 -0.955476737061 -0.988435551987 
4.07407407407 1.0 -0.803100948886 -0.80203728203 
0.770770770771 1.0 0.69668837635 0.694986411575 
4.75475475475 1.0 -0.999102704803 -1.00067747183 
-8.63863863864 1.0 -0.707630665292 -0.702966285479 
-5.1951951952 1.0 0.885695580449 0.88083952491 
4.71471471471 1.0 -0.999997295481 -1.00038613607 
-0.35035035035 1.0 -0.343226895963 -0.33246627117 
-9.27927927928 1.0 -0.144985860003 -0.165848504472 
-9.91991991992 1.0 0.475156566095 0.471055384499 
-1.51151151151 1.0 -0.998243169988 -1.06521159763 
-6.01601601602 1.0 0.264002216892 0.28854671894 
8.53853853854 1.0 0.774699305584 0.780759993554 
-1.21121121121 1.0 -0.936042896216 -0.961508995786 
-6.43643643644 1.0 -0.152651959622 -0.135969901642 
-6.17617617618 1.0 0.106805021793 0.130975005554 
2.63263263263 1.0 0.487269347053 0.492827617349 
-0.27027027027 1.0 -0.266991905564 -0.257960055121 
9.8998998999 1.0 -0.45744688336 -0.279192123596 
-0.930930930931 1.0 -0.802176135594 -0.801183488571 
-6.41641641642 1.0 -0.132837305145 -0.115343853469 
-3.43343343343 1.0 0.28771565565 0.417900322998 
5.73573573574 1.0 -0.520511228445 -0.55622445579 
2.37237237237 1.0 0.695575258639 0.698903012268 
8.65865865866 1.0 0.693344009372 0.713041108315 
-1.83183183183 1.0 -0.96612325186 -1.07709361715 
8.43843843844 1.0 0.834011915114 0.831099023152 
4.51451451451 1.0 -0.980486642048 -0.977180324329 
-3.35335335335 1.0 0.210181594637 0.328840624728 
-7.53753753754 1.0 -0.950347982805 -0.956662521858 
-8.85885885886 1.0 -0.536191852752 -0.539856186142 
2.69269269269 1.0 0.433974744115 0.439751897923 
9.45945945946 1.0 -0.034674546587 0.111859450942 
0.750750750751 1.0 0.682187883844 0.680315613428 
9.17917917918 1.0 0.243137181641 0.345359328099 
-5.11511511512 1.0 0.919995965877 0.914444354183 
7.0970970971 1.0 0.726978798959 0.758144584683 
3.73373373373 1.0 -0.558138856901 -0.560401101298 
0.710710710711 1.0 0.65237258226 0.650169768915 
7.17717717718 1.0 0.779578080518 0.808508066975 
-5.51551551552 1.0 0.694460468753 0.701257196262 
9.13913913914 1.0 0.281770446506 0.377108182272 
6.31631631632 1.0 0.0331249483513 0.0294012678856 
5.81581581582 1.0 -0.450539443112 -0.484793927716 
9.95995995996 1.0 -0.509997599178 -0.333348669818 
-0.0500500500501 1.0 -0.0500291567086 -0.0465755625786 
-8.21821821822 1.0 -0.934395989648 -0.924225625143 
-6.71671671672 1.0 -0.42007812671 -0.416386662955 
-3.21321321321 1.0 0.0715593456609 0.162345095538 
5.95595595596 1.0 -0.32142063693 -0.350457301959 
6.8968968969 1.0 0.575905704393 0.607487368286 
-5.71571571572 1.0 0.537499969971 0.553725265056 
-8.17817817818 1.0 -0.947906971008 -0.938056116585 
-0.570570570571 1.0 -0.540112324789 -0.527258378864 
-6.95695695696 1.0 -0.623937863975 -0.629850766175 
2.45245245245 1.0 0.635873830576 0.640043607314 
-3.75375375375 1.0 0.574637462441 0.716128098552 
-9.11911911912 1.0 -0.30092154409 -0.315949936671 
6.95695695696 1.0 0.623937863975 0.656209036702 
7.07707707708 1.0 0.713087090062 0.744636776978 
4.37437437437 1.0 -0.943414910292 -0.939624310962 
1.91191191191 1.0 0.942382045726 0.941907610936 
3.97397397397 1.0 -0.739536372707 -0.739750674561 
7.45745745746 1.0 0.922408976872 0.936695476274 
9.97997997998 1.0 -0.527114985665 -0.351396655285 
0.530530530531 1.0 0.505991015532 0.502704309786 
2.01201201201 1.0 0.904233186475 0.904178718749 
6.85685685686 1.0 0.542719485852 0.573450641666 
-7.2972972973 1.0 -0.849011685183 -0.859249412889 
-4.95495495495 1.0 0.970724838874 0.967904544174 
-0.29029029029 1.0 -0.286230381945 -0.276736536524 
2.43243243243 1.0 0.651196684992 0.65516370862 
-1.97197197197 1.0 -0.920602539794 -1.04450090997 
4.65465465465 1.0 -0.998333836705 -0.997220630802 
6.81681681682 1.0 0.508663293061 0.538236918484 
6.0960960961 1.0 -0.185999691898 -0.206774387117 
3.21321321321 1.0 -0.0715593456609 -0.0698490567282 
5.93593593594 1.0 -0.340312647942 -0.370294570708 
8.61861861862 1.0 0.721633711464 0.736457495025 
6.11611611612 1.0 -0.166293065952 -0.185681200137 
9.55955955956 1.0 -0.13437389375 0.0247493347506 
0.910910910911 1.0 0.790062479764 0.789541229532 
-9.73973973974 1.0 0.309780130585 0.291265538359 
1.33133133133 1.0 0.971465007816 0.972288745119 
4.13413413413 1.0 -0.837417761709 -0.835589091371 
8.31831831832 1.0 0.894118814814 0.883518476662 
-6.05605605606 1.0 0.225181436261 0.249970790705 
4.25425425425 1.0 -0.896879023055 -0.893752267559 
-0.03003003003 1.0 -0.0300255167065 -0.027066372659 
7.53753753754 1.0 0.950347982805 0.95935737505 
6.6966966967 1.0 0.401827232414 0.426190324396 
-1.65165165165 1.0 -0.996732988666 -1.08430414173 
1.13113113113 1.0 0.904894218889 0.905628404835 
8.8988988989 1.0 0.501973484202 0.55660000177 
-0.910910910911 1.0 -0.790062479764 -0.787771381413 
1.19119119119 1.0 0.928811026462 0.92967943202 
5.4954954955 1.0 -0.708725363073 -0.742392700945 
8.41841841842 1.0 0.844890020967 0.840458900352 
2.49249249249 1.0 0.604469813648 0.609023040323 
9.73973973974 1.0 -0.309780130585 -0.135162233165 
-9.75975975976 1.0 0.328751980598 0.311364563431 
-8.91891891892 1.0 -0.484559073218 -0.490838877155 
-7.997997998 1.0 -0.989647555109 -0.982819080563 
0.47047047047 1.0 0.453305691794 0.449901511181 
-0.590590590591 1.0 -0.556851671602 -0.544084836552 
-8.57857857858 1.0 -0.748766641479 -0.742363264456 
-7.77777777778 1.0 -0.997097890944 -0.9963976574 
-0.750750750751 1.0 -0.682187883844 -0.672352007053 
-1.25125125125 1.0 -0.949378423874 -0.979779287027 
-2.39239239239 1.0 -0.681053382124 -0.794679906023 
-7.03703703704 1.0 -0.684451964588 -0.692506897783 
8.83883883884 1.0 0.552982096013 0.598100811682 
9.31931931932 1.0 0.105263273301 0.230835986684 
-7.5975975976 1.0 -0.967313252172 -0.97203056026 
-9.61961961962 1.0 0.193611192318 0.170493745461 
4.01401401401 1.0 -0.765888052358 -0.765601112167 
6.03603603604 1.0 -0.244640851113 -0.269286761807 
-9.2992992993 1.0 -0.125149645879 -0.146594987977 
9.05905905906 1.0 0.357620745349 0.439140197627 
-1.07107107107 1.0 -0.877714248189 -0.888066921834 
-2.99299299299 1.0 -0.148053371305 -0.115672397138 
2.83283283283 1.0 0.303877337824 0.309562907538 
8.01801801802 1.0 0.986576173517 0.971447370992 
6.53653653654 1.0 0.250649611665 0.26466596508 
2.65265265265 1.0 0.469690351946 0.475337605874 
3.31331331331 1.0 -0.170877953796 -0.170569892781 
-9.37937937938 1.0 -0.0453829883483 -0.0687132994127 
-8.83883883884 1.0 -0.552982096013 -0.555795404694 
5.43543543544 1.0 -0.749793457774 -0.78165100257 
5.77577577578 1.0 -0.485914794209 -0.521039331112 
-5.05505505506 1.0 0.941862214566 0.936646568109 
-2.85285285285 1.0 -0.284744420138 -0.293480737878 
5.6956956957 1.0 -0.554273288059 -0.590296074883 
-5.87587587588 1.0 0.396140311588 0.418104938133 
7.93793793794 1.0 0.996477739177 0.983337310769 
2.75275275275 1.0 0.379115173303 0.384959817916 
-4.69469469469 1.0 0.999843460211 1.01506955172 
-6.7967967968 1.0 -0.491325964149 -0.491243702601 
8.4984984985 1.0 0.799390133963 0.801589054346 
6.43643643644 1.0 0.152651959622 0.158861847612 
7.73773773774 1.0 0.993251282848 0.989421211737 
-5.45545545546 1.0 0.736397402892 0.740352067022 
0.730730730731 1.0 0.667413978747 0.665374362715 
6.51651651652 1.0 0.231219739195 0.243735685748 
-4.67467467467 1.0 0.999288899866 1.01661438132 
4.23423423423 1.0 -0.887845512006 -0.884901360244 
6.07607607608 1.0 -0.205631771434 -0.227746865784 
0.610610610611 1.0 0.573367839051 0.57045349665 
5.61561561562 1.0 -0.61907922661 -0.654907862112 
-2.27227227227 1.0 -0.763890524376 -0.889347508818 
3.19319319319 1.0 -0.0515776439174 -0.0495821865711 
-7.47747747748 1.0 -0.929955638285 -0.937669554279 
-5.31531531532 1.0 0.823679750423 0.821903793154 
9.81981981982 1.0 -0.384846824231 -0.207054955424 
-2.53253253253 1.0 -0.572096837274 -0.662606619067 
-3.85385385385 1.0 0.653546911213 0.788151502407 
-4.41441441441 1.0 0.955933085822 1.00823987304 
-2.47247247247 1.0 -0.620296125676 -0.721894047211 
-8.13813813814 1.0 -0.959898466376 -0.950504467243 
-2.01201201201 1.0 -0.904233186475 -1.03061749608 
3.23323323323 1.0 -0.0915123672906 -0.0900875306387 
1.75175175175 1.0 0.983672194447 0.983122410027 
-2.05205205205 1.0 -0.886414355831 -1.01465680452 
4.17417417417 1.0 -0.858625146533 -0.856317127374 
0.31031031031 1.0 0.305354140677 0.302508014294 
1.29129129129 1.0 0.961192106815 0.962075733428 
-0.950950950951 1.0 -0.813968289004 -0.814354917676 
-5.35535535536 1.0 0.800320725902 0.799999408931 
-9.21921921922 1.0 -0.204114170152 -0.223006124305 
-8.07807807808 1.0 -0.974995298193 -0.966528152196 
-6.11611611612 1.0 0.166293065952 0.191024805116 
2.93293293293 1.0 0.207148878373 0.212239387871 
7.71771771772 1.0 0.990730428893 0.988085514155 
2.85285285285 1.0 0.284744420138 0.290345431759 
7.63763763764 1.0 0.976688773762 0.979068200745 
-0.43043043043 1.0 -0.417262010319 -0.405189383147 
3.95395395395 1.0 -0.725913266541 -0.726368337769 
7.8978978979 1.0 0.999035835857 0.987308470955 
7.85785785786 1.0 0.999992487454 0.989927859297 
4.83483483483 1.0 -0.99251286792 -0.996877963531 
5.53553553554 1.0 -0.679917243139 -0.71453565927 
-9.01901901902 1.0 -0.39471619201 -0.405439096691 
4.03403403403 1.0 -0.778606064409 -0.77806185062 
-4.79479479479 1.0 0.996606561851 1.00283239576 
-6.35635635636 1.0 -0.0731057736575 -0.0533725874685 
-3.11311311311 1.0 -0.0284756907485 0.0374286571986 
5.0950950951 1.0 -0.927657483133 -0.943964423983 
6.05605605606 1.0 -0.225181436261 -0.248587853028 
-3.81381381381 1.0 0.622725447279 0.760588678723 
3.57357357357 1.0 -0.41867057176 -0.420867869167 
7.51751751752 1.0 0.943927941216 0.954270674631 
-8.73873873874 1.0 -0.633477463068 -0.632275885887 
-7.97797797798 1.0 -0.992322298019 -0.985966465232 
-0.23023023023 1.0 -0.228201684929 -0.2201379293 
-7.33733733734 1.0 -0.869481672757 -0.879412115735 
-2.35235235235 1.0 -0.709818357066 -0.828225832508 
6.55655655656 1.0 0.269979026825 0.285457766001 
-0.730730730731 1.0 -0.667413978747 -0.656975662099 
-1.33133133133 1.0 -0.971465007816 -1.01242254599 
-2.41241241241 1.0 -0.666258547712 -0.777183136157 
9.2992992993 1.0 0.125149645879 0.247494641175 
6.93693693694 1.0 0.608168751487 0.640288625276 
3.47347347347 1.0 -0.325821789448 -0.327349724255 
1.57157157157 1.0 0.999999699498 0.999997666951 
5.97597597598 1.0 -0.302399804444 -0.330428303427 
6.65665665666 1.0 0.36484968073 0.386947762076 
8.03803803804 1.0 0.983109384216 0.967672632968 
8.33833833834 1.0 0.884974675839 0.875417397719 
6.75675675676 1.0 0.456067581459 0.483349286442 
-2.23223223223 1.0 -0.789111039566 -0.916843154421 
-4.23423423423 1.0 0.887845512006 0.969550872493 
-0.11011011011 1.0 -0.109887744787 -0.104905271651 
5.51551551552 1.0 -0.694460468753 -0.728630450961 
2.99299299299 1.0 0.148053371305 0.152594221733 
-3.23323323323 1.0 0.0915123672906 0.186823867173 
10.0 1.0 -0.544021110889 -0.369438128255 
-9.07907907908 1.0 -0.338854295004 -0.352195920984 
2.13213213213 1.0 0.846544793956 0.847367132631 
3.93393393393 1.0 -0.711999223182 -0.712686467384 
-3.27327327327 1.0 0.131300397197 0.23514657394 
-5.95595595596 1.0 0.32142063693 0.345178848957 
1.47147147147 1.0 0.995071340501 0.995470416832 
-7.4974974975 1.0 -0.93712958481 -0.944402297955 
-3.17317317317 1.0 0.0315752704827 0.112832355552 
-5.27527527528 1.0 0.845718424022 0.842681624652 
9.93993993994 1.0 -0.492675811867 -0.315296807771 
5.25525525526 1.0 -0.856231505045 -0.880562019181 
0.35035035035 1.0 0.343226895963 0.340110609686 
6.2962962963 1.0 0.0131106134944 0.00772847297425 
-3.95395395395 1.0 0.725913266541 0.849827508054 
-8.71871871872 1.0 -0.648840196822 -0.646895732264 
1.09109109109 1.0 0.887131000257 0.887722125851 
4.97497497497 1.0 -0.965721938658 -0.97611005586 
7.23723723724 1.0 0.81576576016 0.842342403899 
-3.63363363363 1.0 0.472425730458 0.616063369121 
-8.4984984985 1.0 -0.799390133963 -0.791124993109 
-8.41841841842 1.0 -0.844890020967 -0.835331155146 
-6.03603603604 1.0 0.244640851113 0.26933603997 
7.997997998 1.0 0.989647555109 0.974904709267 
-7.31731731732 1.0 -0.859418901282 -0.869522852564 
-2.31231231231 1.0 -0.737445499834 -0.859796696705 
3.35335335335 1.0 -0.210181594637 -0.210397622082 
-5.15515515516 1.0 0.903569980268 0.898212529272 
8.13813813814 1.0 0.959898466376 0.944162864194 
-1.53153153153 1.0 -0.999229236959 -1.06917522626 
-0.990990990991 1.0 -0.836569314705 -0.83995719614 
1.05105105105 1.0 0.867945718946 0.868352192326 
-9.25925925926 1.0 -0.164763965562 -0.185004968506 
9.23923923924 1.0 0.184476035731 0.296893569528 
5.57557557558 1.0 -0.650019222236 -0.685363328982 
2.89289289289 1.0 0.246143932464 0.25152336406 
-4.43443443443 1.0 0.961618700226 1.01082071868 
-4.59459459459 1.0 0.993070259711 1.01973020726 
-9.71971971972 1.0 0.290684124469 0.271150445741 
1.39139139139 1.0 0.983950052752 0.984625896508 
0.890890890891 1.0 0.777632176518 0.776950836142 
-8.97897897898 1.0 -0.431178912314 -0.440124921137 
-6.87687687688 1.0 -0.559424700424 -0.5625898381 
-9.95995995996 1.0 0.509997599178 0.510519146012 
9.75975975976 1.0 -0.328751980598 -0.153102602408 
2.33233233233 1.0 0.723776968945 0.726663790521 
2.31231231231 1.0 0.737445499834 0.740110743923 
8.27827827828 1.0 0.911328515751 0.898928691638 
-2.73273273273 1.0 -0.397563478837 -0.440346944615 
9.5995995996 1.0 -0.173932497848 -0.0104899516712 
8.21821821822 1.0 0.934395989648 0.920008983931 
-7.83783783784 1.0 -0.999869691753 -0.997346892656 
-7.05705705706 1.0 -0.698909584547 -0.707396316348 
2.95295295295 1.0 0.187522900919 0.192445014193 
-5.85585585586 1.0 0.41444188151 0.435834110409 
-3.55355355355 1.0 0.400406942668 0.541309825958 
5.2952952953 1.0 -0.834866389361 -0.861075607904 
-3.29329329329 1.0 0.151119458915 0.258960234709 
-4.45445445445 1.0 0.966918909573 1.01306921318 
-0.530530530531 1.0 -0.505991015532 -0.493124399797 
-7.95795795796 1.0 -0.994599330244 -0.988738300325 
4.31431431431 1.0 -0.921809046742 -0.918247756319 
0.850850850851 1.0 0.75184168035 0.750827579336 
4.77477477477 1.0 -0.998054637396 -1.00027600278 
-8.33833833834 1.0 -0.884974675839 -0.874719663105 
3.91391391391 1.0 -0.69779981921 -0.69870920557 
-2.11211211211 1.0 -0.857031446499 -0.986786830681 
3.55355355355 1.0 -0.400406942668 -0.402506742689 
-3.09309309309 1.0 -0.0484805492288 0.0120621304258 
3.75375375375 1.0 -0.574637462441 -0.576818222428 
9.67967967968 1.0 -0.252150304413 -0.0815127243754 
1.63163163163 1.0 0.998150103477 0.997920026971 
1.61161161161 1.0 0.999167171889 0.999009993956 
1.93193193193 1.0 0.935496175869 0.935081861182 
-5.37537537538 1.0 0.788157702332 0.788626552265 
8.77877877878 1.0 0.601996584369 0.638069976319 
8.45845845846 1.0 0.822799547447 0.821498336857 
-4.17417417417 1.0 0.858625146533 0.950216052464 
9.6996996997 1.0 -0.271471615699 -0.0993643831995 
7.47747747748 1.0 0.929955638285 0.942940837255 
8.37837837838 1.0 0.865626143701 0.858441658546 
4.09409409409 1.0 -0.81486800406 -0.813545650087 
8.67867867868 1.0 0.678779469621 0.701029023546 
-9.23923923924 1.0 -0.184476035731 -0.204059226711 
5.13513513514 1.0 -0.911965725448 -0.930308156232 
7.95795795796 1.0 0.994599330244 0.980853147543 
-0.650650650651 1.0 -0.605704250039 -0.593549928176 
-1.99199199199 1.0 -0.912600742763 -1.03781761643 
4.61461461461 1.0 -0.995223893414 -0.993297460947 
2.23223223223 1.0 0.789111039566 0.7909074338 
5.21521521522 1.0 -0.87622408965 -0.898601445505 
-1.61161161161 1.0 -0.999167171889 -1.08094889434 
6.17617617618 1.0 -0.106805021793 -0.121787922802 
-7.6976976977 1.0 -0.987812502254 -0.989579036261 
6.4964964965 1.0 0.211697196671 0.222678437458 
-6.57657657658 1.0 -0.289200237681 -0.278823661452 
-7.73773773774 1.0 -0.993251282848 -0.993786214441 
-6.47647647648 1.0 -0.19208980849 -0.177111781055 
-3.79379379379 1.0 0.606937230307 0.746184031798 
3.41341341341 1.0 -0.268485788917 -0.269415476797 
0.15015015015 1.0 0.149586594914 0.148741716962 
2.91291291291 1.0 0.226691833081 0.231934980061 
3.39339339339 1.0 -0.249148316352 -0.249851433496 
-6.65665665666 1.0 -0.36484968073 -0.358311428853 
-1.45145145145 1.0 -0.992886849216 -1.05096754743 
3.71371371371 1.0 -0.541416556108 -0.543740851535 
6.5965965966 1.0 0.308305540605 0.326580638225 
-4.11411411411 1.0 0.826308470068 0.92751076534 
-8.51851851852 1.0 -0.787202470352 -0.779351158894 
-6.25625625626 1.0 0.0269257963344 0.0495998032971 
2.51251251251 1.0 0.588401237484 0.593133046341 
8.25825825826 1.0 0.919387180273 0.906230472749 
-3.15315315315 1.0 0.0115602420643 0.0878317242931 
2.73273273273 1.0 0.397563478837 0.403403111734 
-8.65865865866 1.0 -0.693344009372 -0.689319093522 
8.87887887888 1.0 0.519186710331 0.570598091857 
2.57257257257 1.0 0.53880679503 0.544009761532 
4.11411411411 1.0 -0.826308470068 -0.824730507682 
-7.17717717718 1.0 -0.779578080518 -0.78973364505 
-5.53553553554 1.0 0.679917243139 0.687683120192 
-1.59159159159 1.0 -0.999783786273 -1.07862950479 
-1.75175175175 1.0 -0.983672194447 -1.08493479093 
3.51351351351 1.0 -0.363405633971 -0.365254552213 
-4.13413413413 1.0 0.837417761709 0.935459267889 
8.75875875876 1.0 0.617860839267 0.651036643084 
-9.93993993994 1.0 0.492675811867 0.490816226001 
-6.97697697698 1.0 -0.639456909771 -0.645965487624 
7.65765765766 1.0 0.980790267476 0.981878640092 
-0.31031031031 1.0 -0.305354140677 -0.295416422964 
5.45545545546 1.0 -0.736397402892 -0.768906076015 
-4.97497497497 1.0 0.965721938658 0.962229488914 
-4.65465465465 1.0 0.998333836705 1.01785468098 
-5.91591591592 1.0 0.359068265792 0.38203208007 
9.15915915916 1.0 0.26250641876 0.361292092688 
-7.25725725726 1.0 -0.827180739833 -0.83756273442 
-3.91391391391 1.0 0.69779981921 0.826390208989 
-1.39139139139 1.0 -0.983950052752 -1.03331836592 
-9.81981981982 1.0 0.384846824231 0.371520915064 
-4.51451451451 1.0 0.980486642048 1.01784857092 
-3.45345345345 1.0 0.306830209454 0.439355405727 
6.7967967968 1.0 0.491325964149 0.520208287899 
0.11011011011 1.0 0.109887744787 0.109763998906 
1.87187187187 1.0 0.955018091318 0.954458885139 
9.4994994995 1.0 -0.0746520259067 0.0772001102624 
-2.07207207207 1.0 -0.876970223046 -1.0058921402 
5.7957957958 1.0 -0.468320967329 -0.503045664551 
-0.890890890891 1.0 -0.777632176518 -0.774123177582 
0.790790790791 1.0 0.710909644644 0.709379776979 
-2.17217217217 1.0 -0.824557973258 -0.954179532086 
-9.77977977978 1.0 0.347592070824 0.331443060878 
-0.550550550551 1.0 -0.523156507537 -0.510270109325 
-6.4964964965 1.0 -0.211697196671 -0.197606225219 
-0.41041041041 1.0 -0.398985690337 -0.38719264625 
-1.35135135135 1.0 -0.97601842181 -1.01973888771 
6.37637637638 1.0 0.0930562402792 0.0943277051466 
4.81481481481 1.0 -0.994759058541 -0.998376640863 
8.1981981982 1.0 0.941340119153 0.926478356187 
9.1991991992 1.0 0.223670498102 0.32931315176 
-6.15615615616 1.0 0.126687794244 0.15110009333 
-2.83283283283 1.0 -0.303877337824 -0.318442607496 
0.650650650651 1.0 0.605704250039 0.603048791173 
9.3993993994 1.0 0.0253758371902 0.163324761605 
-3.61361361361 1.0 0.454687183165 0.597965439886 
-6.55655655656 1.0 -0.269979026825 -0.258654811141 
5.67567567568 1.0 -0.570824460166 -0.606898892886 
5.3953953954 1.0 -0.775678794758 -0.806103418797 
-9.0990990991 1.0 -0.319952035985 -0.334144588979 
-7.91791791792 1.0 -0.997956771974 -0.99314522105 
5.23523523524 1.0 -0.866401418913 -0.889763170465 
-8.37837837838 1.0 -0.865626143701 -0.855643542264 
4.73473473473 1.0 -0.99975034402 -1.00071403141 
-3.13313313313 1.0 -0.00845941955823 0.0626912369167 
-3.87387387387 1.0 0.668567805308 0.801310786198 
2.05205205205 1.0 0.886414355831 0.886609782806 
9.37937937938 1.0 0.0453829883483 0.180327712041 
6.3963963964 1.0 0.112969411094 0.115898807782 
9.63963963964 1.0 -0.213212289782 -0.0459186291961 
8.97897897898 1.0 0.431178912314 0.499041920822 
-4.39439439439 1.0 0.949864345085 1.0053237517 
3.01301301301 1.0 0.128225638051 0.132555230331 
3.69369369369 1.0 -0.524477262156 -0.526843803941 
2.21221221221 1.0 0.801249393857 0.802837990084 
-0.17017017017 1.0 -0.169350063744 -0.162811428564 
-3.33333333333 1.0 0.190567962875 0.305820683052 
3.65365365365 1.0 -0.489974935275 -0.492365625678 
-4.71471471471 1.0 0.999997295481 1.01322186015 
1.71171171171 1.0 0.990087845702 0.989617014685 
6.57657657658 1.0 0.289200237681 0.306099724869 
3.67367367367 1.0 -0.507327764109 -0.509716487257 
-3.41341341341 1.0 0.268485788917 0.396110966084 
-7.75775775776 1.0 -0.995374053792 -0.99529078398 
-2.59259259259 1.0 -0.521834495241 -0.599621840466 
9.61961961962 1.0 -0.193611192318 -0.0281821208506 
9.07907907908 1.0 0.338854295004 0.423823627858 
-6.13613613614 1.0 0.146519791772 0.171119595225 
-1.13113113113 1.0 -0.904894218889 -0.92128804845 
2.55255255255 1.0 0.555563147622 0.560620779052 
8.81881881882 1.0 0.569550710787 0.611598616632 
-4.63463463463 1.0 0.996978653508 1.01878868217 
9.01901901902 1.0 0.39471619201 0.469370623195 
-4.57457457457 1.0 0.990518615549 1.01973368521 
-0.770770770771 1.0 -0.69668837635 -0.687527682401 
9.41941941942 1.0 0.00535851570584 0.146243643323 
-6.45645645646 1.0 -0.172405433055 -0.15656276957 
-2.15215215215 1.0 -0.835718856574 -0.965575293873 
3.53353353353 1.0 -0.381982835353 -0.383966311655 
-3.01301301301 1.0 -0.128225638051 -0.0900691642581 
-8.23823823824 1.0 -0.927077365617 -0.916800589234 
9.77977977978 1.0 -0.347592070824 -0.171066751243 
0.990990990991 1.0 0.836569314705 0.836626526017 
3.49349349349 1.0 -0.34468278404 -0.346379596283 
-9.31931931932 1.0 -0.105263273301 -0.127249568924 
-5.75575575576 1.0 0.503313872361 0.521197938079 
-9.53953953954 1.0 0.114509838728 0.0901526276245 
-4.87487487487 1.0 0.986828185163 0.987705604793 
1.81181181181 1.0 0.971096090611 0.97049498008 
1.35135135135 1.0 0.97601842181 0.97679998464 
-6.07607607608 1.0 0.205631771434 0.230458574421 
-5.13513513514 1.0 0.911965725448 0.906471255918 
-1.31131131131 1.0 -0.966522242485 -1.00476277251 
2.15215215215 1.0 0.835718856574 0.836721395455 
-7.57757757758 1.0 -0.96204298189 -0.967311335547 
1.15115115115 1.0 0.91323356617 0.914023249577 
3.09309309309 1.0 0.0484805492288 0.0518498780363 
7.4974974975 1.0 0.93712958481 0.948798895618 
6.27627627628 1.0 -0.00690897593668 -0.0139394886772 
-5.8958958959 1.0 0.377679973455 0.400169040535 
-8.75875875876 1.0 -0.617860839267 -0.617424367338 
-1.79179179179 1.0 -0.975679725882 -1.08196633213 
-9.8998998999 1.0 0.45744688336 0.451240511217 
4.79479479479 1.0 -0.996606561851 -0.999509194178 
-5.6956956957 1.0 0.554273288059 0.569625706715 
2.53253253253 1.0 0.572096837274 0.576997105891 
5.37537537538 1.0 -0.788157702332 -0.817805944943 
-0.690690690691 1.0 -0.637069722791 -0.625638249262 
1.11111111111 1.0 0.89619220103 0.896860161974 
-3.47347347347 1.0 0.325821789448 0.460466821344 
4.15415415415 1.0 -0.848191426515 -0.846118787654 
-4.05405405405 1.0 0.791012020637 0.901345961689 
8.93893893894 1.0 0.466950456861 0.528127346453 
6.33633633634 1.0 0.0531260071326 0.0510668140344 
-6.27627627628 1.0 0.00690897593668 0.0290841459845 
-1.95195195195 1.0 -0.928235370545 -1.05067028518 
7.77777777778 1.0 0.997097890944 0.991008604717 
-5.77577577578 1.0 0.485914794209 0.504578827425 
8.05805805806 1.0 0.979248576653 0.963584041087 
1.21121121121 1.0 0.936042896216 0.936934668231 
2.67267267267 1.0 0.451923110669 0.457643511911 
-3.71371371371 1.0 0.541416556108 0.684414191794 
-1.81181181181 1.0 -0.971096090611 -1.07977053535 
0.39039039039 1.0 0.380549461752 0.377252876603 
5.55555555556 1.0 -0.665101514979 -0.700111986417 
-2.09209209209 1.0 -0.867174611281 -0.996602503341 
9.27927927928 1.0 0.144985860003 0.264059261439 
1.49149149149 1.0 0.996857019318 0.997177913456 
5.15515515516 1.0 -0.903569980268 -0.9229299139 
-3.51351351351 1.0 0.363405633971 0.50162421428 
7.83783783784 1.0 0.999869691753 0.990722501596 
3.25325325325 1.0 -0.111428711879 -0.110288217199 
-2.63263263263 1.0 -0.487269347053 -0.555749857241 
-4.55455455455 1.0 0.987569983594 1.01942277299 
3.07307307307 1.0 0.0684659772958 0.0720905395161 
7.6976976977 1.0 0.987812502254 0.986384885018 
4.59459459459 1.0 -0.993070259711 -0.99079377117 
-10.0 1.0 0.544021110889 0.549736021922 
-9.87987987988 1.0 0.439553861488 0.431375565956 
-3.65365365365 1.0 0.489974935275 0.633760466547 
-1.73173173173 1.0 -0.987077824457 -1.08571792546 
-0.0700700700701 1.0 -0.0700127456343 -0.0660558864763 
-5.97597597598 1.0 0.302399804444 0.326475132271 
3.87387387387 1.0 -0.668567805308 -0.669886033254 
0.670670670671 1.0 0.62151153354 0.618999587476 
7.1971971972 1.0 0.791959659904 0.820165705698 
-8.2982982983 1.0 -0.902904601864 -0.892528626762 
7.87787787788 1.0 0.99971449835 0.988788777922 
0.930930930931 1.0 0.802176135594 0.801809582665 
-5.0950950951 1.0 0.927657483133 0.922131495825 
-6.83683683684 1.0 -0.525796755923 -0.527392715263 
2.47247247247 1.0 0.620296125676 0.624661660183 
-1.93193193193 1.0 -0.935496175869 -1.05632895944 
-7.0970970971 1.0 -0.726978798959 -0.736199022727 
7.31731731732 1.0 0.859418901282 0.882088317655 
-5.43543543544 1.0 0.749793457774 0.752836010875 
-0.830830830831 1.0 -0.738491823944 -0.731807202361 
-2.97297297297 1.0 -0.167821766571 -0.141264734083 
0.29029029029 1.0 0.286230381945 0.283553821166 
-6.1961961962 1.0 0.0868794431893 0.110753239531 
3.85385385385 1.0 -0.653546911213 -0.655049372559 
7.55755755756 1.0 0.956387136503 0.96406036755 
7.43743743744 1.0 0.914492625181 0.930061974509 
7.3973973974 1.0 0.897563688968 0.915628167352 
-6.77677677678 1.0 -0.473791717778 -0.472835073138 
-3.49349349349 1.0 0.34468278404 0.481225804697 
-9.05905905906 1.0 -0.357620745349 -0.370098835183 
0.23023023023 1.0 0.228201684929 0.226173163495 
8.3983983984 1.0 0.855429505195 0.849574328229 
2.81281281281 1.0 0.322888465175 0.328640767629 
6.47647647648 1.0 0.19208980849 0.201505860694 
