-9.85985985986 1.0 0.421484671785 -0.342443768071 
6.35635635636 1.0 0.0731057736575 0.115356287542 
-2.81281281281 1.0 -0.322888465175 -0.205996359696 
-2.95295295295 1.0 -0.187522900919 -0.165707838442 
1.89189189189 1.0 0.948890220341 0.954675272564 
4.67467467467 1.0 -0.999288899866 -0.933679737894 
-6.3963963964 1.0 -0.112969411094 -0.198082304187 
-5.4954954955 1.0 0.708725363073 -0.124005687026 
-8.7987987988 1.0 -0.585891056576 -0.318069858482 
-9.55955955956 1.0 0.13437389375 -0.336720686926 
-8.53853853854 1.0 -0.774699305584 -0.310047039133 
-6.53653653654 1.0 -0.250649611665 -0.208335163231 
7.33733733734 1.0 0.869481672757 0.407015452824 
6.83683683684 1.0 0.525796755923 0.314820174454 
1.45145145145 1.0 0.992886849216 0.993811692588 
-7.71771771772 1.0 -0.990730428893 -0.277808056198 
1.65165165165 1.0 0.996732988666 0.999931715781 
-0.0900900900901 1.0 -0.0899682743046 -0.0884082691086 
1.23123123123 1.0 0.942899611382 0.941129561592 
3.59359359359 1.0 -0.436766402789 -0.53673853117 
0.870870870871 1.0 0.764890207772 0.757239218362 
-7.63763763764 1.0 -0.976688773762 -0.274020671829 
0.37037037037 1.0 0.361960713579 0.347088541186 
9.35935935936 1.0 0.0653719505576 0.138791325377 
3.13313313313 1.0 0.00845941955822 -0.0476741697559 
7.81781781782 1.0 0.999346160464 0.408577158259 
-1.17117117117 1.0 -0.921206900567 -0.669430469942 
-2.37237237237 1.0 -0.695575258639 -0.362140522157 
-6.33633633634 1.0 -0.0531260071326 -0.193562014741 
8.07807807808 1.0 0.974995298193 0.384122265246 
-7.81781781782 1.0 -0.999346160464 -0.282369771578 
-4.29429429429 1.0 0.913864194148 -0.0379783862049 
-4.77477477477 1.0 0.998054637396 -0.0645391616333 
-5.7957957958 1.0 0.468320967329 -0.149887649805 
-8.6986986987 1.0 -0.66394288333 -0.315094961416 
8.23823823824 1.0 0.927077365617 0.362615722649 
-0.13013013013 1.0 -0.1297631736 -0.124609247545 
0.13013013013 1.0 0.1297631736 0.118550448706 
-8.61861861862 1.0 -0.721633711464 -0.312616357057 
-7.07707707708 1.0 -0.713087090062 -0.243858272145 
8.91891891892 1.0 0.484559073218 0.236035652765 
2.29229229229 1.0 0.750818471552 0.756729249765 
-8.87887887888 1.0 -0.519186710331 -0.320354397768 
8.95895895896 1.0 0.449154692451 0.227464582874 
-0.19019019019 1.0 -0.189045659132 -0.17766867662 
-4.33433433433 1.0 0.929384449502 -0.0394089481823 
-0.39039039039 1.0 -0.380549461752 -0.340642763823 
-4.53453453453 1.0 0.984225545624 -0.048964312268 
4.47447447447 1.0 -0.971831589603 -0.963200833935 
-8.15815815816 1.0 -0.9540939133 -0.296516877284 
4.19419419419 1.0 -0.868714740054 -0.926035633786 
4.91491491491 1.0 -0.979561626072 -0.844856876617 
-5.5955955956 1.0 0.634676409709 -0.132695439086 
-9.03903903904 1.0 -0.376243865658 -0.324680398656 
-1.05105105105 1.0 -0.867945718946 -0.65442844733 
-0.870870870871 1.0 -0.764890207772 -0.607690180733 
5.11511511512 1.0 -0.919995965877 -0.735249485306 
-8.55855855856 1.0 -0.761885650774 -0.310698025749 
2.27227227227 1.0 0.763890524376 0.770076418412 
3.15315315315 1.0 -0.0115602420643 -0.0700918431035 
3.99399399399 1.0 -0.752863081707 -0.84078005876 
-8.3983983984 1.0 -0.855429505195 -0.305323997463 
-4.89489489489 1.0 0.983391971377 -0.0735154264768 
7.11711711712 1.0 0.740579143612 0.379668694402 
0.830830830831 1.0 0.738491823944 0.730074874984 
-1.55155155155 1.0 -0.999814825028 -0.642055103444 
0.03003003003 1.0 0.0300255167065 0.0232579294363 
8.73873873874 1.0 0.633477463068 0.273502695009 
-8.8988988989 1.0 -0.501973484202 -0.320912633608 
-9.51951951952 1.0 0.094599889559 -0.33589464736 
-9.41941941942 1.0 -0.00535851570584 -0.333760475292 
-6.23623623624 1.0 0.046931825201 -0.185865929331 
3.77377377377 1.0 -0.590905760288 -0.693335410159 
-6.8968968969 1.0 -0.575905704393 -0.232734817285 
-4.83483483483 1.0 0.99251286792 -0.0689476214838 
0.21021021021 1.0 0.208665487323 0.195273121195 
-1.77177177177 1.0 -0.979872320608 -0.58547242084 
-8.67867867868 1.0 -0.678779469621 -0.314483662807 
0.970970970971 1.0 0.825434213842 0.819626291084 
-1.71171171171 1.0 -0.990087845702 -0.603158598053 
-0.49049049049 1.0 -0.471058607419 -0.412175543095 
6.01601601602 1.0 -0.264002216892 -0.0918421655974 
-8.77877877878 1.0 -0.601996584369 -0.317485616828 
7.7977977978 1.0 0.998422103411 0.409828401156 
-0.670670670671 1.0 -0.62151153354 -0.520740959595 
0.950950950951 1.0 0.813968289004 0.807802411965 
-8.11811811812 1.0 -0.965318303844 -0.294957336135 
-9.57957957958 1.0 0.154184093352 -0.337127922169 
7.25725725726 1.0 0.827180739833 0.399284760945 
-4.75475475475 1.0 0.999102704803 -0.0631088803099 
-2.77277277277 1.0 -0.360514923027 -0.218478095508 
3.17317317317 1.0 -0.0315752704827 -0.0925004549966 
-2.49249249249 1.0 -0.604469813648 -0.316143040671 
-3.31331331331 1.0 0.170877953796 -0.0879558034695 
-3.77377377377 1.0 0.590905760288 -0.0400800464022 
-5.73573573574 1.0 0.520511228445 -0.144767540136 
-3.89389389389 1.0 0.683320745574 -0.0355501173264 
-5.33533533534 1.0 0.812162990678 -0.110098119422 
-9.45945945946 1.0 0.034674546587 -0.334626157003 
-5.41541541542 1.0 0.762889004574 -0.117043814956 
-7.67767767768 1.0 -0.984498672401 -0.275929896714 
-3.93393393393 1.0 0.711999223182 -0.0346509242397 
-9.17917917918 1.0 -0.243137181641 -0.328213144282 
9.71971971972 1.0 -0.290684124469 0.0575212791263 
-7.8978978979 1.0 -0.999035835857 -0.285884501416 
1.51151151151 1.0 0.998243169988 0.999853618113 
-8.27827827828 1.0 -0.911328515751 -0.301036139575 
6.87687687688 1.0 0.559424700424 0.326306846369 
4.45445445445 1.0 -0.966918909573 -0.963673091484 
-0.01001001001 1.0 -0.0100098428432 -0.0143901015504 
-1.11111111111 1.0 -0.89619220103 -0.663496814044 
-3.99399399399 1.0 0.752863081707 -0.0338330660985 
-4.09409409409 1.0 0.81486800406 -0.0337861540921 
0.0500500500501 1.0 0.0500291567086 0.0422041291929 
7.15715715716 1.0 0.766884055736 0.386094631353 
-2.93293293293 1.0 -0.207148878373 -0.171129100484 
-6.93693693694 1.0 -0.608168751487 -0.235268575139 
7.57757757758 1.0 0.96204298189 0.416585137866 
4.33433433433 1.0 -0.929384449502 -0.956527833679 
-6.21621621622 1.0 0.066919044364 -0.184303047569 
8.57857857858 1.0 0.748766641479 0.304859856138 
8.0980980981 1.0 0.970351253498 0.38167502109 
1.53153153153 1.0 0.999229236959 1.00106692525 
8.998998999 1.0 0.413030320922 0.218820322803 
6.41641641642 1.0 0.132837305145 0.146538141435 
-6.61661661662 1.0 -0.327287278425 -0.214004315939 
7.67767767768 1.0 0.984498672401 0.415177230912 
6.996996997 1.0 0.654719669029 0.356245774397 
5.05505505506 1.0 -0.941862214566 -0.770953617688 
-3.03303303303 1.0 -0.108346513523 -0.145170969394 
-5.63563563564 1.0 0.603233924101 -0.136159096948 
-6.6966966967 1.0 -0.401827232414 -0.219533108873 
-8.43843843844 1.0 -0.834011915114 -0.306703549666 
-0.33033033033 1.0 -0.32435551719 -0.294312038924 
-7.01701701702 1.0 -0.669720024621 -0.240229855074 
5.87587587588 1.0 -0.396140311588 -0.18963122907 
-5.57557557558 1.0 0.650019222236 -0.130960376432 
-4.49449449449 1.0 0.976354771373 -0.0467643584852 
0.570570570571 1.0 0.540112324789 0.526977649112 
8.11811811812 1.0 0.965318303844 0.379155625045 
9.25925925926 1.0 0.164763965562 0.161302970155 
-5.01501501502 1.0 0.954557149695 -0.0830471969892 
-4.01401401401 1.0 0.765888052358 -0.0336960191714 
-4.31431431431 1.0 0.921809046742 -0.0386714080225 
9.83983983984 1.0 -0.403246556161 0.0307097585716 
1.77177177177 1.0 0.979872320608 0.98441672134 
-3.83383383383 1.0 0.63826408348 -0.0374601157047 
4.41441441441 1.0 -0.955933085822 -0.96320559501 
-6.63663663664 1.0 -0.346137843492 -0.215399729026 
-8.5985985986 1.0 -0.735347535638 -0.31198264088 
-0.810810810811 1.0 -0.724845989014 -0.585467566269 
-2.33233233233 1.0 -0.723776968945 -0.37779096793 
3.37337337337 1.0 -0.229710988177 -0.313084448891 
4.69469469469 1.0 -0.999843460211 -0.928367674959 
5.01501501502 1.0 -0.954557149695 -0.793488486533 
-6.996996997 1.0 -0.654719669029 -0.239002785412 
2.39239239239 1.0 0.681053382124 0.684897247102 
-3.53353353353 1.0 0.381982835353 -0.0584680060946 
-4.73473473473 1.0 0.99975034402 -0.0616996153135 
-6.81681681682 1.0 -0.508663293061 -0.227560742893 
-1.69169169169 1.0 -0.992701051804 -0.608710686956 
5.03503503504 1.0 -0.948399735659 -0.782353992983 
3.03303303303 1.0 0.108346513523 0.0640897781275 
-4.61461461461 1.0 0.995223893414 -0.0537356234524 
5.75575575576 1.0 -0.503313872361 -0.277289711274 
-3.97397397397 1.0 0.739536372707 -0.0340369021497 
1.67167167167 1.0 0.994916395419 0.998341660887 
-7.45745745746 1.0 -0.922408976872 -0.265035973946 
5.07507507508 1.0 -0.934947206573 -0.759296554113 
6.13613613614 1.0 -0.146519791772 -0.0132280738818 
-7.15715715716 1.0 -0.766884055736 -0.248573676634 
6.97697697698 1.0 0.639456909771 0.351718231061 
3.89389389389 1.0 -0.683320745574 -0.780354294042 
-4.25425425425 1.0 0.896879023055 -0.0367310287733 
7.27727727728 1.0 0.838264195546 0.401446288487 
1.69169169169 1.0 0.992701051804 0.996352416335 
9.0990990991 1.0 0.319952035985 0.196934125185 
-4.91491491491 1.0 0.979561626072 -0.0750698030782 
-3.69369369369 1.0 0.524477262156 -0.0447483071248 
-1.57157157157 1.0 -0.999999699498 -0.637931103057 
3.11311311311 1.0 0.0284756907485 -0.0252607486088 
9.51951951952 1.0 -0.094599889559 0.102619171817 
-3.57357357357 1.0 0.41867057176 -0.0544615578744 
-1.15115115115 1.0 -0.91323356617 -0.667794981502 
-4.15415415415 1.0 0.848191426515 -0.0344832593265 
-7.1971971972 1.0 -0.791959659904 -0.250879276292 
5.995995996 1.0 -0.2832577738 -0.105446349092 
8.35835835836 1.0 0.875475849797 0.343879578957 
0.01001001001 1.0 0.0100098428432 0.00438958671714 
8.85885885886 1.0 0.536191852752 0.248739358301 
-5.61561561562 1.0 0.61907922661 -0.134428443001 
1.07107107107 1.0 0.877714248189 0.873597358205 
-1.47147147147 1.0 -0.995071340501 -0.656173873766 
1.99199199199 1.0 0.912600742763 0.919201913788 
9.43943943944 1.0 -0.0146609534063 0.120714638351 
-6.5965965966 1.0 -0.308305540605 -0.212600127145 
-7.7977977978 1.0 -0.998422103411 -0.28147253449 
3.33333333333 1.0 -0.190567962875 -0.269808614016 
-0.850850850851 1.0 -0.75184168035 -0.600653433701 
6.73673673674 1.0 0.438160658811 0.282709448208 
-1.23123123123 1.0 -0.942899611382 -0.67233091897 
2.61261261261 1.0 0.504653050544 0.499036739609 
-7.3973973974 1.0 -0.897563688968 -0.261894823284 
-0.510510510511 1.0 -0.488622728493 -0.425566276867 
1.55155155155 1.0 0.999814825028 1.00187947542 
-9.5995995996 1.0 0.173932497848 -0.337531345691 
-9.35935935936 1.0 -0.0653719505576 -0.332431221746 
8.51851851852 1.0 0.787202470352 0.316025793221 
2.59259259259 1.0 0.521834495241 0.517390863415 
6.67667667668 1.0 0.38341529066 0.261076752575 
2.03203203203 1.0 0.895503224543 0.902336671522 
7.01701701702 1.0 0.669720024621 0.360592175959 
1.59159159159 1.0 0.999783786273 1.00230208541 
-8.81881881882 1.0 -0.569550710787 -0.318648815637 
7.75775775776 1.0 0.995374053792 0.412030474352 
6.63663663664 1.0 0.346137843492 0.245657373264 
-4.07407407407 1.0 0.803100948886 -0.033670804179 
-2.79279279279 1.0 -0.341770182763 -0.212185379989 
-7.55755755756 1.0 -0.956387136503 -0.270107703571 
-7.35735735736 1.0 -0.879195966573 -0.259759238238 
-5.21521521522 1.0 0.87622408965 -0.0997679678042 
5.83583583584 1.0 -0.432577348176 -0.218531766845 
-9.13913913914 1.0 -0.281770446506 -0.327226985577 
4.85485485485 1.0 -0.989868890237 -0.871918818443 
-2.61261261261 1.0 -0.504653050544 -0.272295622249 
0.810810810811 1.0 0.724845989014 0.716042936915 
-1.49149149149 1.0 -0.996857019318 -0.653013821421 
-3.25325325325 1.0 0.111428711879 -0.0983070975879 
-3.59359359359 1.0 0.436766402789 -0.0526059364569 
8.47847847848 1.0 0.811257411747 0.323264174938 
-1.91191191191 1.0 -0.942382045726 -0.539099011452 
9.53953953954 1.0 -0.114509838728 0.0980965272221 
-0.45045045045 1.0 -0.435371096772 -0.384458525397 
-2.29229229229 1.0 -0.750818471552 -0.393535893299 
-3.19319319319 1.0 0.0515776439174 -0.109690189422 
-7.37737737738 1.0 -0.888557889358 -0.260831202433 
6.15615615616 1.0 -0.126687794244 -0.00066752817826 
-8.0980980981 1.0 -0.970351253498 -0.29416740053 
1.43143143143 1.0 0.99030442098 0.990998498367 
-8.93893893894 1.0 -0.466950456861 -0.322013914724 
-2.87287287287 1.0 -0.265497380359 -0.188068402448 
-0.47047047047 1.0 -0.453305691794 -0.398470866595 
-5.3953953954 1.0 0.775678794758 -0.11530490204 
1.01101101101 1.0 0.84736912878 0.842258101319 
0.630630630631 1.0 0.589654207656 0.577484993578 
8.55855855856 1.0 0.761885650774 0.308621302379 
-5.03503503504 1.0 0.948399735659 -0.084678958446 
0.41041041041 1.0 0.398985690337 0.38421152238 
4.29429429429 1.0 -0.913864194148 -0.950274464931 
8.63863863864 1.0 0.707630665292 0.293353098925 
8.71871871872 1.0 0.648840196822 0.27753482951 
-3.07307307307 1.0 -0.0684659772958 -0.135599146654 
-5.65565565566 1.0 0.587146852786 -0.137887118646 
-6.0960960961 1.0 0.185999691898 -0.174767738451 
-8.25825825826 1.0 -0.919387180273 -0.300299263749 
2.87287287287 1.0 0.265497380359 0.238771747468 
-9.4994994995 1.0 0.0746520259067 -0.335475775496 
-2.51251251251 1.0 -0.588401237484 -0.308662725404 
7.03703703704 1.0 0.684451964588 0.364759153216 
-2.21221221221 1.0 -0.801249393857 -0.425139836205 
1.17117117117 1.0 0.921206900567 0.918606205363 
2.07207207207 1.0 0.876970223046 0.88396334045 
1.03103103103 1.0 0.857829327634 0.853056680764 
-8.01801801802 1.0 -0.986576173517 -0.290938829513 
-9.33933933934 1.0 -0.0853347124856 -0.33197980045 
3.43343343343 1.0 -0.28771565565 -0.376759991733 
3.05305305305 1.0 0.0884239650333 0.0418232367722 
1.27127127127 1.0 0.955476737061 0.954231943582 
-3.05305305305 1.0 -0.0884239650333 -0.140326685145 
-0.37037037037 1.0 -0.361960713579 -0.325468449894 
0.590590590591 1.0 0.556851671602 0.544023866166 
4.35435435435 1.0 -0.936587366299 -0.958922445496 
5.27527527528 1.0 -0.845718424022 -0.630672004788 
0.510510510511 1.0 0.488622728493 0.474681247299 
6.23623623624 1.0 -0.046931825201 0.0478907462904 
-1.67167167167 1.0 -0.994916395419 -0.614079457016 
-6.31631631632 1.0 -0.0331249483513 -0.19203883765 
0.33033033033 1.0 0.32435551719 0.309550535664 
-4.85485485485 1.0 0.989868890237 -0.0704535737136 
8.2982982983 1.0 0.902904601864 0.353501752164 
2.77277277277 1.0 0.360514923027 0.343156530442 
-1.01101101101 1.0 -0.84736912878 -0.646599595377 
-4.27427427427 1.0 0.905553075921 -0.0373311612389 
-0.610610610611 1.0 -0.573367839051 -0.487612944557 
-8.03803803804 1.0 -0.983109384216 -0.291756387447 
-4.99499499499 1.0 0.960331988856 -0.0814266381505 
-6.73673673674 1.0 -0.438160658811 -0.222244483308 
7.37737737738 1.0 0.888557889358 0.409986598367 
-1.29129129129 1.0 -0.961192106815 -0.672316323554 
-2.03203203203 1.0 -0.895503224543 -0.495113980275 
3.45345345345 1.0 -0.306830209454 -0.397600355102 
-8.05805805806 1.0 -0.979248576653 -0.292566971656 
4.87487487487 1.0 -0.986828185163 -0.863231370085 
3.63363363363 1.0 -0.472425730458 -0.573946681831 
-4.47447447447 1.0 0.971831589603 -0.0457145626609 
-7.93793793794 1.0 -0.996477739177 -0.287597955192 
4.93493493493 1.0 -0.975338684403 -0.835186682934 
-7.41741741742 1.0 -0.906209755988 -0.26295013527 
-5.23523523524 1.0 0.866401418913 -0.101478896204 
-9.67967967968 1.0 0.252150304413 -0.339107582815 
-8.45845845846 1.0 -0.822799547447 -0.307384203007 
5.41541541542 1.0 -0.762889004574 -0.530990629284 
-9.43943943944 1.0 0.0146609534063 -0.334195341432 
2.19219219219 1.0 0.813066617154 0.81995898325 
-2.55255255255 1.0 -0.555563147622 -0.293898089397 
-2.65265265265 1.0 -0.469690351946 -0.258295927 
5.91591591592 1.0 -0.359068265792 -0.161118609727 
4.49449449449 1.0 -0.976354771373 -0.962263194071 
-9.1991991992 1.0 -0.223670498102 -0.328699418039 
8.7987987988 1.0 0.585891056576 0.261237171416 
0.25025025025 1.0 0.247646422081 0.233558767134 
-0.25025025025 1.0 -0.247646422081 -0.228999549153 
-2.89289289289 1.0 -0.246143932464 -0.182310429124 
-4.21421421421 1.0 0.878456163293 -0.0356773077369 
-7.11711711712 1.0 -0.740579143612 -0.246233403764 
2.11211211211 1.0 0.857031446499 0.864097636658 
6.45645645646 1.0 0.172405433055 0.166351127731 
0.690690690691 1.0 0.637069722791 0.625973069208 
-1.37137137137 1.0 -0.980180659514 -0.667993948973 
1.37137137137 1.0 0.980180659514 0.980170947529 
3.81381381381 1.0 -0.622725447279 -0.724016930136 
9.87987987988 1.0 -0.439553861488 0.0218339347288 
0.27027027027 1.0 0.266991905564 0.252645053694 
7.2972972973 1.0 0.849011685183 0.403453838219 
8.5985985986 1.0 0.735347535638 0.301060553296 
-6.75675675676 1.0 -0.456067581459 -0.223586870285 
-6.85685685686 1.0 -0.542719485852 -0.230165552503 
8.6986986987 1.0 0.66394288333 0.281537023711 
7.13713713714 1.0 0.753882673169 0.382965797188 
3.29329329329 1.0 -0.151119458915 -0.226001291399 
1.85185185185 1.0 0.960763202681 0.966156174193 
-7.21721721722 1.0 -0.804023831509 -0.252019136447 
5.71571571572 1.0 -0.537499969971 -0.307036616573 
6.71671671672 1.0 0.42007812671 0.275697330138 
-5.25525525526 1.0 0.856231505045 -0.103194766846 
-7.85785785786 1.0 -0.999992487454 -0.284141892003 
4.57457457457 1.0 -0.990518615549 -0.953949098031 
2.97297297297 1.0 0.167821766571 0.130431403832 
-6.37637637638 1.0 -0.0930562402792 -0.196583811456 
-9.3993993994 1.0 -0.0253758371902 -0.333321523529 
-5.995995996 1.0 0.2832577738 -0.166626898049 
-9.63963963964 1.0 0.213212289782 -0.338326890086 
-2.69269269269 1.0 -0.433974744115 -0.244645869144 
-0.15015015015 1.0 -0.149586594914 -0.142471431271 
-2.67267267267 1.0 -0.451923110669 -0.251425799189 
4.39439439439 1.0 -0.949864345085 -0.96225862674 
6.1961961962 1.0 -0.0868794431893 0.0239549486379 
-8.35835835836 1.0 -0.875475849797 -0.303919818783 
-1.03103103103 1.0 -0.857829327634 -0.650694152827 
-2.25225225225 1.0 -0.776656419186 -0.409333453677 
0.43043043043 1.0 0.417262010319 0.402592224468 
-8.998998999 1.0 -0.413030320922 -0.323628469946 
2.17217217217 1.0 0.824557973258 0.831538678456 
-8.31831831832 1.0 -0.894118814814 -0.302490653354 
-8.95895895896 1.0 -0.449154692451 -0.322557041535 
-2.43243243243 1.0 -0.651196684992 -0.33892843435 
2.09209209209 1.0 0.867174611281 0.874216000512 
4.95495495495 1.0 -0.970724838874 -0.825205966877 
1.41141141141 1.0 0.987325090799 0.987786736308 
-3.67367367367 1.0 0.507327764109 -0.046135187663 
2.41241241241 1.0 0.666258547712 0.66953739364 
2.71271271271 1.0 0.415852445773 0.403385449017 
-9.47947947948 1.0 0.054674242632 -0.335052956829 
-4.03403403403 1.0 0.778606064409 -0.033624275797 
6.91691691692 1.0 0.592155892373 0.337032321459 
6.77677677678 1.0 0.473791717778 0.296140977559 
-0.21021021021 1.0 -0.208665487323 -0.194983954161 
0.49049049049 1.0 0.471058607419 0.456893261072 
7.35735735736 1.0 0.879195966573 0.40857376702 
0.45045045045 1.0 0.435371096772 0.420839215648 
4.63463463463 1.0 -0.996978653508 -0.94306447495 
-5.17517517518 1.0 0.894812095251 -0.0963629509286 
-4.37437437437 1.0 0.943414910292 -0.0410125568367 
9.85985985986 1.0 -0.421484671785 0.0262675661294 
4.53453453453 1.0 -0.984225545624 -0.959009294021 
-2.71271271271 1.0 -0.415852445773 -0.2379587433 
-2.75275275275 1.0 -0.379115173303 -0.2248726088 
-5.2952952953 1.0 0.834866389361 -0.106639399232 
7.5975975976 1.0 0.967313252172 0.416539084919 
-2.57257257257 1.0 -0.53880679503 -0.286621182251 
8.15815815816 1.0 0.9540939133 0.373907007217 
7.91791791792 1.0 0.997956771974 0.400896489328 
-4.93493493493 1.0 0.975338684403 -0.0766388250108 
-4.19419419419 1.0 0.868714740054 -0.0352263931897 
4.89489489489 1.0 -0.983391971377 -0.854207935741 
1.95195195195 1.0 0.928235370545 0.934544624036 
-1.09109109109 1.0 -0.887131000257 -0.660826821856 
6.61661661662 1.0 0.327287278425 0.237647151503 
7.97797797798 1.0 0.992322298019 0.395216580484 
9.57957957958 1.0 -0.154184093352 0.0890563799065 
5.85585585586 1.0 -0.41444188151 -0.204036127822 
-5.83583583584 1.0 0.432577348176 -0.153278479032 
0.17017017017 1.0 0.169350063744 0.156908208004 
0.0700700700701 1.0 0.0700127456343 0.0612173509913 
-0.970970970971 1.0 -0.825434213842 -0.637320681522 
3.61361361361 1.0 -0.454687183165 -0.555500115817 
-1.85185185185 1.0 -0.960763202681 -0.559750183774 
-9.83983983984 1.0 0.403246556161 -0.342086961326 
2.35235235235 1.0 0.709818357066 0.714635045283 
2.25225225225 1.0 0.776656419186 0.78307598727 
-8.1981981982 1.0 -0.941340119153 -0.298049615359 
5.31531531532 1.0 -0.823679750423 -0.602811397754 
4.43443443443 1.0 -0.961618700226 -0.963675929487 
-7.13713713714 1.0 -0.753882673169 -0.24740788637 
-4.35435435435 1.0 0.936587366299 -0.0401897455945 
-4.81481481481 1.0 0.994759058541 -0.0674593628272 
-5.67567567568 1.0 0.570824460166 -0.139612234577 
9.03903903904 1.0 0.376243865658 0.21010976512 
-6.67667667668 1.0 -0.38341529066 -0.218164143536 
5.17517517518 1.0 -0.894812095251 -0.697487260536 
-9.65965965966 1.0 0.232727934358 -0.338719076635 
-1.63163163163 1.0 -0.998150103477 -0.624239221831 
-3.37337337337 1.0 0.229710988177 -0.0786171285673 
9.33933933934 1.0 0.0853347124856 0.143303201443 
-7.51751751752 1.0 -0.943927941216 -0.268103315211 
4.55455455455 1.0 -0.987569983594 -0.956702464135 
-5.07507507508 1.0 0.934947206573 -0.0879735380446 
4.21421421421 1.0 -0.878456163293 -0.931869978685 
5.35535535536 1.0 -0.800320725902 -0.574417067384 
7.05705705706 1.0 0.698909584547 0.368748469012 
9.11911911912 1.0 0.30092154409 0.192516166139 
6.25625625626 1.0 -0.0269257963344 0.0595936418711 
-6.2962962963 1.0 -0.0131106134944 -0.190507565582 
7.21721721722 1.0 0.804023831509 0.394491400229 
-2.91291291291 1.0 -0.226691833081 -0.17666362574 
5.63563563564 1.0 -0.603233924101 -0.366970054189 
5.8958958959 1.0 -0.377679973455 -0.175323356008 
-5.55555555556 1.0 0.665101514979 -0.12922355541 
-5.81581581582 1.0 0.450539443112 -0.151585464527 
5.33533533534 1.0 -0.812162990678 -0.588676192825 
5.5955955956 1.0 -0.634676409709 -0.397030668871 
-5.93593593594 1.0 0.340312647942 -0.161664696161 
-9.6996996997 1.0 0.271471615699 -0.339492440883 
-7.61761761762 1.0 -0.972195835089 -0.273054305841 
-3.39339339339 1.0 0.249148316352 -0.0757252213391 
3.79379379379 1.0 -0.606937230307 -0.7088789499 
1.83183183183 1.0 0.96612325186 0.971310744846 
-3.73373373373 1.0 0.558138856901 -0.0422413004294 
5.1951951952 1.0 -0.885695580449 -0.684486603106 
-8.47847847848 1.0 -0.811257411747 -0.30805883412 
5.65565565566 1.0 -0.587146852786 -0.351951142098 
-7.27727727728 1.0 -0.838264195546 -0.255387284036 
-2.45245245245 1.0 -0.635873830576 -0.331280037611 
-6.91691691692 1.0 -0.592155892373 -0.234006131134 
-9.97997997998 1.0 0.527114985665 -0.344514918071 
-9.7997997998 1.0 0.366292850383 -0.341363122367 
8.17817817818 1.0 0.947906971008 0.371181048839 
4.05405405405 1.0 -0.791012020637 -0.871439851835 
-7.87787787788 1.0 -0.99971449835 -0.285016863439 
9.91991991992 1.0 -0.475156566095 0.0129938017309 
1.25125125125 1.0 0.949378423874 0.94787362442 
-1.87187187187 1.0 -0.955018091318 -0.552984256505 
1.73173173173 1.0 0.987077824457 0.991178830704 
-9.15915915916 1.0 -0.26250641876 -0.327722346145 
-5.47547547548 1.0 0.722706208904 -0.122265025862 
-2.13213213213 1.0 -0.846544793956 -0.456594644261 
9.7997997998 1.0 -0.366292850383 0.0396183306339 
-1.89189189189 1.0 -0.948890220341 -0.546098207064 
-1.41141141141 1.0 -0.987325090799 -0.664086487779 
4.99499499499 1.0 -0.960331988856 -0.804347983605 
-1.19119119119 1.0 -0.928811026462 -0.670728798307 
-2.19219219219 1.0 -0.813066617154 -0.433032132788 
4.27427427427 1.0 -0.905553075921 -0.94641225467 
-6.51651651652 1.0 -0.231219739195 -0.206896141881 
-7.65765765766 1.0 -0.980790267476 -0.274979188341 
1.79179179179 1.0 0.975679725882 0.980442115318 
-0.790790790791 1.0 -0.710909644644 -0.577319437381 
-0.710710710711 1.0 -0.65237258226 -0.541052477795 
9.47947947948 1.0 -0.054674242632 0.111667003616 
5.47547547548 1.0 -0.722706208904 -0.486786796404 
-7.23723723724 1.0 -0.81576576016 -0.253150405703 
-1.43143143143 1.0 -0.99030442098 -0.66171642018 
-7.43743743744 1.0 -0.914492625181 -0.263997173552 
9.21921921922 1.0 0.204114170152 0.170265100156 
1.31131131131 1.0 0.966522242485 0.965783257523 
7.61761761762 1.0 0.972195835089 0.416373177211 
0.19019019019 1.0 0.189045659132 0.176095185922 
7.41741741742 1.0 0.906209755988 0.412384382407 
9.65965965966 1.0 -0.232727934358 0.0710105716756 
3.27327327327 1.0 -0.131300397197 -0.203933047335 
-0.630630630631 1.0 -0.589654207656 -0.499005813967 
6.21621621622 1.0 -0.066919044364 0.0360102282884 
1.97197197197 1.0 0.920602539794 0.927064440712 
0.550550550551 1.0 0.523156507537 0.509732538972 
0.0900900900901 1.0 0.0899682743046 0.0802867325076 
3.83383383383 1.0 -0.63826408348 -0.738741106416 
2.79279279279 1.0 0.341770182763 0.322655808173 
-1.27127127127 1.0 -0.955476737061 -0.672637161124 
4.07407407407 1.0 -0.803100948886 -0.880702148953 
0.770770770771 1.0 0.69668837635 0.687111732186 
4.75475475475 1.0 -0.999102704803 -0.910033541249 
-8.63863863864 1.0 -0.707630665292 -0.313244403832 
-5.1951951952 1.0 0.885695580449 -0.0980624816584 
4.71471471471 1.0 -0.999997295481 -0.922651331483 
-0.35035035035 1.0 -0.343226895963 -0.310022220649 
-9.27927927928 1.0 -0.144985860003 -0.330600022407 
-9.91991991992 1.0 0.475156566095 -0.343494098983 
-1.51151151151 1.0 -0.998243169988 -0.649603030151 
-6.01601601602 1.0 0.264002216892 -0.16826839888 
8.53853853854 1.0 0.774699305584 0.312343688715 
-1.21121121121 1.0 -0.936042896216 -0.671694153217 
-6.43643643644 1.0 -0.152651959622 -0.201054188261 
-6.17617617618 1.0 0.106805021793 -0.181154310786 
2.63263263263 1.0 0.487269347053 0.480414679125 
-0.27027027027 1.0 -0.266991905564 -0.24568108343 
9.8998998999 1.0 -0.45744688336 0.0174092280638 
-0.930930930931 1.0 -0.802176135594 -0.626576411266 
-6.41641641642 1.0 -0.132837305145 -0.199572447958 
-3.43343343343 1.0 0.28771565565 -0.0702669438154 
5.73573573574 1.0 -0.520511228445 -0.292138506756 
2.37237237237 1.0 0.695575258639 0.699931137967 
8.65865865866 1.0 0.693344009372 0.289447262431 
-1.83183183183 1.0 -0.96612325186 -0.566388988643 
8.43843843844 1.0 0.834011915114 0.33032629345 
4.51451451451 1.0 -0.980486642048 -0.960864486122 
-3.35335335335 1.0 0.210181594637 -0.081618902715 
-7.53753753754 1.0 -0.950347982805 -0.269109534357 
-8.85885885886 1.0 -0.536191852752 -0.319791043709 
2.69269269269 1.0 0.433974744115 0.423009388258 
9.45945945946 1.0 -0.034674546587 0.116191119951 
0.750750750751 1.0 0.682187883844 0.672225956549 
9.17917917918 1.0 0.243137181641 0.179194823701 
-5.11511511512 1.0 0.919995965877 -0.0913054248369 
7.0970970971 1.0 0.726978798959 0.376201376597 
3.73373373373 1.0 -0.558138856901 -0.661066556017 
0.710710710711 1.0 0.65237258226 0.641649285165 
7.17717717718 1.0 0.779578080518 0.389057171903 
-5.51551551552 1.0 0.694460468753 -0.12574588661 
9.13913913914 1.0 0.281770446506 0.188086461219 
6.31631631632 1.0 0.0331249483513 0.093610707736 
5.81581581582 1.0 -0.450539443112 -0.233111678846 
9.95995995996 1.0 -0.509997599178 0.00419217262176 
-0.0500500500501 1.0 -0.0500291567086 -0.0516405760032 
-8.21821821822 1.0 -0.934395989648 -0.298806047125 
-6.71671671672 1.0 -0.42007812671 -0.220893226188 
-3.21321321321 1.0 0.0715593456609 -0.105780223957 
5.95595595596 1.0 -0.32142063693 -0.133041967468 
6.8968968969 1.0 0.575905704393 0.331764053043 
-5.71571571572 1.0 0.537499969971 -0.143052697765 
-8.17817817818 1.0 -0.947906971008 -0.297286573928 
-0.570570570571 1.0 -0.540112324789 -0.463796694253 
-6.95695695696 1.0 -0.623937863975 -0.236522158247 
2.45245245245 1.0 0.635873830576 0.637856808652 
-3.75375375375 1.0 0.574637462441 -0.0411182032452 
-9.11911911912 1.0 -0.30092154409 -0.326727024297 
6.95695695696 1.0 0.623937863975 0.347007876935 
7.07707707708 1.0 0.713087090062 0.372561928575 
4.37437437437 1.0 -0.943414910292 -0.96083186229 
1.91191191191 1.0 0.942382045726 0.948351553315 
3.97397397397 1.0 -0.739536372707 -0.829615022597 
7.45745745746 1.0 0.922408976872 0.414225972318 
9.97997997998 1.0 -0.527114985665 -0.000193358457251 
0.530530530531 1.0 0.505991015532 0.492297398068 
2.01201201201 1.0 0.904233186475 0.910958735247 
6.85685685686 1.0 0.542719485852 0.32065932338 
-7.2972972973 1.0 -0.849011685183 -0.256492951681 
-4.95495495495 1.0 0.970724838874 -0.0782217717258 
-0.29029029029 1.0 -0.286230381945 -0.262132905045 
2.43243243243 1.0 0.651196684992 0.653855782168 
-1.97197197197 1.0 -0.920602539794 -0.517491827783 
4.65465465465 1.0 -0.998333836705 -0.938580832116 
6.81681681682 1.0 0.508663293061 0.308788161962 
6.0960960961 1.0 -0.185999691898 -0.0388297313968 
3.21321321321 1.0 -0.0715593456609 -0.137236576431 
5.93593593594 1.0 -0.340312647942 -0.147022904812 
8.61861861862 1.0 0.721633711464 0.297224578702 
6.11611611612 1.0 -0.166293065952 -0.0259500750773 
9.55955955956 1.0 -0.13437389375 0.0935754267169 
0.910910910911 1.0 0.790062479764 0.783163644747 
-9.73973973974 1.0 0.309780130585 -0.340251340556 
1.33133133133 1.0 0.971465007816 0.970972626964 
4.13413413413 1.0 -0.837417761709 -0.905574914903 
8.31831831832 1.0 0.894118814814 0.350348878619 
-6.05605605606 1.0 0.225181436261 -0.171531671806 
4.25425425425 1.0 -0.896879023055 -0.942057956746 
-0.03003003003 1.0 -0.0300255167065 -0.033070386003 
7.53753753754 1.0 0.950347982805 0.416309245316 
6.6966966967 1.0 0.401827232414 0.268486641364 
-1.65165165165 1.0 -0.996732988666 -0.619257945272 
1.13113113113 1.0 0.904894218889 0.90170780018 
8.8988988989 1.0 0.501973484202 0.240291522209 
-0.910910910911 1.0 -0.790062479764 -0.620651217771 
1.19119119119 1.0 0.928811026462 0.926493343176 
5.4954954955 1.0 -0.708725363073 -0.471922424445 
8.41841841842 1.0 0.844890020967 0.333787996714 
2.49249249249 1.0 0.604469813648 0.604925362782 
9.73973973974 1.0 -0.309780130585 0.0530358259019 
-9.75975975976 1.0 0.328751980598 -0.340625445519 
-8.91891891892 1.0 -0.484559073218 -0.321465792303 
-7.997997998 1.0 -0.989647555109 -0.290114252525 
0.47047047047 1.0 0.453305691794 0.438942762042 
-0.590590590591 1.0 -0.556851671602 -0.475875120727 
-8.57857857858 1.0 -0.748766641479 -0.311343211696 
-7.77777777778 1.0 -0.997097890944 -0.280567787773 
-0.750750750751 1.0 -0.682187883844 -0.55991771493 
-1.25125125125 1.0 -0.949378423874 -0.67264366962 
-2.39239239239 1.0 -0.681053382124 -0.354363243208 
-7.03703703704 1.0 -0.684451964588 -0.241448114949 
8.83883883884 1.0 0.552982096013 0.252929449591 
9.31931931932 1.0 0.105263273301 0.147810939872 
-7.5975975976 1.0 -0.967313252172 -0.272080049425 
-9.61961961962 1.0 0.193611192318 -0.337930990678 
4.01401401401 1.0 -0.765888052358 -0.851475253197 
6.03603603604 1.0 -0.244640851113 -0.0783737429679 
-9.2992992993 1.0 -0.125149645879 -0.331064237115 
9.05905905906 1.0 0.357620745349 0.20573171463 
-1.07107107107 1.0 -0.877714248189 -0.657805059202 
-2.99299299299 1.0 -0.148053371305 -0.155208445147 
2.83283283283 1.0 0.303877337824 0.281071077649 
8.01801801802 1.0 0.986576173517 0.391014152038 
6.53653653654 1.0 0.250649611665 0.2035995516 
2.65265265265 1.0 0.469690351946 0.461531398719 
3.31331331331 1.0 -0.170877953796 -0.247964447673 
-9.37937937938 1.0 -0.0453829883483 -0.332878450854 
-8.83883883884 1.0 -0.552982096013 -0.319222530156 
5.43543543544 1.0 -0.749793457774 -0.516330039476 
5.77577577578 1.0 -0.485914794209 -0.262497559982 
-5.05505505506 1.0 0.941862214566 -0.0863212809401 
-2.85285285285 1.0 -0.284744420138 -0.193936311816 
5.6956956957 1.0 -0.554273288059 -0.321976549667 
-5.87587587588 1.0 0.396140311588 -0.156649303601 
7.93793793794 1.0 0.996477739177 0.399088763315 
2.75275275275 1.0 0.379115173303 0.363450778527 
-4.69469469469 1.0 0.999843460211 -0.0589476516217 
-6.7967967968 1.0 -0.491325964149 -0.226245004753 
8.4984984985 1.0 0.799390133963 0.319666375184 
6.43643643644 1.0 0.152651959622 0.156542951803 
7.73773773774 1.0 0.993251282848 0.41297734716 
-5.45545545546 1.0 0.736397402892 -0.120524252137 
0.730730730731 1.0 0.667413978747 0.657069393286 
6.51651651652 1.0 0.231219739195 0.194586516114 
-4.67467467467 1.0 0.999288899866 -0.0576067566137 
4.23423423423 1.0 -0.887845512006 -0.937210702515 
6.07607607608 1.0 -0.205631771434 -0.0518630504862 
0.610610610611 1.0 0.573367839051 0.560862491251 
5.61561561562 1.0 -0.61907922661 -0.381999305123 
-2.27227227227 1.0 -0.763890524376 -0.401430787509 
3.19319319319 1.0 -0.0515776439174 -0.114886555762 
-7.47747747748 1.0 -0.929955638285 -0.266066572897 
-5.31531531532 1.0 0.823679750423 -0.108367224701 
9.81981981982 1.0 -0.384846824231 0.0351601401499 
-2.53253253253 1.0 -0.572096837274 -0.301246481633 
-3.85385385385 1.0 0.653546911213 -0.0367465956045 
-4.41441441441 1.0 0.955933085822 -0.0427793367428 
-2.47247247247 1.0 -0.620296125676 -0.32368350162 
-8.13813813814 1.0 -0.959898466376 -0.295740479871 
-2.01201201201 1.0 -0.904233186475 -0.502647608329 
3.23323323323 1.0 -0.0915123672906 -0.159536846103 
1.75175175175 1.0 0.983672194447 0.987995931557 
-2.05205205205 1.0 -0.886414355831 -0.487514898591 
4.17417417417 1.0 -0.858625146533 -0.919707884428 
0.31031031031 1.0 0.305354140677 0.290651450864 
1.29129129129 1.0 0.961192106815 0.960202453185 
-0.950950950951 1.0 -0.813968289004 -0.632132497899 
-5.35535535536 1.0 0.800320725902 -0.111831645799 
-9.21921921922 1.0 -0.204114170152 -0.329181205245 
-8.07807807808 1.0 -0.974995298193 -0.293370627534 
-6.11611611612 1.0 0.166293065952 -0.176375251729 
2.93293293293 1.0 0.207148878373 0.174158554786 
7.71771771772 1.0 0.990730428893 0.413818778854 
2.85285285285 1.0 0.284744420138 0.260005860065 
7.63763763764 1.0 0.976688773762 0.416089510874 
-0.43043043043 1.0 -0.417262010319 -0.370145098509 
3.95395395395 1.0 -0.725913266541 -0.817984726288 
7.8978978979 1.0 0.999035835857 0.402616186884 
7.85785785786 1.0 0.999992487454 0.405784027132 
4.83483483483 1.0 -0.99251286792 -0.880262055643 
5.53553553554 1.0 -0.679917243139 -0.442053245537 
-9.01901901902 1.0 -0.39471619201 -0.324156851826 
4.03403403403 1.0 -0.778606064409 -0.861696436884 
-4.79479479479 1.0 0.996606561851 -0.065989602259 
-6.35635635636 1.0 -0.0731057736575 -0.195077027774 
-3.11311311311 1.0 -0.0284756907485 -0.126495021418 
5.0950950951 1.0 -0.927657483133 -0.747392067074 
6.05605605606 1.0 -0.225181436261 -0.0650458471878 
-3.81381381381 1.0 0.622725447279 -0.0382525179582 
3.57357357357 1.0 -0.41867057176 -0.517673605309 
7.51751751752 1.0 0.943927941216 0.415983060842 
-8.73873873874 1.0 -0.633477463068 -0.316301111634 
-7.97797797798 1.0 -0.992322298019 -0.289282611233 
-0.23023023023 1.0 -0.228201684929 -0.212097406223 
-7.33733733734 1.0 -0.869481672757 -0.258678896935 
-2.35235235235 1.0 -0.709818357066 -0.369951399435 
6.55655655656 1.0 0.269979026825 0.21241236826 
-0.730730730731 1.0 -0.667413978747 -0.550667085269 
-1.33133133133 1.0 -0.971465007816 -0.670752205896 
-2.41241241241 1.0 -0.666258547712 -0.346624335279 
9.2992992993 1.0 0.125149645879 0.152313910688 
6.93693693694 1.0 0.608168751487 0.342113094599 
3.47347347347 1.0 -0.325821789448 -0.418225875209 
1.57157157157 1.0 0.999999699498 1.00229118663 
5.97597597598 1.0 -0.302399804444 -0.119181333918 
6.65665665666 1.0 0.36484968073 0.253467136785 
8.03803803804 1.0 0.983109384216 0.388793544615 
8.33833833834 1.0 0.884974675839 0.347141008648 
6.75675675676 1.0 0.456067581459 0.289523723279 
-2.23223223223 1.0 -0.789111039566 -0.417238354447 
-4.23423423423 1.0 0.887845512006 -0.0361793012858 
-0.11011011011 1.0 -0.109887744787 -0.106584783247 
5.51551551552 1.0 -0.694460468753 -0.45700826707 
2.99299299299 1.0 0.148053371305 0.108405934422 
-3.23323323323 1.0 0.0915123672906 -0.101986027348 
10.0 1.0 -0.544021110889 -0.0045682655938 
-9.07907907908 1.0 -0.338854295004 -0.325713145365 
2.13213213213 1.0 0.846544793956 0.853610429226 
3.93393393393 1.0 -0.711999223182 -0.80589416484 
-3.27327327327 1.0 0.131300397197 -0.0947428590027 
-5.95595595596 1.0 0.32142063693 -0.163324892871 
1.47147147147 1.0 0.995071340501 0.996225629171 
-7.4974974975 1.0 -0.93712958481 -0.267089007446 
-3.17317317317 1.0 0.0315752704827 -0.113716348875 
-5.27527527528 1.0 0.845718424022 -0.104915092648 
9.93993993994 1.0 -0.492675811867 0.00858800333934 
5.25525525526 1.0 -0.856231505045 -0.644378324959 
0.35035035035 1.0 0.343226895963 0.328366331222 
6.2962962963 1.0 0.0131106134944 0.0824560321696 
-3.95395395395 1.0 0.725913266541 -0.0343090211568 
-8.71871871872 1.0 -0.648840196822 -0.315700763432 
1.09109109109 1.0 0.887131000257 0.883331338222 
4.97497497497 1.0 -0.965721938658 -0.814923455502 
7.23723723724 1.0 0.81576576016 0.396967158854 
-3.63363363363 1.0 0.472425730458 -0.0491830374417 
-8.4984984985 1.0 -0.799390133963 -0.30872748757 
-8.41841841842 1.0 -0.844890020967 -0.306016829415 
-6.03603603604 1.0 0.244640851113 -0.169903369911 
7.997997998 1.0 0.989647555109 0.393155752186 
-7.31731731732 1.0 -0.859418901282 -0.257590145499 
-2.31231231231 1.0 -0.737445499834 -0.385654188621 
3.35335335335 1.0 -0.210181594637 -0.291519900395 
-5.15515515516 1.0 0.903569980268 -0.0946699021526 
8.13813813814 1.0 0.959898466376 0.376565739747 
-1.53153153153 1.0 -0.999229236959 -0.645947947597 
-0.990990990991 1.0 -0.836569314705 -0.642142455397 
1.05105105105 1.0 0.867945718946 0.863504486629 
-9.25925925926 1.0 -0.164763965562 -0.330131470172 
9.23923923924 1.0 0.184476035731 0.165787738965 
5.57557557558 1.0 -0.650019222236 -0.412055788316 
2.89289289289 1.0 0.246143932464 0.217378851154 
-4.43443443443 1.0 0.961618700226 -0.0437209087275 
-4.59459459459 1.0 0.993070259711 -0.0524989826019 
-9.71971971972 1.0 0.290684124469 -0.339873682865 
1.39139139139 1.0 0.983950052752 0.98417723123 
0.890890890891 1.0 0.777632176518 0.770359358133 
-8.97897897898 1.0 -0.431178912314 -0.323095213194 
-6.87687687688 1.0 -0.559424700424 -0.231454626282 
-9.95995995996 1.0 0.509997599178 -0.344177875317 
9.75975975976 1.0 -0.328751980598 0.0485565750769 
2.33233233233 1.0 0.723776968945 0.729005124027 
2.31231231231 1.0 0.737445499834 0.743037697489 
8.27827827828 1.0 0.911328515751 0.356598172312 
-2.73273273273 1.0 -0.397563478837 -0.23136688363 
9.5995995996 1.0 -0.173932497848 0.0845398863138 
8.21821821822 1.0 0.934395989648 0.365533836797 
-7.83783783784 1.0 -0.999869691753 -0.283259542766 
-7.05705705706 1.0 -0.698909584547 -0.242657581403 
2.95295295295 1.0 0.187522900919 0.152352765801 
-5.85585585586 1.0 0.41444188151 -0.154966490617 
-3.55355355355 1.0 0.400406942668 -0.0564151319929 
5.2952952953 1.0 -0.834866389361 -0.616813178742 
-3.29329329329 1.0 0.151119458915 -0.0912926654467 
-4.45445445445 1.0 0.966918909573 -0.0446997014842 
-0.530530530531 1.0 -0.505991015532 -0.438637097634 
-7.95795795796 1.0 -0.994599330244 -0.288443860474 
4.31431431431 1.0 -0.921809046742 -0.953645804866 
0.850850850851 1.0 0.75184168035 0.743809047468 
4.77477477477 1.0 -0.998054637396 -0.903146435646 
-8.33833833834 1.0 -0.884974675839 -0.303208381984 
3.91391391391 1.0 -0.69779981921 -0.793348746866 
-2.11211211211 1.0 -0.857031446499 -0.464390426814 
3.55355355355 1.0 -0.400406942668 -0.498317290059 
-3.09309309309 1.0 -0.0484805492288 -0.130988557399 
3.75375375375 1.0 -0.574637462441 -0.677394942025 
9.67967967968 1.0 -0.252150304413 0.0665090892557 
1.63163163163 1.0 0.998150103477 1.00112207015 
1.61161161161 1.0 0.999167171889 1.00191230275 
1.93193193193 1.0 0.935496175869 0.941640844349 
-5.37537537538 1.0 0.788157702332 -0.113567378061 
8.77877877878 1.0 0.601996584369 0.265352830727 
8.45845845846 1.0 0.822799547447 0.326817913707 
-4.17417417417 1.0 0.858625146533 -0.034827918393 
9.6996996997 1.0 -0.271471615699 0.0620125111308 
7.47747747748 1.0 0.929955638285 0.414943563347 
8.37837837838 1.0 0.865626143701 0.340566006081 
4.09409409409 1.0 -0.81486800406 -0.88948038532 
8.67867867868 1.0 0.678779469621 0.285508199762 
-9.23923923924 1.0 -0.184476035731 -0.329658543499 
5.13513513514 1.0 -0.911965725448 -0.722878193994 
7.95795795796 1.0 0.994599330244 0.39719485234 
-0.650650650651 1.0 -0.605704250039 -0.510049712178 
-1.99199199199 1.0 -0.912600742763 -0.510109129338 
4.61461461461 1.0 -0.995223893414 -0.947124396218 
2.23223223223 1.0 0.789111039566 0.795724879504 
5.21521521522 1.0 -0.87622408965 -0.671295190331 
-1.61161161161 1.0 -0.999167171889 -0.629016395789 
6.17617617618 1.0 -0.106805021793 0.0117279525941 
-7.6976976977 1.0 -0.987812502254 -0.27687283865 
6.4964964965 1.0 0.211697196671 0.18537369566 
-6.57657657658 1.0 -0.289200237681 -0.211187186982 
-7.73773773774 1.0 -0.993251282848 -0.278735591732 
-6.47647647648 1.0 -0.19208980849 -0.203992257359 
-3.79379379379 1.0 0.606937230307 -0.0391253223904 
3.41341341341 1.0 -0.268485788917 -0.355718181741 
0.15015015015 1.0 0.149586594914 0.137723011217 
2.91291291291 1.0 0.226691833081 0.195837563717 
3.39339339339 1.0 -0.249148316352 -0.334488453798 
-6.65665665666 1.0 -0.36484968073 -0.216786344645 
-1.45145145145 1.0 -0.992886849216 -0.659076828047 
3.71371371371 1.0 -0.541416556108 -0.644359633915 
6.5965965966 1.0 0.308305540605 0.229436275179 
-4.11411411411 1.0 0.826308470068 -0.0339609654479 
-8.51851851852 1.0 -0.787202470352 -0.309390207802 
-6.25625625626 1.0 0.0269257963344 -0.187421032404 
2.51251251251 1.0 0.588401237484 0.588002708887 
8.25825825826 1.0 0.919387180273 0.359636661729 
-3.15315315315 1.0 0.0115602420643 -0.117859047337 
2.73273273273 1.0 0.397563478837 0.383529879632 
-8.65865865866 1.0 -0.693344009372 -0.313866824653 
8.87887887888 1.0 0.519186710331 0.244526400665 
2.57257257257 1.0 0.53880679503 0.535470596014 
4.11411411411 1.0 -0.826308470068 -0.897772020924 
-7.17717717718 1.0 -0.779578080518 -0.249730798323 
-5.53553553554 1.0 0.679917243139 -0.127485285725 
-1.59159159159 1.0 -0.999783786273 -0.633582621192 
-1.75175175175 1.0 -0.983672194447 -0.591532445705 
3.51351351351 1.0 -0.363405633971 -0.458779575568 
-4.13413413413 1.0 0.837417761709 -0.0341938067059 
8.75875875876 1.0 0.617860839267 0.269441680866 
-9.93993993994 1.0 0.492675811867 -0.343837611976 
-6.97697697698 1.0 -0.639456909771 -0.237766890984 
7.65765765766 1.0 0.980790267476 0.415690171024 
-0.31031031031 1.0 -0.305354140677 -0.27834611672 
5.45545545546 1.0 -0.736397402892 -0.5015923684 
-4.97497497497 1.0 0.965721938658 -0.0798179388837 
-4.65465465465 1.0 0.998333836705 -0.0562904855621 
-5.91591591592 1.0 0.359068265792 -0.159998585208 
9.15915915916 1.0 0.26250641876 0.183645766246 
-7.25725725726 1.0 -0.827180739833 -0.254273111955 
-3.91391391391 1.0 0.69779981921 -0.0350641187784 
-1.39139139139 1.0 -0.983950052752 -0.666180976915 
-9.81981981982 1.0 0.384846824231 -0.341726756231 
-4.51451451451 1.0 0.980486642048 -0.0478479738316 
-3.45345345345 1.0 0.306830209454 -0.0676984217468 
6.7967967968 1.0 0.491325964149 0.302562123898 
0.11011011011 1.0 0.109887744787 0.0994013941193 
1.87187187187 1.0 0.955018091318 0.960610592953 
9.4994994995 1.0 -0.0746520259067 0.107142840677 
-2.07207207207 1.0 -0.876970223046 -0.479856949442 
5.7957957958 1.0 -0.468320967329 -0.247769217401 
-0.890890890891 1.0 -0.777632176518 -0.61435600951 
0.790790790791 1.0 0.710909644644 0.701719674417 
-2.17217217217 1.0 -0.824557973258 -0.440909369361 
-9.77977977978 1.0 0.347592070824 -0.340996029088 
-0.550550550551 1.0 -0.523156507537 -0.451382349053 
-6.4964964965 1.0 -0.211697196671 -0.205448493798 
-0.41041041041 1.0 -0.398985690337 -0.355537458548 
-1.35135135135 1.0 -0.97601842181 -0.669519587622 
6.37637637638 1.0 0.0930562402792 0.125943413435 
4.81481481481 1.0 -0.994759058541 -0.888252999534 
8.1981981982 1.0 0.941340119153 0.36838946534 
9.1991991992 1.0 0.223670498102 0.174734362898 
-6.15615615616 1.0 0.126687794244 -0.179568648361 
-2.83283283283 1.0 -0.303877337824 -0.199912795128 
0.650650650651 1.0 0.605704250039 0.593883014894 
9.3993993994 1.0 0.0253758371902 0.129757621949 
-3.61361361361 1.0 0.454687183165 -0.050846894969 
-6.55655655656 1.0 -0.269979026825 -0.209765522438 
5.67567567568 1.0 -0.570824460166 -0.336950658177 
5.3953953954 1.0 -0.775678794758 -0.545564885222 
-9.0990990991 1.0 -0.319952035985 -0.326222423802 
-7.91791791792 1.0 -0.997956771974 -0.286744850443 
5.23523523524 1.0 -0.866401418913 -0.657922576063 
-8.37837837838 1.0 -0.865626143701 -0.304625008916 
4.73473473473 1.0 -0.99975034402 -0.916537594159 
-3.13313313313 1.0 -0.00845941955823 -0.122118546487 
-3.87387387387 1.0 0.668567805308 -0.0361104364663 
2.05205205205 1.0 0.886414355831 0.893337565754 
9.37937937938 1.0 0.0453829883483 0.134275929963 
6.3963963964 1.0 0.112969411094 0.136337856613 
9.63963963964 1.0 -0.213212289782 0.075516507274 
8.97897897898 1.0 0.431178912314 0.223151165288 
-4.39439439439 1.0 0.949864345085 -0.0418761563727 
3.01301301301 1.0 0.128225638051 0.0862880734683 
3.69369369369 1.0 -0.524477262156 -0.627283919698 
2.21221221221 1.0 0.801249393857 0.808020150871 
-0.17017017017 1.0 -0.169350063744 -0.16016122988 
-3.33333333333 1.0 0.190567962875 -0.0847314954534 
3.65365365365 1.0 -0.489974935275 -0.592066841207 
-4.71471471471 1.0 0.999997295481 -0.0603122414846 
1.71171171171 1.0 0.990087845702 0.993964579389 
6.57657657658 1.0 0.289200237681 0.221024666119 
3.67367367367 1.0 -0.507327764109 -0.60984950959 
-3.41341341341 1.0 0.268485788917 -0.0729421773467 
-7.75775775776 1.0 -0.995374053792 -0.279655487934 
-2.59259259259 1.0 -0.521834495241 -0.279419246764 
9.61961961962 1.0 -0.193611192318 0.0800264355149 
9.07907907908 1.0 0.338854295004 0.201339569023 
-6.13613613614 1.0 0.146519791772 -0.177975592671 
-1.13113113113 1.0 -0.904894218889 -0.665818351997 
2.55255255255 1.0 0.555563147622 0.553269739245 
8.81881881882 1.0 0.569550710787 0.257095713123 
-4.63463463463 1.0 0.996978653508 -0.0549997858921 
9.01901901902 1.0 0.39471619201 0.214472909562 
-4.57457457457 1.0 0.990518615549 -0.0512908662829 
-0.770770770771 1.0 -0.69668837635 -0.568802381897 
9.41941941942 1.0 0.00535851570584 0.125236996701 
-6.45645645646 1.0 -0.172405433055 -0.202527473991 
-2.15215215215 1.0 -0.835718856574 -0.448765566473 
3.53353353353 1.0 -0.381982835353 -0.478681795909 
-3.01301301301 1.0 -0.128225638051 -0.150131693323 
-8.23823823824 1.0 -0.927077365617 -0.299555914754 
9.77977977978 1.0 -0.347592070824 0.0440839413525 
0.990990990991 1.0 0.836569314705 0.83111311405 
3.49349349349 1.0 -0.34468278404 -0.438623306893 
-9.31931931932 1.0 -0.105263273301 -0.33152415098 
-5.75575575576 1.0 0.503313872361 -0.146478466614 
-9.53953953954 1.0 0.114509838728 -0.336309606541 
-4.87487487487 1.0 0.986828185163 -0.0719764321663 
1.81181181181 1.0 0.971096090611 0.976073102672 
1.35135135135 1.0 0.97601842181 0.975768993722 
-6.07607607608 1.0 0.205631771434 -0.173153170778 
-5.13513513514 1.0 0.911965725448 -0.0929838754681 
-1.31131131131 1.0 -0.966522242485 -0.671686253388 
2.15215215215 1.0 0.835718856574 0.842756652341 
-7.57757757758 1.0 -0.96204298189 -0.27109786204 
1.15115115115 1.0 0.91323356617 0.910343366592 
3.09309309309 1.0 0.0484805492288 -0.00286474126741 
7.4974974975 1.0 0.93712958481 0.415528545724 
6.27627627628 1.0 -0.00690897593668 0.0711162366176 
-5.8958958959 1.0 0.377679973455 -0.158326729169 
-8.75875875876 1.0 -0.617860839267 -0.316896048625 
-1.79179179179 1.0 -0.975679725882 -0.579257142724 
-9.8998998999 1.0 0.45744688336 -0.343147307047 
4.79479479479 1.0 -0.996606561851 -0.895883717948 
-5.6956956957 1.0 0.554273288059 -0.1413341798 
2.53253253253 1.0 0.572096837274 0.570782345053 
5.37537537538 1.0 -0.788157702332 -0.56004348968 
-0.690690690691 1.0 -0.637069722791 -0.531076215286 
1.11111111111 1.0 0.89619220103 0.892702670974 
-3.47347347347 1.0 0.325821789448 -0.0652354687309 
4.15415415415 1.0 -0.848191426515 -0.912887321303 
-4.05405405405 1.0 0.791012020637 -0.0336163595828 
8.93893893894 1.0 0.466950456861 0.231759706654 
6.33633633634 1.0 0.0531260071326 0.104578117445 
-6.27627627628 1.0 0.00690897593668 -0.188968271511 
-1.95195195195 1.0 -0.928235370545 -0.524788931281 
7.77777777778 1.0 0.997097890944 0.410980163356 
-5.77577577578 1.0 0.485914794209 -0.148185244755 
8.05805805806 1.0 0.979248576653 0.386495674318 
1.21121121121 1.0 0.936042896216 0.934001995159 
2.67267267267 1.0 0.451923110669 0.442393882782 
-3.71371371371 1.0 0.541416556108 -0.0434508380633 
-1.81181181181 1.0 -0.971096090611 -0.57289365225 
0.39039039039 1.0 0.380549461752 0.365706968543 
5.55555555556 1.0 -0.665101514979 -0.427066181077 
-2.09209209209 1.0 -0.867174611281 -0.472146646668 
9.27927927928 1.0 0.144985860003 0.156811472061 
1.49149149149 1.0 0.996857019318 0.998239748799 
5.15515515516 1.0 -0.903569980268 -0.710287627245 
-3.51351351351 1.0 0.363405633971 -0.060621499612 
7.83783783784 1.0 0.999869691753 0.407228388208 
3.25325325325 1.0 -0.111428711879 -0.181773609882 
-2.63263263263 1.0 -0.487269347053 -0.26525350071 
-4.55455455455 1.0 0.987569983594 -0.0501122960808 
3.07307307307 1.0 0.0684659772958 0.0195008580019 
7.6976976977 1.0 0.987812502254 0.414552751129 
4.59459459459 1.0 -0.993070259711 -0.950754545267 
-10.0 1.0 0.544021110889 -0.344848769082 
-9.87987987988 1.0 0.439553861488 -0.342797206656 
-3.65365365365 1.0 0.489974935275 -0.04761294693 
-1.73173173173 1.0 -0.987077824457 -0.597430180465 
-0.0700700700701 1.0 -0.0700127456343 -0.0700900505067 
-5.97597597598 1.0 0.302399804444 -0.164979012434 
3.87387387387 1.0 -0.668567805308 -0.766917039812 
0.670670670671 1.0 0.62151153354 0.610048373692 
7.1971971972 1.0 0.791959659904 0.39185541994 
-8.2982982983 1.0 -0.902904601864 -0.301766587653 
7.87787787788 1.0 0.99971449835 0.404245993328 
0.930930930931 1.0 0.802176135594 0.795646464404 
-5.0950950951 1.0 0.927657483133 -0.0896351182687 
-6.83683683684 1.0 -0.525796755923 -0.228867592068 
2.47247247247 1.0 0.620296125676 0.621545068199 
-1.93193193193 1.0 -0.935496175869 -0.531993615885 
-7.0970970971 1.0 -0.726978798959 -0.245050206179 
7.31731731732 1.0 0.859418901282 0.405309519592 
-5.43543543544 1.0 0.749793457774 -0.118783725204 
-0.830830830831 1.0 -0.738491823944 -0.593245784138 
-2.97297297297 1.0 -0.167821766571 -0.160400704303 
0.29029029029 1.0 0.286230381945 0.271679465553 
-6.1961961962 1.0 0.0868794431893 -0.182732476712 
3.85385385385 1.0 -0.653546911213 -0.753043627299 
7.55755755756 1.0 0.956387136503 0.416509229802 
7.43743743744 1.0 0.914492625181 0.413373627717 
7.3973973974 1.0 0.897563688968 0.411256088414 
-6.77677677678 1.0 -0.473791717778 -0.224920379331 
-3.49349349349 1.0 0.34468278404 -0.0628769016984 
-9.05905905906 1.0 -0.357620745349 -0.32519915004 
0.23023023023 1.0 0.228201684929 0.21443122805 
8.3983983984 1.0 0.855429505195 0.337201686492 
2.81281281281 1.0 0.322888465175 0.301957573558 
6.47647647648 1.0 0.19208980849 0.175961661823 
