-9.85985985986 1.0 0.421484671785 0.403388174741 
6.35635635636 1.0 0.0731057736575 0.0734404051466 
-2.81281281281 1.0 -0.322888465175 -0.351793796884 
-2.95295295295 1.0 -0.187522900919 -0.15840398854 
1.89189189189 1.0 0.948890220341 0.951090124153 
4.67467467467 1.0 -0.999288899866 -1.00336293842 
-6.3963963964 1.0 -0.112969411094 -0.111560717573 
-5.4954954955 1.0 0.708725363073 0.703029937771 
-8.7987987988 1.0 -0.585891056576 -0.584579856719 
-9.55955955956 1.0 0.13437389375 0.110156396693 
-8.53853853854 1.0 -0.774699305584 -0.768790821224 
-6.53653653654 1.0 -0.250649611665 -0.256260552385 
7.33733733734 1.0 0.869481672757 0.855596709356 
6.83683683684 1.0 0.525796755923 0.542011573878 
1.45145145145 1.0 0.992886849216 0.991135641914 
-7.71771771772 1.0 -0.990730428893 -1.00872256652 
1.65165165165 1.0 0.996732988666 0.996031246383 
-0.0900900900901 1.0 -0.0899682743046 -0.0882889437602 
1.23123123123 1.0 0.942899611382 0.941070888504 
3.59359359359 1.0 -0.436766402789 -0.441835046648 
0.870870870871 1.0 0.764890207772 0.764150294453 
-7.63763763764 1.0 -0.976688773762 -0.998136762507 
0.37037037037 1.0 0.361960713579 0.36394184308 
9.35935935936 1.0 0.0653719505576 0.104537028247 
3.13313313313 1.0 0.00845941955822 0.0148122138996 
7.81781781782 1.0 0.999346160464 0.934647604074 
-1.17117117117 1.0 -0.921206900567 -1.02474151434 
-2.37237237237 1.0 -0.695575258639 -0.879040788392 
-6.33633633634 1.0 -0.0531260071326 -0.049164310001 
8.07807807808 1.0 0.974995298193 0.892387335303 
-7.81781781782 1.0 -0.999346160464 -1.01276730259 
-4.29429429429 1.0 0.913864194148 1.00025111533 
-4.77477477477 1.0 0.998054637396 1.00460877501 
-5.7957957958 1.0 0.468320967329 0.47444748105 
-8.6986986987 1.0 -0.66394288333 -0.660140429212 
8.23823823824 1.0 0.927077365617 0.840753573195 
-0.13013013013 1.0 -0.1297631736 -0.128689719295 
0.13013013013 1.0 0.1297631736 0.132656331971 
-8.61861861862 1.0 -0.721633711464 -0.716468454997 
-7.07707707708 1.0 -0.713087090062 -0.742671729974 
8.91891891892 1.0 0.484559073218 0.452858464947 
2.29229229229 1.0 0.750818471552 0.760544005178 
-8.87887887888 1.0 -0.519186710331 -0.520406656973 
8.95895895896 1.0 0.449154692451 0.423507302345 
-0.19019019019 1.0 -0.189045659132 -0.189179345928 
-4.33433433433 1.0 0.929384449502 1.00756768903 
-0.39039039039 1.0 -0.380549461752 -0.387936605267 
-4.53453453453 1.0 0.984225545624 1.02448627094 
4.47447447447 1.0 -0.971831589603 -0.974262961869 
-8.15815815816 1.0 -0.9540939133 -0.953489208577 
4.19419419419 1.0 -0.868714740054 -0.872888314045 
4.91491491491 1.0 -0.979561626072 -0.989670096672 
-5.5955955956 1.0 0.634676409709 0.633182347503 
-9.03903903904 1.0 -0.376243865658 -0.383540332681 
-1.05105105105 1.0 -0.867945718946 -0.949631314457 
-0.870870870871 1.0 -0.764890207772 -0.817978379258 
5.11511511512 1.0 -0.919995965877 -0.937531659451 
-8.55855855856 1.0 -0.761885650774 -0.756102728712 
2.27227227227 1.0 0.763890524376 0.773243978847 
3.15315315315 1.0 -0.0115602420643 -0.00575696909024 
3.99399399399 1.0 -0.752863081707 -0.759044407742 
-8.3983983984 1.0 -0.855429505195 -0.849797687369 
-4.89489489489 1.0 0.983391971377 0.97921983939 
7.11711711712 1.0 0.740579143612 0.745650979932 
0.830830830831 1.0 0.738491823944 0.737925179783 
-1.55155155155 1.0 -0.999814825028 -1.17686222063 
0.03003003003 1.0 0.0300255167065 0.0327386641745 
8.73873873874 1.0 0.633477463068 0.577449043503 
-8.8988988989 1.0 -0.501973484202 -0.503889033747 
-9.51951951952 1.0 0.094599889559 0.0708618100173 
-9.41941941942 1.0 -0.00535851570584 -0.0269775991504 
-6.23623623624 1.0 0.046931825201 0.0542837800959 
3.77377377377 1.0 -0.590905760288 -0.59769235965 
-6.8968968969 1.0 -0.575905704393 -0.599948766595 
-4.83483483483 1.0 0.99251286792 0.993174782823 
0.21021021021 1.0 0.208665487323 0.211403019633 
-1.77177177177 1.0 -0.979872320608 -1.19069289457 
-8.67867867868 1.0 -0.678779469621 -0.674580815836 
0.970970970971 1.0 0.825434213842 0.824301136147 
-1.71171171171 1.0 -0.990087845702 -1.19311462105 
-0.49049049049 1.0 -0.471058607419 -0.48436037487 
6.01601601602 1.0 -0.264002216892 -0.28454395965 
-8.77877877878 1.0 -0.601996584369 -0.600122917876 
7.7977977978 1.0 0.998422103411 0.935577692519 
-0.670670670671 1.0 -0.62151153354 -0.650081435121 
0.950950950951 1.0 0.813968289004 0.812909209201 
-8.11811811812 1.0 -0.965318303844 -0.966043434077 
-9.57957957958 1.0 0.154184093352 0.129818303087 
7.25725725726 1.0 0.827180739833 0.82099667231 
-4.75475475475 1.0 0.999102704803 1.00785569749 
-2.77277277277 1.0 -0.360514923027 -0.406064461903 
3.17317317317 1.0 -0.0315752704827 -0.0263290800825 
-2.49249249249 1.0 -0.604469813648 -0.754672098382 
-3.31331331331 1.0 0.170877953796 0.31845894352 
-3.77377377377 1.0 0.590905760288 0.766911314474 
-5.73573573574 1.0 0.520511228445 0.52461648571 
-3.89389389389 1.0 0.683320745574 0.845432946735 
-5.33533533534 1.0 0.812162990678 0.800841467905 
-9.45945945946 1.0 0.034674546587 0.0120654952075 
-5.41541541542 1.0 0.762889004574 0.75410757399 
-7.67767767768 1.0 -0.984498672401 -1.00425196182 
-3.93393393393 1.0 0.711999223182 0.868124409882 
-9.17917917918 1.0 -0.243137181641 -0.256220260151 
9.71971971972 1.0 -0.290684124469 -0.20720125927 
-7.8978978979 1.0 -0.999035835857 -1.00878020893 
1.51151151151 1.0 0.998243169988 0.996689434379 
-8.27827827828 1.0 -0.911328515751 -0.907531148718 
6.87687687688 1.0 0.559424700424 0.575074707045 
4.45445445445 1.0 -0.966918909573 -0.969346827278 
-0.01001001001 1.0 -0.0100098428432 -0.00752573824578 
-1.11111111111 1.0 -0.89619220103 -0.988573628132 
-3.99399399399 1.0 0.752863081707 0.898995277116 
-4.09409409409 1.0 0.81486800406 0.942282637003 
0.0500500500501 1.0 0.0500291567086 0.0528198072522 
7.15715715716 1.0 0.766884055736 0.769073742429 
-2.93293293293 1.0 -0.207148878373 -0.186172483236 
-6.93693693694 1.0 -0.608168751487 -0.633760168761 
7.57757757758 1.0 0.96204298189 0.92217369448 
4.33433433433 1.0 -0.929384449502 -0.932281282803 
-6.21621621622 1.0 0.066919044364 0.074800827687 
8.57857857858 1.0 0.748766641479 0.676369723108 
8.0980980981 1.0 0.970351253498 0.886940202387 
1.53153153153 1.0 0.999229236959 0.997762278916 
8.998998999 1.0 0.413030320922 0.393611632662 
6.41641641642 1.0 0.132837305145 0.136801999636 
-6.61661661662 1.0 -0.327287278425 -0.337268962015 
7.67767767768 1.0 0.984498672401 0.933736290848 
6.996996997 1.0 0.654719669029 0.666590135597 
5.05505505506 1.0 -0.941862214566 -0.957054188242 
-3.03303303303 1.0 -0.108346513523 -0.0477031630931 
-5.63563563564 1.0 0.603233924101 0.603419066007 
-6.6966966967 1.0 -0.401827232414 -0.416186100474 
-8.43843843844 1.0 -0.834011915114 -0.828093606626 
-0.33033033033 1.0 -0.32435551719 -0.328976620482 
-7.01701701702 1.0 -0.669720024621 -0.697882697803 
5.87587587588 1.0 -0.396140311588 -0.422813168571 
-5.57557557558 1.0 0.650019222236 0.647677064795 
-4.49449449449 1.0 0.976354771373 1.02363461783 
0.570570570571 1.0 0.540112324789 0.540894518676 
8.11811811812 1.0 0.965318303844 0.881197745551 
9.25925925926 1.0 0.164763965562 0.187905834164 
-5.01501501502 1.0 0.954557149695 0.943812812578 
-4.01401401401 1.0 0.765888052358 0.908457568384 
-4.31431431431 1.0 0.921809046742 1.00407994238 
9.83983983984 1.0 -0.403246556161 -0.31305821379 
1.77177177177 1.0 0.979872320608 0.980390998106 
-3.83383383383 1.0 0.63826408348 0.808154673753 
4.41441441441 1.0 -0.955933085822 -0.958429501402 
-6.63663663664 1.0 -0.346137843492 -0.357221246592 
-8.5985985986 1.0 -0.735347535638 -0.72993674195 
-0.810810810811 1.0 -0.724845989014 -0.769736936623 
-2.33233233233 1.0 -0.723776968945 -0.91629573847 
3.37337337337 1.0 -0.229710988177 -0.230049234953 
4.69469469469 1.0 -0.999843460211 -1.00425464195 
5.01501501502 1.0 -0.954557149695 -0.968223845625 
-6.996996997 1.0 -0.654719669029 -0.682309293459 
2.39239239239 1.0 0.681053382124 0.692477405387 
-3.53353353353 1.0 0.381982835353 0.561463256023 
-4.73473473473 1.0 0.99975034402 1.0108185748 
-6.81681681682 1.0 -0.508663293061 -0.529162263304 
-1.69169169169 1.0 -0.992701051804 -1.19285713983 
5.03503503504 1.0 -0.948399735659 -0.962823840555 
3.03303303303 1.0 0.108346513523 0.1172730018 
-4.61461461461 1.0 0.995223893414 1.02255155993 
5.75575575576 1.0 -0.503313872361 -0.533173656904 
-3.97397397397 1.0 0.739536372707 0.889121797144 
1.67167167167 1.0 0.994916395419 0.994385531229 
-7.45745745746 1.0 -0.922408976872 -0.950179778112 
5.07507507508 1.0 -0.934947206573 -0.950915281211 
6.13613613614 1.0 -0.146519791772 -0.160217020357 
-7.15715715716 1.0 -0.766884055736 -0.797638910358 
6.97697697698 1.0 0.639456909771 0.652172901132 
3.89389389389 1.0 -0.683320745574 -0.690092842108 
-4.25425425425 1.0 0.896879023055 0.991554129618 
7.27727727728 1.0 0.838264195546 0.830228494468 
1.69169169169 1.0 0.992701051804 0.992353980003 
9.0990990991 1.0 0.319952035985 0.316671076852 
-4.91491491491 1.0 0.979561626072 0.974011294592 
-3.69369369369 1.0 0.524477262156 0.705644699037 
-1.57157157157 1.0 -0.999999699498 -1.18061728096 
3.11311311311 1.0 0.0284756907485 0.0353686727114 
9.51951951952 1.0 -0.094599889559 -0.0323051857536 
-3.57357357357 1.0 0.41867057176 0.600194751118 
-1.15115115115 1.0 -0.91323356617 -1.01300538478 
-4.15415415415 1.0 0.848191426515 0.963552084373 
-7.1971971972 1.0 -0.791959659904 -0.822980081094 
5.995995996 1.0 -0.2832577738 -0.304814988231 
8.35835835836 1.0 0.875475849797 0.790637241046 
0.01001001001 1.0 0.0100098428432 0.0126213932224 
8.85885885886 1.0 0.536191852752 0.495803295885 
-5.61561561562 1.0 0.61907922661 0.61842892572 
1.07107107107 1.0 0.877714248189 0.876248977852 
-1.47147147147 1.0 -0.995071340501 -1.15721410289 
1.99199199199 1.0 0.912600742763 0.916509252088 
9.43943943944 1.0 -0.0146609534063 0.036571338678 
-6.5965965966 1.0 -0.308305540605 -0.317185889325 
-7.7977977978 1.0 -0.998422103411 -1.01276731577 
3.33333333333 1.0 -0.190567962875 -0.189831165895 
-0.850850850851 1.0 -0.75184168035 -0.802118861123 
6.73673673674 1.0 0.438160658811 0.454296005417 
-1.23123123123 1.0 -0.942899611382 -1.0579461737 
2.61261261261 1.0 0.504653050544 0.518239759796 
-7.3973973974 1.0 -0.897563688968 -0.926795722097 
-0.510510510511 1.0 -0.488622728493 -0.503317459414 
1.55155155155 1.0 0.999814825028 0.998445753192 
-9.5995995996 1.0 0.173932497848 0.149483617533 
-9.35935935936 1.0 -0.0653719505576 -0.0852102150042 
8.51851851852 1.0 0.787202470352 0.710194879249 
2.59259259259 1.0 0.521834495241 0.535341426735 
6.67667667668 1.0 0.38341529066 0.398529911449 
2.03203203203 1.0 0.895503224543 0.900156082978 
7.01701701702 1.0 0.669720024621 0.68066049702 
1.59159159159 1.0 0.999783786273 0.998645183125 
-8.81881881882 1.0 -0.569550710787 -0.568831538202 
7.75775775776 1.0 0.995374053792 0.936389666065 
6.63663663664 1.0 0.346137843492 0.36019750299 
-4.07407407407 1.0 0.803100948886 0.934421051362 
-2.79279279279 1.0 -0.341770182763 -0.379014742624 
-7.55755755756 1.0 -0.956387136503 -0.980951929527 
-7.35735735736 1.0 -0.879195966573 -0.909181301619 
-5.21521521522 1.0 0.87622408965 0.862717822802 
5.83583583584 1.0 -0.432577348176 -0.460539581604 
-9.13913913914 1.0 -0.281770446506 -0.293202437809 
4.85485485485 1.0 -0.989868890237 -0.998090596387 
-2.61261261261 1.0 -0.504653050544 -0.613622894137 
0.810810810811 1.0 0.724845989014 0.724369413699 
-1.49149149149 1.0 -0.996857019318 -1.16280524299 
-3.25325325325 1.0 0.111428711879 0.244318377893 
-3.59359359359 1.0 0.436766402789 0.618894487192 
8.47847847848 1.0 0.811257411747 0.731673711511 
-1.91191191191 1.0 -0.942382045726 -1.1656128146 
9.53953953954 1.0 -0.114509838728 -0.0496434469336 
-0.45045045045 1.0 -0.435371096772 -0.446101456479 
-2.29229229229 1.0 -0.750818471552 -0.951316127546 
-3.19319319319 1.0 0.0515776439174 0.167419340079 
-7.37737737738 1.0 -0.888557889358 -0.918189644532 
6.15615615616 1.0 -0.126687794244 -0.13914726931 
-8.0980980981 1.0 -0.970351253498 -0.971785314712 
1.43143143143 1.0 0.99030442098 0.98850700211 
-8.93893893894 1.0 -0.466950456861 -0.470321154739 
-2.87287287287 1.0 -0.265497380359 -0.26933508158 
-0.47047047047 1.0 -0.453305691794 -0.465286474848 
-5.3953953954 1.0 0.775678794758 0.766200239711 
1.01101101101 1.0 0.84736912878 0.846095337265 
0.630630630631 1.0 0.589654207656 0.590092427333 
8.55855855856 1.0 0.761885650774 0.687854051015 
-5.03503503504 1.0 0.948399735659 0.936944055055 
0.41041041041 1.0 0.398985690337 0.400731798668 
4.29429429429 1.0 -0.913864194148 -0.917068321239 
8.63863863864 1.0 0.707630665292 0.640705616841 
8.71871871872 1.0 0.648840196822 0.590464949223 
-3.07307307307 1.0 -0.0684659772958 0.00711220054186 
-5.65565565566 1.0 0.587146852786 0.588155228894 
-6.0960960961 1.0 0.185999691898 0.195902283897 
-8.25825825826 1.0 -0.919387180273 -0.916032381546 
2.87287287287 1.0 0.265497380359 0.277574440396 
-9.4994994995 1.0 0.0746520259067 0.0512387511327 
-2.51251251251 1.0 -0.588401237484 -0.732234693831 
7.03703703704 1.0 0.684451964588 0.694379153997 
-2.21221221221 1.0 -0.801249393857 -1.01442132499 
1.17117117117 1.0 0.921206900567 0.919484866332 
2.07207207207 1.0 0.876970223046 0.882392617697 
1.03103103103 1.0 0.857829327634 0.856488984718 
-8.01801801802 1.0 -0.986576173517 -0.991103383703 
-9.33933933934 1.0 -0.0853347124856 -0.104512169423 
3.43343343343 1.0 -0.28771565565 -0.289570839216 
3.05305305305 1.0 0.0884239650333 0.0968644217583 
1.27127127127 1.0 0.955476737061 0.953601602864 
-3.05305305305 1.0 -0.0884239650333 -0.0202328347525 
-0.37037037037 1.0 -0.361960713579 -0.368364027061 
0.590590590591 1.0 0.556851671602 0.557517377247 
4.35435435435 1.0 -0.936587366299 -0.939354883755 
5.27527527528 1.0 -0.845718424022 -0.869365699875 
0.510510510511 1.0 0.488622728493 0.489762917339 
6.23623623624 1.0 -0.046931825201 -0.0542883979252 
-1.67167167167 1.0 -0.994916395419 -1.19207857167 
-6.31631631632 1.0 -0.0331249483513 -0.0283927418555 
0.33033033033 1.0 0.32435551719 0.326560056812 
-4.85485485485 1.0 0.989868890237 0.988802203931 
8.2982982983 1.0 0.902904601864 0.816852796397 
2.77277277277 1.0 0.360514923027 0.373740504032 
-1.01101101101 1.0 -0.84736912878 -0.922219622309 
-4.27427427427 1.0 0.905553075921 0.996077209186 
-0.610610610611 1.0 -0.573367839051 -0.59615057614 
-8.03803803804 1.0 -0.983109384216 -0.98682800101 
-4.99499499499 1.0 0.960331988856 0.950405518894 
-6.73673673674 1.0 -0.438160658811 -0.454647047767 
7.37737737738 1.0 0.888557889358 0.870564262131 
-1.29129129129 1.0 -0.961192106815 -1.08799447294 
-2.03203203203 1.0 -0.895503224543 -1.12140308825 
3.45345345345 1.0 -0.306830209454 -0.309159296585 
-8.05805805806 1.0 -0.979248576653 -0.982180999137 
4.87487487487 1.0 -0.986828185163 -0.995654411959 
3.63363363363 1.0 -0.472425730458 -0.478061963085 
-4.47447447447 1.0 0.971831589603 1.02274483677 
-7.93793793794 1.0 -0.996477739177 -1.00442649672 
4.93493493493 1.0 -0.975338684403 -0.986121913116 
-7.41741741742 1.0 -0.906209755988 -0.934997352009 
-5.23523523524 1.0 0.866401418913 0.853092752541 
-9.67967967968 1.0 0.252150304413 0.228086018454 
-8.45845845846 1.0 -0.822799547447 -0.81680022559 
5.41541541542 1.0 -0.762889004574 -0.790903507898 
-9.43943943944 1.0 0.0146609534063 -0.00747481775352 
2.19219219219 1.0 0.813066617154 0.820868159532 
-2.55255255255 1.0 -0.555563147622 -0.6860247911 
-2.65265265265 1.0 -0.469690351946 -0.563508114056 
5.91591591592 1.0 -0.359068265792 -0.384235388515 
4.49449449449 1.0 -0.976354771373 -0.978816314706 
-9.1991991992 1.0 -0.223670498102 -0.237568940535 
8.7987987988 1.0 0.585891056576 0.537365450479 
0.25025025025 1.0 0.247646422081 0.250236930998 
-0.25025025025 1.0 -0.247646422081 -0.249393065241 
-2.89289289289 1.0 -0.246143932464 -0.241661277155 
-4.21421421421 1.0 0.878456163293 0.981443637797 
-7.11711711712 1.0 -0.740579143612 -0.770854666915 
2.11211211211 1.0 0.857031446499 0.863240903598 
6.45645645646 1.0 0.172405433055 0.178637180575 
0.690690690691 1.0 0.637069722791 0.637182368007 
-1.37137137137 1.0 -0.980180659514 -1.12280779345 
1.37137137137 1.0 0.980180659514 0.978297537984 
3.81381381381 1.0 -0.622725447279 -0.62960365133 
9.87987987988 1.0 -0.439553861488 -0.348362920635 
0.27027027027 1.0 0.266991905564 0.269495836134 
7.2972972973 1.0 0.849011685183 0.839072948774 
8.5985985986 1.0 0.735347535638 0.664681075242 
-6.75675675676 1.0 -0.456067581459 -0.473591753485 
-6.85685685686 1.0 -0.542719485852 -0.565059140351 
8.6986986987 1.0 0.66394288333 0.603302193883 
7.13713713714 1.0 0.753882673169 0.757549477738 
3.29329329329 1.0 -0.151119458915 -0.149272289264 
1.85185185185 1.0 0.960763202681 0.962353908068 
-7.21721721722 1.0 -0.804023831509 -0.835096858712 
5.71571571572 1.0 -0.537499969971 -0.567959640373 
6.71671671672 1.0 0.42007812671 0.435950999025 
-5.25525525526 1.0 0.856231505045 0.843192379434 
-7.85785785786 1.0 -0.999992487454 -1.01156683565 
4.57457457457 1.0 -0.990518615549 -0.993387644316 
2.97297297297 1.0 0.167821766571 0.178095983524 
-6.37637637638 1.0 -0.0930562402792 -0.0907587810796 
-9.3993993994 1.0 -0.0253758371902 -0.0464378119205 
-5.995995996 1.0 0.2832577738 0.293258141923 
-9.63963963964 1.0 0.213212289782 0.188805774731 
-2.69269269269 1.0 -0.433974744115 -0.512098101843 
-0.15015015015 1.0 -0.149586594914 -0.148873759258 
-2.67267267267 1.0 -0.451923110669 -0.537954815495 
4.39439439439 1.0 -0.949864345085 -0.95243010974 
6.1961961962 1.0 -0.0868794431893 -0.096810519386 
-8.35835835836 1.0 -0.875475849797 -0.870295147744 
-1.03103103103 1.0 -0.857829327634 -0.936065988704 
-2.25225225225 1.0 -0.776656419186 -0.984040862664 
0.43043043043 1.0 0.417262010319 0.418887941979 
-8.998998999 1.0 -0.413030320922 -0.418716699449 
2.17217217217 1.0 0.824557973258 0.831962146411 
-8.31831831832 1.0 -0.894118814814 -0.889551016749 
-8.95895895896 1.0 -0.449154692451 -0.453281411047 
-2.43243243243 1.0 -0.651196684992 -0.81913371406 
2.09209209209 1.0 0.867174611281 0.872988858067 
4.95495495495 1.0 -0.970724838874 -0.982203082685 
1.41141141141 1.0 0.987325090799 0.985490568451 
-3.67367367367 1.0 0.507327764109 0.689198513936 
2.41241241241 1.0 0.666258547712 0.677980634249 
2.71271271271 1.0 0.415852445773 0.429426795482 
-9.47947947948 1.0 0.054674242632 0.031638338949 
-4.03403403403 1.0 0.778606064409 0.917513009054 
6.91691691692 1.0 0.592155892373 0.606892980037 
6.77677677678 1.0 0.473791717778 0.490209643549 
-0.21021021021 1.0 -0.208665487323 -0.209289072277 
0.49049049049 1.0 0.471058607419 0.472320058946 
7.35735735736 1.0 0.879195966573 0.863275096207 
0.45045045045 1.0 0.435371096772 0.436875857533 
4.63463463463 1.0 -0.996978653508 -1.00047490498 
-5.17517517518 1.0 0.894812095251 0.881141668444 
-4.37437437437 1.0 0.943414910292 1.01353542028 
9.85985985986 1.0 -0.421484671785 -0.330712511474 
4.53453453453 1.0 -0.984225545624 -0.98683172281 
-2.71271271271 1.0 -0.415852445773 -0.485959008869 
-2.75275275275 1.0 -0.379115173303 -0.432920091755 
-5.2952952953 1.0 0.834866389361 0.8225663429 
7.5975975976 1.0 0.967313252172 0.925232361157 
-2.57257257257 1.0 -0.53880679503 -0.662285002407 
8.15815815816 1.0 0.9540939133 0.868841985695 
7.91791791792 1.0 0.997956771974 0.924885786505 
-4.93493493493 1.0 0.975338684403 0.96852519926 
-4.19419419419 1.0 0.868714740054 0.9758476258 
4.89489489489 1.0 -0.983391971377 -0.992847594402 
1.95195195195 1.0 0.928235370545 0.931431486184 
-1.09109109109 1.0 -0.887131000257 -0.975891932107 
6.61661661662 1.0 0.327287278425 0.340714269082 
7.97797797798 1.0 0.992322298019 0.915062149068 
9.57957957958 1.0 -0.154184093352 -0.0844416460503 
5.85585585586 1.0 -0.41444188151 -0.441787095143 
-5.83583583584 1.0 0.432577348176 0.439862099904 
0.17017017017 1.0 0.169350063744 0.17219191632 
0.0700700700701 1.0 0.0700127456343 0.07285851429 
-0.970970970971 1.0 -0.825434213842 -0.893710346273 
3.61361361361 1.0 -0.454687183165 -0.460052553564 
-1.85185185185 1.0 -0.960763202681 -1.17977292443 
-9.83983983984 1.0 0.403246556161 0.384083926239 
2.35235235235 1.0 0.709818357066 0.720600690507 
2.25225225225 1.0 0.776656419186 0.785630115427 
-8.1981981982 1.0 -0.941340119153 -0.939532072252 
5.31531531532 1.0 -0.823679750423 -0.848711524371 
4.43443443443 1.0 -0.961618700226 -0.964068717999 
-7.13713713714 1.0 -0.753882673169 -0.784424502883 
-4.35435435435 1.0 0.936587366299 1.01071825198 
-4.81481481481 1.0 0.994759058541 0.997267319134 
-5.67567567568 1.0 0.570824460166 0.572640075804 
9.03903903904 1.0 0.376243865658 0.363199090574 
-6.67667667668 1.0 -0.38341529066 -0.396690456724 
5.17517517518 1.0 -0.894812095251 -0.914701317823 
-9.65965965966 1.0 0.232727934358 0.208453404057 
-1.63163163163 1.0 -0.998150103477 -1.18898618523 
-3.37337337337 1.0 0.229710988177 0.389474669018 
9.33933933934 1.0 0.0853347124856 0.121362609557 
-7.51751751752 1.0 -0.943927941216 -0.969879547304 
4.55455455455 1.0 -0.987569983594 -0.99029242806 
-5.07507507508 1.0 0.934947206573 0.922378925937 
4.21421421421 1.0 -0.878456163293 -0.882420203021 
5.35535535536 1.0 -0.800320725902 -0.826637750784 
7.05705705706 1.0 0.698909584547 0.707741587061 
9.11911911912 1.0 0.30092154409 0.300932879038 
6.25625625626 1.0 -0.0269257963344 -0.032987300062 
-6.2962962963 1.0 -0.0131106134944 -0.00765206158888 
7.21721721722 1.0 0.804023831509 0.801375473619 
-2.91291291291 1.0 -0.226691833081 -0.213932641881 
5.63563563564 1.0 -0.603233924101 -0.634197701749 
5.8958958959 1.0 -0.377679973455 -0.403626335938 
-5.55555555556 1.0 0.665101514979 0.66191099781 
-5.81581581582 1.0 0.450539443112 0.457265823568 
5.33533533534 1.0 -0.812162990678 -0.83785108354 
5.5955955956 1.0 -0.634676409709 -0.665553967613 
-5.93593593594 1.0 0.340312647942 0.349686714336 
-9.6996996997 1.0 0.271471615699 0.247699154347 
-7.61761761762 1.0 -0.972195835089 -0.994460481996 
-3.39339339339 1.0 0.249148316352 0.412397907205 
3.79379379379 1.0 -0.606937230307 -0.613782314858 
1.83183183183 1.0 0.96612325186 0.967427187847 
-3.73373373373 1.0 0.558138856901 0.737179945047 
5.1951951952 1.0 -0.885695580449 -0.906359799915 
-8.47847847848 1.0 -0.811257411747 -0.80521865284 
5.65565565566 1.0 -0.587146852786 -0.6180703942 
-7.27727727728 1.0 -0.838264195546 -0.869177858274 
-2.45245245245 1.0 -0.635873830576 -0.798135673773 
-6.91691691692 1.0 -0.592155892373 -0.616993543361 
-9.97997997998 1.0 0.527114985665 0.517892694329 
-9.7997997998 1.0 0.366292850383 0.345320770056 
8.17817817818 1.0 0.947906971008 0.862236276078 
4.05405405405 1.0 -0.791012020637 -0.796659538902 
-7.87787787788 1.0 -0.99971449835 -1.0103706459 
9.91991991992 1.0 -0.475156566095 -0.383641597545 
1.25125125125 1.0 0.949378423874 0.947523793997 
-1.87187187187 1.0 -0.955018091318 -1.17563022845 
1.73173173173 1.0 0.987077824457 0.987137463675 
-9.15915915916 1.0 -0.26250641876 -0.274766529658 
-5.47547547548 1.0 0.722706208904 0.716203407483 
-2.13213213213 1.0 -0.846544793956 -1.06801453002 
9.7997997998 1.0 -0.366292850383 -0.277748595179 
-1.89189189189 1.0 -0.948890220341 -1.17091179508 
-1.41141141141 1.0 -0.987325090799 -1.13783017359 
4.99499499499 1.0 -0.960331988856 -0.973253881664 
-1.19119119119 1.0 -0.928811026462 -1.03614843236 
-2.19219219219 1.0 -0.813066617154 -1.02872056369 
4.27427427427 1.0 -0.905553075921 -0.90893172385 
-6.51651651652 1.0 -0.231219739195 -0.235763145642 
-7.65765765766 1.0 -0.980790267476 -1.0014003726 
1.79179179179 1.0 0.975679725882 0.976447412019 
-0.790790790791 1.0 -0.710909644644 -0.753226877397 
-0.710710710711 1.0 -0.65237258226 -0.685201369338 
9.47947947948 1.0 -0.054674242632 0.00223450867436 
5.47547547548 1.0 -0.722706208904 -0.752084311467 
-7.23723723724 1.0 -0.81576576016 -0.846838235942 
-1.43143143143 1.0 -0.99030442098 -1.1447189953 
-7.43743743744 1.0 -0.914492625181 -0.942792600565 
9.21921921922 1.0 0.204114170152 0.220676697713 
1.31131131131 1.0 0.966522242485 0.964623808784 
7.61761761762 1.0 0.972195835089 0.927915689602 
0.19019019019 1.0 0.189045659132 0.191841310581 
7.41741741742 1.0 0.906209755988 0.883975589745 
9.65965965966 1.0 -0.232727934358 -0.154441184257 
3.27327327327 1.0 -0.131300397197 -0.128889218918 
-0.630630630631 1.0 -0.589654207656 -0.614286523541 
6.21621621622 1.0 -0.066919044364 -0.0755667562579 
1.97197197197 1.0 0.920602539794 0.924150471376 
0.550550550551 1.0 0.523156507537 0.524056772825 
0.0900900900901 1.0 0.0899682743046 0.0928484365473 
3.83383383383 1.0 -0.63826408348 -0.645150709397 
2.79279279279 1.0 0.341770182763 0.354822087374 
-1.27127127127 1.0 -0.955476737061 -1.07834117072 
4.07407407407 1.0 -0.803100948886 -0.808550277422 
0.770770770771 1.0 0.69668837635 0.696398878091 
4.75475475475 1.0 -0.999102704803 -1.00471623405 
-8.63863863864 1.0 -0.707630665292 -0.702749771003 
-5.1951951952 1.0 0.885695580449 0.872067486003 
4.71471471471 1.0 -0.999997295481 -1.00477764337 
-0.35035035035 1.0 -0.343226895963 -0.348708796199 
-9.27927927928 1.0 -0.144985860003 -0.162019050443 
-9.91991991992 1.0 0.475156566095 0.460945519726 
-1.51151151151 1.0 -0.998243169988 -1.1679486784 
-6.01601601602 1.0 0.264002216892 0.274098914308 
8.53853853854 1.0 0.774699305584 0.69913034491 
-1.21121121121 1.0 -0.936042896216 -1.04721903698 
-6.43643643644 1.0 -0.152651959622 -0.153120803379 
-6.17617617618 1.0 0.106805021793 0.115585310159 
2.63263263263 1.0 0.487269347053 0.500909102639 
-0.27027027027 1.0 -0.266991905564 -0.269375683222 
9.8998998999 1.0 -0.45744688336 -0.366006815253 
-0.930930930931 1.0 -0.802176135594 -0.86415609682 
-6.41641641642 1.0 -0.132837305145 -0.132351634292 
-3.43343343343 1.0 0.28771565565 0.457062139727 
5.73573573574 1.0 -0.520511228445 -0.550700180687 
2.37237237237 1.0 0.695575258639 0.706685600485 
8.65865865866 1.0 0.693344009372 0.628426174774 
-1.83183183183 1.0 -0.96612325186 -1.18334500236 
8.43843843844 1.0 0.834011915114 0.752260526438 
4.51451451451 1.0 -0.980486642048 -0.983006134723 
-3.35335335335 1.0 0.210181594637 0.366169995581 
-7.53753753754 1.0 -0.950347982805 -0.975622254311 
-8.85885885886 1.0 -0.536191852752 -0.536739754674 
2.69269269269 1.0 0.433974744115 0.447607874266 
9.45945945946 1.0 -0.034674546587 0.0194298231824 
0.750750750751 1.0 0.682187883844 0.681995419661 
9.17917917918 1.0 0.243137181641 0.253078859755 
-5.11511511512 1.0 0.919995965877 0.906710884424 
7.0970970971 1.0 0.726978798959 0.733381250316 
3.73373373373 1.0 -0.558138856901 -0.564730311273 
0.710710710711 1.0 0.65237258226 0.652381200132 
7.17717717718 1.0 0.779578080518 0.780221064611 
-5.51551551552 1.0 0.694460468753 0.689589081037 
9.13913913914 1.0 0.281770446506 0.285085876175 
6.31631631632 1.0 0.0331249483513 0.0309329392286 
5.81581581582 1.0 -0.450539443112 -0.479062355217 
9.95995995996 1.0 -0.509997599178 -0.41887357816 
-0.0500500500501 1.0 -0.0500291567086 -0.0478847170756 
-8.21821821822 1.0 -0.934395989648 -0.932036823364 
-6.71671671672 1.0 -0.42007812671 -0.435508419327 
-3.21321321321 1.0 0.0715593456609 0.193333686208 
5.95595595596 1.0 -0.32142063693 -0.344877570803 
6.8968968969 1.0 0.575905704393 0.591142846285 
-5.71571571572 1.0 0.537499969971 0.54086751143 
-8.17817817818 1.0 -0.947906971008 -0.946684139604 
-0.570570570571 1.0 -0.540112324789 -0.559430720001 
-6.95695695696 1.0 -0.623937863975 -0.650240337542 
2.45245245245 1.0 0.635873830576 0.648140165319 
-3.75375375375 1.0 0.574637462441 0.752270484489 
-9.11911911912 1.0 -0.30092154409 -0.311522667037 
6.95695695696 1.0 0.623937863975 0.637413938472 
7.07707707708 1.0 0.713087090062 0.720743586617 
4.37437437437 1.0 -0.943414910292 -0.946071544962 
1.91191191191 1.0 0.942382045726 0.944903542792 
3.97397397397 1.0 -0.739536372707 -0.74586980193 
7.45745745746 1.0 0.922408976872 0.895834115022 
9.97997997998 1.0 -0.527114985665 -0.436465726491 
0.530530530531 1.0 0.505991015532 0.507010703427 
2.01201201201 1.0 0.904233186475 0.908510277263 
6.85685685686 1.0 0.542719485852 0.55869527544 
-7.2972972973 1.0 -0.849011685183 -0.879768321847 
-4.95495495495 1.0 0.970724838874 0.962761977842 
-0.29029029029 1.0 -0.286230381945 -0.289304323463 
2.43243243243 1.0 0.651196684992 0.663199952422 
-1.97197197197 1.0 -0.920602539794 -1.1461896305 
4.65465465465 1.0 -0.998333836705 -1.00210289534 
6.81681681682 1.0 0.508663293061 0.52503093099 
6.0960960961 1.0 -0.185999691898 -0.202102111035 
3.21321321321 1.0 -0.0715593456609 -0.0674427624468 
5.93593593594 1.0 -0.340312647942 -0.36464936997 
8.61861861862 1.0 0.721633711464 0.652791809713 
6.11611611612 1.0 -0.166293065952 -0.181205732845 
9.55955955956 1.0 -0.13437389375 -0.0670232704913 
0.910910910911 1.0 0.790062479764 0.789158403422 
-9.73973973974 1.0 0.309780130585 0.286849441025 
1.33133133133 1.0 0.971465007816 0.969564565832 
4.13413413413 1.0 -0.837417761709 -0.842236609843 
8.31831831832 1.0 0.894118814814 0.808366377535 
-6.05605605606 1.0 0.225181436261 0.235297632823 
4.25425425425 1.0 -0.896879023055 -0.900443724846 
-0.03003003003 1.0 -0.0300255167065 -0.027696503674 
7.53753753754 1.0 0.950347982805 0.914922218804 
6.6966966967 1.0 0.401827232414 0.41735919227 
-1.65165165165 1.0 -0.996732988666 -1.19078589004 
1.13113113113 1.0 0.904894218889 0.903264350962 
8.8988988989 1.0 0.501973484202 0.467321163388 
-0.910910910911 1.0 -0.790062479764 -0.849003312493 
1.19119119119 1.0 0.928811026462 0.927048927012 
5.4954954955 1.0 -0.708725363073 -0.738473443129 
8.41841841842 1.0 0.844890020967 0.76221000177 
2.49249249249 1.0 0.604469813648 0.617203219284 
9.73973973974 1.0 -0.309780130585 -0.224822222696 
-9.75975975976 1.0 0.328751980598 0.306377974637 
-8.91891891892 1.0 -0.484559073218 -0.48719211684 
-7.997997998 1.0 -0.989647555109 -0.995003964688 
0.47047047047 1.0 0.453305691794 0.454688804661 
-0.590590590591 1.0 -0.556851671602 -0.577863381247 
-8.57857857858 1.0 -0.748766641479 -0.743149773901 
-7.77777777778 1.0 -0.997097890944 -1.01236456346 
-0.750750750751 1.0 -0.682187883844 -0.719599104939 
-1.25125125125 1.0 -0.949378423874 -1.06832263672 
-2.39239239239 1.0 -0.681053382124 -0.859597935603 
-7.03703703704 1.0 -0.684451964588 -0.713138890848 
8.83883883884 1.0 0.552982096013 0.50981569174 
9.31931931932 1.0 0.105263273301 0.138115496286 
-7.5975975976 1.0 -0.967313252172 -0.990371066381 
-9.61961961962 1.0 0.193611192318 0.169147652814 
4.01401401401 1.0 -0.765888052358 -0.771903272724 
6.03603603604 1.0 -0.244640851113 -0.26412664387 
-9.2992992993 1.0 -0.125149645879 -0.142921784438 
9.05905905906 1.0 0.357620745349 0.347807571026 
-1.07107107107 1.0 -0.877714248189 -0.96290888556 
-2.99299299299 1.0 -0.148053371305 -0.102933812917 
2.83283283283 1.0 0.303877337824 0.316496997532 
8.01801801802 1.0 0.986576173517 0.906919259167 
6.53653653654 1.0 0.250649611665 0.260910304492 
2.65265265265 1.0 0.469690351946 0.483355838458 
3.31331331331 1.0 -0.170877953796 -0.16958951038 
-9.37937937938 1.0 -0.0453829883483 -0.0658503848993 
-8.83883883884 1.0 -0.552982096013 -0.552883113132 
5.43543543544 1.0 -0.749793457774 -0.778302639135 
5.77577577578 1.0 -0.485914794209 -0.515386998982 
-5.05505505506 1.0 0.941862214566 0.929799390401 
-2.85285285285 1.0 -0.284744420138 -0.296930682841 
5.6956956957 1.0 -0.554273288059 -0.584945376937 
-5.87587587588 1.0 0.396140311588 0.404407608904 
7.93793793794 1.0 0.996477739177 0.921934798745 
2.75275275275 1.0 0.379115173303 0.392485785498 
-4.69469469469 1.0 0.999843460211 1.01588700028 
-6.7967967968 1.0 -0.491325964149 -0.510859206548 
8.4984984985 1.0 0.799390133963 0.721043917304 
6.43643643644 1.0 0.152651959622 0.157768090739 
7.73773773774 1.0 0.993251282848 0.936265388917 
-5.45545545546 1.0 0.736397402892 0.729108229159 
0.730730730731 1.0 0.667413978747 0.667320887972 
6.51651651652 1.0 0.231219739195 0.240545539411 
-4.67467467467 1.0 0.999288899866 1.01798966066 
4.23423423423 1.0 -0.887845512006 -0.891605965767 
6.07607607608 1.0 -0.205631771434 -0.222895011725 
0.610610610611 1.0 0.573367839051 0.573918833602 
5.61561561562 1.0 -0.61907922661 -0.650027335396 
-2.27227227227 1.0 -0.763890524376 -0.967968778251 
3.19319319319 1.0 -0.0515776439174 -0.0468942928757 
-7.47747747748 1.0 -0.929955638285 -0.957157434269 
-5.31531531532 1.0 0.823679750423 0.811841113985 
9.81981981982 1.0 -0.384846824231 -0.295402681352 
-2.53253253253 1.0 -0.572096837274 -0.709346929038 
-3.85385385385 1.0 0.653546911213 0.821017444447 
-4.41441441441 1.0 0.955933085822 1.01818416103 
-2.47247247247 1.0 -0.620296125676 -0.776643911245 
-8.13813813814 1.0 -0.959898466376 -0.959943531833 
-2.01201201201 1.0 -0.904233186475 -1.1302660177 
3.23323323323 1.0 -0.0915123672906 -0.0879646363238 
1.75175175175 1.0 0.983672194447 0.98395482523 
-2.05205205205 1.0 -0.886414355831 -1.11193663078 
4.17417417417 1.0 -0.858625146533 -0.863012303508 
0.31031031031 1.0 0.305354140677 0.307664115857 
1.29129129129 1.0 0.961192106815 0.959302242418 
-0.950950950951 1.0 -0.813968289004 -0.879060588898 
-5.35535535536 1.0 0.800320725902 0.789567784917 
-9.21921921922 1.0 -0.204114170152 -0.218817873706 
-8.07807807808 1.0 -0.974995298193 -0.97716565063 
-6.11611611612 1.0 0.166293065952 0.17600138695 
2.93293293293 1.0 0.207148878373 0.218216357409 
7.71771771772 1.0 0.990730428893 0.935783630426 
2.85285285285 1.0 0.284744420138 0.297106307127 
7.63763763764 1.0 0.976688773762 0.930225881306 
-0.43043043043 1.0 -0.417262010319 -0.426811012005 
3.95395395395 1.0 -0.725913266541 -0.732383251867 
7.8978978979 1.0 0.999035835857 0.927508495459 
7.85785785786 1.0 0.999992487454 0.931755185327 
4.83483483483 1.0 -0.99251286792 -1.00015623325 
5.53553553554 1.0 -0.679917243139 -0.710266421102 
-9.01901901902 1.0 -0.39471619201 -0.401202320036 
4.03403403403 1.0 -0.778606064409 -0.784442790252 
-4.79479479479 1.0 0.996606561851 1.00107896544 
-6.35635635636 1.0 -0.0731057736575 -0.0699564652573 
-3.11311311311 1.0 -0.0284756907485 0.0613433337845 
5.0950950951 1.0 -0.927657483133 -0.944407588124 
6.05605605606 1.0 -0.225181436261 -0.243573456576 
-3.81381381381 1.0 0.622725447279 0.7948511555 
3.57357357357 1.0 -0.41867057176 -0.423417187215 
7.51751751752 1.0 0.943927941216 0.910725706211 
-8.73873873874 1.0 -0.633477463068 -0.630572784641 
-7.97797797798 1.0 -0.992322298019 -0.998526654947 
-0.23023023023 1.0 -0.228201684929 -0.229362257744 
-7.33733733734 1.0 -0.869481672757 -0.899773128595 
-2.35235235235 1.0 -0.709818357066 -0.897943268402 
6.55655655656 1.0 0.269979026825 0.281120543585 
-0.730730730731 1.0 -0.667413978747 -0.702493483741 
-1.33133133133 1.0 -0.971465007816 -1.10617594856 
-2.41241241241 1.0 -0.666258547712 -0.839625157727 
9.2992992993 1.0 0.125149645879 0.154792480826 
6.93693693694 1.0 0.608168751487 0.622318706822 
3.47347347347 1.0 -0.325821789448 -0.328606520564 
1.57157157157 1.0 0.999999699498 0.998739971312 
5.97597597598 1.0 -0.302399804444 -0.324929522044 
6.65665665666 1.0 0.36484968073 0.379472738791 
8.03803803804 1.0 0.983109384216 0.902380597533 
8.33833833834 1.0 0.884974675839 0.799626585956 
6.75675675676 1.0 0.456067581459 0.472385149857 
-2.23223223223 1.0 -0.789111039566 -0.999526690739 
-4.23423423423 1.0 0.887845512006 0.986677693728 
-0.11011011011 1.0 -0.109887744787 -0.108492782775 
5.51551551552 1.0 -0.694460468753 -0.724532862766 
2.99299299299 1.0 0.148053371305 0.157898127848 
-3.23323323323 1.0 0.0915123672906 0.218971981153 
10.0 1.0 -0.544021110889 -0.454038663461 
-9.07907907908 1.0 -0.338854295004 -0.347794798756 
2.13213213213 1.0 0.846544793956 0.85315173524 
3.93393393393 1.0 -0.711999223182 -0.718588748525 
-3.27327327327 1.0 0.131300397197 0.269357772916 
-5.95595595596 1.0 0.32142063693 0.331058679621 
1.47147147147 1.0 0.995071340501 0.993375876211 
-7.4974974975 1.0 -0.93712958481 -0.963724352963 
-3.17317317317 1.0 0.0315752704827 0.141245515773 
-5.27527527528 1.0 0.845718424022 0.833016846324 
9.93993993994 1.0 -0.492675811867 -0.401264698461 
5.25525525526 1.0 -0.856231505045 -0.879155822714 
0.35035035035 1.0 0.343226895963 0.34532154957 
6.2962962963 1.0 0.0131106134944 0.00963536459847 
-3.95395395395 1.0 0.725913266541 0.878832884689 
-8.71871871872 1.0 -0.648840196822 -0.645469412296 
1.09109109109 1.0 0.887131000257 0.885607645061 
4.97497497497 1.0 -0.965721938658 -0.977913692484 
7.23723723724 1.0 0.81576576016 0.811378555219 
-3.63363363363 1.0 0.472425730458 0.654948731287 
-8.4984984985 1.0 -0.799390133963 -0.793353470676 
-8.41841841842 1.0 -0.844890020967 -0.839094257985 
-6.03603603604 1.0 0.244640851113 0.254776321356 
7.997997998 1.0 0.989647555109 0.911147667193 
-7.31731731732 1.0 -0.859418901282 -0.88996781768 
-2.31231231231 1.0 -0.737445499834 -0.934089368181 
3.35335335335 1.0 -0.210181594637 -0.209987601243 
-5.15515515516 1.0 0.903569980268 0.889940318922 
8.13813813814 1.0 0.959898466376 0.875163742898 
-1.53153153153 1.0 -0.999229236959 -1.17263685035 
-0.990990990991 1.0 -0.836569314705 -0.908098873713 
1.05105105105 1.0 0.867945718946 0.866541504971 
-9.25925925926 1.0 -0.164763965562 -0.18103765593 
9.23923923924 1.0 0.184476035731 0.204335709865 
5.57557557558 1.0 -0.650019222236 -0.680772528574 
2.89289289289 1.0 0.246143932464 0.257909780942 
-4.43443443443 1.0 0.961618700226 1.02002273088 
-4.59459459459 1.0 0.993070259711 1.02348391463 
-9.71971971972 1.0 0.290684124469 0.267288408747 
1.39139139139 1.0 0.983950052752 0.982087106434 
0.890890890891 1.0 0.777632176518 0.776809043907 
-8.97897897898 1.0 -0.431178912314 -0.436078162917 
-6.87687687688 1.0 -0.559424700424 -0.582634377307 
-9.95995995996 1.0 0.509997599178 0.49898402248 
9.75975975976 1.0 -0.328751980598 -0.242455618957 
2.33233233233 1.0 0.723776968945 0.734218278951 
2.31231231231 1.0 0.737445499834 0.747534098082 
8.27827827828 1.0 0.911328515751 0.825082019374 
-2.73273273273 1.0 -0.397563478837 -0.459559034344 
9.5995995996 1.0 -0.173932497848 -0.101895583629 
8.21821821822 1.0 0.934395989648 0.848188249801 
-7.83783783784 1.0 -0.999869691753 -1.01236645379 
-7.05705705706 1.0 -0.698909584547 -0.728070827755 
2.95295295295 1.0 0.187522900919 0.198205083156 
-5.85585585586 1.0 0.41444188151 0.422241036175 
-3.55355355355 1.0 0.400406942668 0.581049923309 
5.2952952953 1.0 -0.834866389361 -0.859217024602 
-3.29329329329 1.0 0.151119458915 0.294075820461 
-4.45445445445 1.0 0.966918909573 1.02154189377 
-0.530530530531 1.0 -0.505991015532 -0.522152023806 
-7.95795795796 1.0 -0.994599330244 -1.00166846261 
4.31431431431 1.0 -0.921809046742 -0.924851984234 
0.850850850851 1.0 0.75184168035 0.751187260899 
4.77477477477 1.0 -0.998054637396 -1.00413124173 
-8.33833833834 1.0 -0.884974675839 -0.880080435219 
3.91391391391 1.0 -0.69779981921 -0.704490481371 
-2.11211211211 1.0 -0.857031446499 -1.07990421259 
3.55355355355 1.0 -0.400406942668 -0.404806908707 
-3.09309309309 1.0 -0.0484805492288 0.0343110497938 
3.75375375375 1.0 -0.574637462441 -0.581339661307 
9.67967967968 1.0 -0.252150304413 -0.172007894183 
1.63163163163 1.0 0.998150103477 0.997290246256 
1.61161161161 1.0 0.999167171889 0.998161770947 
1.93193193193 1.0 0.935496175869 0.938349934746 
-5.37537537538 1.0 0.788157702332 0.778020525671 
8.77877877878 1.0 0.601996584369 0.550895697863 
8.45845845846 1.0 0.822799547447 0.742080503877 
-4.17417417417 1.0 0.858625146533 0.969885258675 
9.6996996997 1.0 -0.271471615699 -0.189595538434 
7.47747747748 1.0 0.929955638285 0.901183028441 
8.37837837838 1.0 0.865626143701 0.781402157346 
4.09409409409 1.0 -0.81486800406 -0.820111939448 
8.67867867868 1.0 0.678779469621 0.615957149333 
-9.23923923924 1.0 -0.184476035731 -0.199972352164 
5.13513513514 1.0 -0.911965725448 -0.930288133398 
7.95795795796 1.0 0.994599330244 0.918659062473 
-0.650650650651 1.0 -0.605704250039 -0.632265419548 
-1.99199199199 1.0 -0.912600742763 -1.13852738317 
4.61461461461 1.0 -0.995223893414 -0.998479390412 
2.23223223223 1.0 0.789111039566 0.797698625489 
5.21521521522 1.0 -0.87622408965 -0.897654241205 
-1.61161161161 1.0 -0.999167171889 -1.1866866495 
6.17617617618 1.0 -0.106805021793 -0.118007915097 
-7.6976976977 1.0 -0.987812502254 -1.00669235899 
6.4964964965 1.0 0.211697196671 0.220037484524 
-6.57657657658 1.0 -0.289200237681 -0.296982864396 
-7.73773773774 1.0 -0.993251282848 -1.01034375489 
-6.47647647648 1.0 -0.19208980849 -0.194550630989 
-3.79379379379 1.0 0.606937230307 0.781104174462 
3.41341341341 1.0 -0.268485788917 -0.269850203363 
0.15015015015 1.0 0.149586594914 0.152461410286 
2.91291291291 1.0 0.226691833081 0.238120861258 
3.39339339339 1.0 -0.249148316352 -0.250006569739 
-6.65665665666 1.0 -0.36484968073 -0.377031974187 
-1.45145145145 1.0 -0.992886849216 -1.15118282879 
3.71371371371 1.0 -0.541416556108 -0.54787061617 
6.5965965966 1.0 0.308305540605 0.321033327664 
-4.11411411411 1.0 0.826308470068 0.949755307106 
-8.51851851852 1.0 -0.787202470352 -0.781209304432 
-6.25625625626 1.0 0.0269257963344 0.0336961327703 
2.51251251251 1.0 0.588401237484 0.601336404193 
8.25825825826 1.0 0.919387180273 0.833050220685 
-3.15315315315 1.0 0.0115602420643 0.114829491474 
2.73273273273 1.0 0.397563478837 0.411050352677 
-8.65865865866 1.0 -0.693344009372 -0.688785582579 
8.87887887888 1.0 0.519186710331 0.481637277917 
2.57257257257 1.0 0.53880679503 0.552207889236 
4.11411411411 1.0 -0.826308470068 -0.831341628012 
-7.17717717718 1.0 -0.779578080518 -0.810492480279 
-5.53553553554 1.0 0.679917243139 0.675882246123 
-1.59159159159 1.0 -0.999783786273 -1.18389456307 
-1.75175175175 1.0 -0.983672194447 -1.19203910741 
3.51351351351 1.0 -0.363405633971 -0.367041734456 
-4.13413413413 1.0 0.837417761709 0.956843608721 
8.75875875876 1.0 0.617860839267 0.56425809216 
-9.93993993994 1.0 0.492675811867 0.480000472523 
-6.97697697698 1.0 -0.639456909771 -0.666425985023 
7.65765765766 1.0 0.980790267476 0.932165265181 
-0.31031031031 1.0 -0.305354140677 -0.309173218751 
5.45545545546 1.0 -0.736397402892 -0.765361844304 
-4.97497497497 1.0 0.965721938658 0.956721986472 
-4.65465465465 1.0 0.998333836705 1.01980249405 
-5.91591591592 1.0 0.359068265792 0.368124835896 
9.15915915916 1.0 0.26250641876 0.269133422821 
-7.25725725726 1.0 -0.827180739833 -0.858199911453 
-3.91391391391 1.0 0.69779981921 0.856992377195 
-1.39139139139 1.0 -0.983950052752 -1.13052392472 
-9.81981981982 1.0 0.384846824231 0.364726813911 
-4.51451451451 1.0 0.980486642048 1.02421416415 
-3.45345345345 1.0 0.306830209454 0.478786082655 
6.7967967968 1.0 0.491325964149 0.507760977863 
0.11011011011 1.0 0.109887744787 0.112783185182 
1.87187187187 1.0 0.955018091318 0.956907581618 
9.4994994995 1.0 -0.0746520259067 -0.0150115172742 
-2.07207207207 1.0 -0.876970223046 -1.10186518862 
5.7957957958 1.0 -0.468320967329 -0.497347407923 
-0.890890890891 1.0 -0.777632176518 -0.833608626614 
0.790790790791 1.0 0.710909644644 0.71052544646 
-2.17217217217 1.0 -0.824557973258 -1.04242092252 
-9.77977977978 1.0 0.347592070824 0.325869798791 
-0.550550550551 1.0 -0.523156507537 -0.540858353205 
-6.4964964965 1.0 -0.211697196671 -0.215189518832 
-0.41041041041 1.0 -0.398985690337 -0.407420831445 
-1.35135135135 1.0 -0.97601842181 -1.11468930272 
6.37637637638 1.0 0.0930562402792 0.0946262208707 
4.81481481481 1.0 -0.994759058541 -1.00185144414 
8.1981981982 1.0 0.941340119153 0.855350424915 
9.1991991992 1.0 0.223670498102 0.236925513813 
-6.15615615616 1.0 0.126687794244 0.135834323642 
-2.83283283283 1.0 -0.303877337824 -0.324424699511 
0.650650650651 1.0 0.605704250039 0.606031758335 
9.3993993994 1.0 0.0253758371902 0.0706805314511 
-3.61361361361 1.0 0.454687183165 0.637146495404 
-6.55655655656 1.0 -0.269979026825 -0.276670776141 
5.67567567568 1.0 -0.570824460166 -0.601651001549 
5.3953953954 1.0 -0.775678794758 -0.803161470226 
-9.0990990991 1.0 -0.319952035985 -0.329721895443 
-7.91791791792 1.0 -0.997956771974 -1.00679797121 
5.23523523524 1.0 -0.866401418913 -0.888585815119 
-8.37837837838 1.0 -0.865626143701 -0.860199449539 
4.73473473473 1.0 -0.99975034402 -1.00493160909 
-3.13313313313 1.0 -0.00845941955823 0.0881892264588 
-3.87387387387 1.0 0.668567805308 0.833442456337 
2.05205205205 1.0 0.886414355831 0.891449292677 
9.37937937938 1.0 0.0453829883483 0.0876419438556 
6.3963963964 1.0 0.112969411094 0.115750740666 
9.63963963964 1.0 -0.213212289782 -0.136898289647 
8.97897897898 1.0 0.431178912314 0.408625798835 
-4.39439439439 1.0 0.949864345085 1.01602287023 
3.01301301301 1.0 0.128225638051 0.137620702279 
3.69369369369 1.0 -0.524477262156 -0.53076709657 
2.21221221221 1.0 0.801249393857 0.809445830482 
-0.17017017017 1.0 -0.169350063744 -0.169038943451 
-3.33333333333 1.0 0.190567962875 0.342494341634 
3.65365365365 1.0 -0.489974935275 -0.495855724313 
-4.71471471471 1.0 0.999997295481 1.0134961373 
1.71171171171 1.0 0.990087845702 0.98993758804 
6.57657657658 1.0 0.289200237681 0.301165183511 
3.67367367367 1.0 -0.507327764109 -0.513426485157 
-3.41341341341 1.0 0.268485788917 0.434930032924 
-7.75775775776 1.0 -0.995374053792 -1.01155725715 
-2.59259259259 1.0 -0.521834495241 -0.638144997067 
9.61961961962 1.0 -0.193611192318 -0.119382114098 
9.07907907908 1.0 0.338854295004 0.332297101417 
-6.13613613614 1.0 0.146519791772 0.155975911805 
-1.13113113113 1.0 -0.904894218889 -1.00094709163 
2.55255255255 1.0 0.555563147622 0.568833100342 
8.81881881882 1.0 0.569550710787 0.523670927044 
-4.63463463463 1.0 0.996978653508 1.02132375205 
9.01901901902 1.0 0.39471619201 0.378468251657 
-4.57457457457 1.0 0.990518615549 1.02411868304 
-0.770770770771 1.0 -0.69668837635 -0.73651224485 
9.41941941942 1.0 0.00535851570584 0.0536559493322 
-6.45645645646 1.0 -0.172405433055 -0.173857422991 
-2.15215215215 1.0 -0.835718856574 -1.05551961471 
3.53353353353 1.0 -0.381982835353 -0.386012327123 
-3.01301301301 1.0 -0.128225638051 -0.0752774197697 
-8.23823823824 1.0 -0.927077365617 -0.924202276881 
9.77977977978 1.0 -0.347592070824 -0.26009866304 
0.990990990991 1.0 0.836569314705 0.835364642261 
3.49349349349 1.0 -0.34468278404 -0.347903591573 
-9.31931931932 1.0 -0.105263273301 -0.123751087804 
-5.75575575576 1.0 0.503313872361 0.508126926787 
-9.53953953954 1.0 0.114509838728 0.0905026365928 
-4.87487487487 1.0 0.986828185163 0.984150335175 
1.81181181181 1.0 0.971096090611 0.972125598379 
1.35135135135 1.0 0.97601842181 0.974122943851 
-6.07607607608 1.0 0.205631771434 0.215670366387 
-5.13513513514 1.0 0.911965725448 0.89846340084 
-1.31131131131 1.0 -0.966522242485 -1.09727519558 
2.15215215215 1.0 0.835718856574 0.842724426714 
-7.57757757758 1.0 -0.96204298189 -0.985868241532 
1.15115115115 1.0 0.91323356617 0.911555699887 
3.09309309309 1.0 0.0484805492288 0.0559026521885 
7.4974974975 1.0 0.93712958481 0.9061464625 
6.27627627628 1.0 -0.00690897593668 -0.0116753867945 
-5.8958958959 1.0 0.377679973455 0.386367047452 
-8.75875875876 1.0 -0.617860839267 -0.615455594555 
-1.79179179179 1.0 -0.975679725882 -1.18879919432 
-9.8998998999 1.0 0.45744688336 0.441822718283 
4.79479479479 1.0 -0.996606561851 -1.00317638447 
-5.6956956957 1.0 0.554273288059 0.556876475702 
2.53253253253 1.0 0.572096837274 0.585211178299 
5.37537537538 1.0 -0.788157702332 -0.815073746506 
-0.690690690691 1.0 -0.637069722791 -0.667728713778 
1.11111111111 1.0 0.89619220103 0.894613912276 
-3.47347347347 1.0 0.325821789448 0.500094466596 
4.15415415415 1.0 -0.848191426515 -0.852794309523 
-4.05405405405 1.0 0.791012020637 0.926166012862 
8.93893893894 1.0 0.466950456861 0.438252682332 
6.33633633634 1.0 0.0531260071326 0.0522053003324 
-6.27627627628 1.0 0.00690897593668 0.0130475678236 
-1.95195195195 1.0 -0.928235370545 -1.15325566181 
7.77777777778 1.0 0.997097890944 0.93615941995 
-5.77577577578 1.0 0.485914794209 0.491402593684 
8.05805805806 1.0 0.979248576653 0.897535381789 
1.21121121121 1.0 0.936042896216 0.93424512869 
2.67267267267 1.0 0.451923110669 0.465586520753 
-3.71371371371 1.0 0.541416556108 0.721638335094 
-1.81181181181 1.0 -0.971096090611 -1.18635186856 
0.39039039039 1.0 0.380549461752 0.382414179554 
5.55555555556 1.0 -0.665101514979 -0.695678202088 
-2.09209209209 1.0 -0.867174611281 -1.09118783784 
9.27927927928 1.0 0.144985860003 0.171390339762 
1.49149149149 1.0 0.996857019318 0.995227244464 
5.15515515516 1.0 -0.903569980268 -0.922677742063 
-3.51351351351 1.0 0.363405633971 0.541438641132 
7.83783783784 1.0 0.999869691753 0.93337234794 
3.25325325325 1.0 -0.111428711879 -0.108450066081 
-2.63263263263 1.0 -0.487269347053 -0.588737467731 
-4.55455455455 1.0 0.987569983594 1.02445360072 
3.07307307307 1.0 0.0684659772958 0.0764044489338 
7.6976976977 1.0 0.987812502254 0.934941522087 
4.59459459459 1.0 -0.993070259711 -0.996116807025 
-10.0 1.0 0.544021110889 0.536723092655 
-9.87987987988 1.0 0.439553861488 0.422635700304 
-3.65365365365 1.0 0.489974935275 0.672299716718 
-1.73173173173 1.0 -0.987077824457 -1.19284417428 
-0.0700700700701 1.0 -0.0700127456343 -0.0680842325787 
-5.97597597598 1.0 0.302399804444 0.312246985459 
3.87387387387 1.0 -0.668567805308 -0.675400428015 
0.670670670671 1.0 0.62151153354 0.621730492598 
7.1971971972 1.0 0.791959659904 0.790989021896 
-8.2982982983 1.0 -0.902904601864 -0.898702650298 
7.87787787788 1.0 0.99971449835 0.929799440387 
0.930930930931 1.0 0.802176135594 0.801193402299 
-5.0950950951 1.0 0.927657483133 0.914682739089 
-6.83683683684 1.0 -0.525796755923 -0.547232038423 
2.47247247247 1.0 0.620296125676 0.632806222103 
-1.93193193193 1.0 -0.935496175869 -1.15972881019 
-7.0970970971 1.0 -0.726978798959 -0.756935088565 
7.31731731732 1.0 0.859418901282 0.847529213124 
-5.43543543544 1.0 0.749793457774 0.741743281378 
-0.830830830831 1.0 -0.738491823944 -0.786036314881 
-2.97297297297 1.0 -0.167821766571 -0.130650170361 
0.29029029029 1.0 0.286230381945 0.288640467022 
-6.1961961962 1.0 0.0868794431893 0.0952377745217 
3.85385385385 1.0 -0.653546911213 -0.660418044863 
7.55755755756 1.0 0.956387136503 0.918737622353 
7.43743743744 1.0 0.914492625181 0.890098610873 
7.3973973974 1.0 0.897563688968 0.877464318003 
-6.77677677678 1.0 -0.473791717778 -0.492332449615 
-3.49349349349 1.0 0.34468278404 0.520980632429 
-9.05905905906 1.0 -0.357620745349 -0.36573605226 
0.23023023023 1.0 0.228201684929 0.230870438113 
8.3983983984 1.0 0.855429505195 0.77192514358 
2.81281281281 1.0 0.322888465175 0.335738281654 
6.47647647648 1.0 0.19208980849 0.199397525002 
