-9.85985985986 1.0 0.421484671785 -0.349444887066 
6.35635635636 1.0 0.0731057736575 0.0970424858645 
-2.81281281281 1.0 -0.322888465175 -0.242965423428 
-2.95295295295 1.0 -0.187522900919 -0.214780745663 
1.89189189189 1.0 0.948890220341 0.931381991066 
4.67467467467 1.0 -0.999288899866 -0.700074713419 
-6.3963963964 1.0 -0.112969411094 -0.243654848842 
-5.4954954955 1.0 0.708725363073 -0.192274717034 
-8.7987987988 1.0 -0.585891056576 -0.330440262133 
-9.55955955956 1.0 0.13437389375 -0.344898257482 
-8.53853853854 1.0 -0.774699305584 -0.324352997701 
-6.53653653654 1.0 -0.250649611665 -0.250839744204 
7.33733733734 1.0 0.869481672757 0.341864372732 
6.83683683684 1.0 0.525796755923 0.251350801068 
1.45145145145 1.0 0.992886849216 1.00400092622 
-7.71771771772 1.0 -0.990730428893 -0.300453238225 
1.65165165165 1.0 0.996732988666 0.997785744026 
-0.0900900900901 1.0 -0.0899682743046 -0.105690387207 
1.23123123123 1.0 0.942899611382 0.958192923433 
3.59359359359 1.0 -0.436766402789 -0.523483389597 
0.870870870871 1.0 0.764890207772 0.770319592544 
-7.63763763764 1.0 -0.976688773762 -0.297692532012 
0.37037037037 1.0 0.361960713579 0.336910039731 
9.35935935936 1.0 0.0653719505576 0.247710152699 
3.13313313313 1.0 0.00845941955822 -0.127178170289 
7.81781781782 1.0 0.999346160464 0.372238673495 
-1.17117117117 1.0 -0.921206900567 -0.617399809637 
-2.37237237237 1.0 -0.695575258639 -0.356667954103 
-6.33633633634 1.0 -0.0531260071326 -0.240495009063 
8.07807807808 1.0 0.974995298193 0.370554580334 
-7.81781781782 1.0 -0.999346160464 -0.30378980302 
-4.29429429429 1.0 0.913864194148 -0.13194272029 
-4.77477477477 1.0 0.998054637396 -0.151056031847 
-5.7957957958 1.0 0.468320967329 -0.210154503605 
-8.6986986987 1.0 -0.66394288333 -0.328175133228 
8.23823823824 1.0 0.927077365617 0.364402268113 
-0.13013013013 1.0 -0.1297631736 -0.140941793334 
0.13013013013 1.0 0.1297631736 0.10085120879 
-8.61861861862 1.0 -0.721633711464 -0.326295152539 
-7.07707707708 1.0 -0.713087090062 -0.275968501288 
8.91891891892 1.0 0.484559073218 0.305474793447 
2.29229229229 1.0 0.750818471552 0.690783143109 
-8.87887887888 1.0 -0.519186710331 -0.332186528986 
8.95895895896 1.0 0.449154692451 0.300723801916 
-0.19019019019 1.0 -0.189045659132 -0.192077709814 
-4.33433433433 1.0 0.929384449502 -0.133031044395 
-0.39039039039 1.0 -0.380549461752 -0.34472732969 
-4.53453453453 1.0 0.984225545624 -0.140024731817 
4.47447447447 1.0 -0.971831589603 -0.745168031686 
-8.15815815816 1.0 -0.9540939133 -0.314225607939 
4.19419419419 1.0 -0.868714740054 -0.755307465174 
4.91491491491 1.0 -0.979561626072 -0.61369988651 
-5.5955955956 1.0 0.634676409709 -0.198273872863 
-9.03903903904 1.0 -0.376243865658 -0.335510484641 
-1.05105105105 1.0 -0.867945718946 -0.608787787516 
-0.870870870871 1.0 -0.764890207772 -0.57450497607 
5.11511511512 1.0 -0.919995965877 -0.52227897035 
-8.55855855856 1.0 -0.761885650774 -0.324844458816 
2.27227227227 1.0 0.763890524376 0.706227707715 
3.15315315315 1.0 -0.0115602420643 -0.147069677364 
3.99399399399 1.0 -0.752863081707 -0.718184331746 
-8.3983983984 1.0 -0.855429505195 -0.320799449959 
-4.89489489489 1.0 0.983391971377 -0.157331051342 
7.11711711712 1.0 0.740579143612 0.310296165031 
0.830830830831 1.0 0.738491823944 0.741720896976 
-1.55155155155 1.0 -0.999814825028 -0.583554542454 
0.03003003003 1.0 0.0300255167065 0.00475571887262 
8.73873873874 1.0 0.633477463068 0.325347354036 
-8.8988988989 1.0 -0.501973484202 -0.332614167225 
-9.51951951952 1.0 0.094599889559 -0.3442469556 
-9.41941941942 1.0 -0.00535851570584 -0.342569557012 
-6.23623623624 1.0 0.046931825201 -0.23512519362 
3.77377377377 1.0 -0.590905760288 -0.630911349081 
-6.8968968969 1.0 -0.575905704393 -0.268055050247 
-4.83483483483 1.0 0.99251286792 -0.15414277448 
0.21021021021 1.0 0.208665487323 0.179302924449 
-1.77177177177 1.0 -0.979872320608 -0.533533829872 
-8.67867867868 1.0 -0.678779469621 -0.32771087367 
0.970970970971 1.0 0.825434213842 0.835533985855 
-1.71171171171 1.0 -0.990087845702 -0.548713589902 
-0.49049049049 1.0 -0.471058607419 -0.409290662107 
6.01601601602 1.0 -0.264002216892 -0.0519587563784 
-8.77877877878 1.0 -0.601996584369 -0.329994638144 
7.7977977978 1.0 0.998422103411 0.371893996483 
-0.670670670671 1.0 -0.62151153354 -0.503625599503 
0.950950950951 1.0 0.813968289004 0.823238572357 
-8.11811811812 1.0 -0.965318303844 -0.313068093039 
-9.57957957958 1.0 0.154184093352 -0.345219783099 
7.25725725726 1.0 0.827180739833 0.331799889098 
-4.75475475475 1.0 0.999102704803 -0.150052120856 
-2.77277277277 1.0 -0.360514923027 -0.251797103707 
3.17317317317 1.0 -0.0315752704827 -0.16679599524 
-2.49249249249 1.0 -0.604469813648 -0.322447649356 
-3.31331331331 1.0 0.170877953796 -0.161993804993 
-3.77377377377 1.0 0.590905760288 -0.131371645218 
-5.73573573574 1.0 0.520511228445 -0.206613977625 
-3.89389389389 1.0 0.683320745574 -0.128824365511 
-5.33533533534 1.0 0.812162990678 -0.182674219363 
-9.45945945946 1.0 0.034674546587 -0.34324905084 
-5.41541541542 1.0 0.762889004574 -0.187469246486 
-7.67767767768 1.0 -0.984498672401 -0.299083161455 
-3.93393393393 1.0 0.711999223182 -0.128383226748 
-9.17917917918 1.0 -0.243137181641 -0.338242895986 
9.71971971972 1.0 -0.290684124469 0.193485132858 
-7.8978978979 1.0 -0.999035835857 -0.306369562458 
1.51151151151 1.0 0.998243169988 1.00692100384 
-8.27827827828 1.0 -0.911328515751 -0.317590770358 
6.87687687688 1.0 0.559424700424 0.261131216449 
4.45445445445 1.0 -0.966918909573 -0.74807407483 
-0.01001001001 1.0 -0.0100098428432 -0.0327565473349 
-1.11111111111 1.0 -0.89619220103 -0.614436518586 
-3.99399399399 1.0 0.752863081707 -0.128073906127 
-4.09409409409 1.0 0.81486800406 -0.128427518596 
0.0500500500501 1.0 0.0500291567086 0.0237339374327 
7.15715715716 1.0 0.766884055736 0.316959616187 
-2.93293293293 1.0 -0.207148878373 -0.218543718194 
-6.93693693694 1.0 -0.608168751487 -0.269853643926 
7.57757757758 1.0 0.96204298189 0.363087968623 
4.33433433433 1.0 -0.929384449502 -0.758710489382 
-6.21621621622 1.0 0.066919044364 -0.234036166641 
8.57857857858 1.0 0.748766641479 0.340685452759 
8.0980980981 1.0 0.970351253498 0.369983934908 
1.53153153153 1.0 0.999229236959 1.00698009541 
8.998998999 1.0 0.413030320922 0.295860676449 
6.41641641642 1.0 0.132837305145 0.120061969021 
-6.61661661662 1.0 -0.327287278425 -0.254824053878 
7.67767767768 1.0 0.984498672401 0.368265890769 
6.996996997 1.0 0.654719669029 0.287719839489 
5.05505505506 1.0 -0.941862214566 -0.551139056778 
-3.03303303303 1.0 -0.108346513523 -0.200614128762 
-5.63563563564 1.0 0.603233924101 -0.200665872326 
-6.6966966967 1.0 -0.401827232414 -0.258718338853 
-8.43843843844 1.0 -0.834011915114 -0.321835255835 
-0.33033033033 1.0 -0.32435551719 -0.302065013668 
-7.01701701702 1.0 -0.669720024621 -0.273382111934 
5.87587587588 1.0 -0.396140311588 -0.121250648388 
-5.57557557558 1.0 0.650019222236 -0.197075844523 
-4.49449449449 1.0 0.976354771373 -0.138439908212 
0.570570570571 1.0 0.540112324789 0.526559519706 
8.11811811812 1.0 0.965318303844 0.369354857387 
9.25925925926 1.0 0.164763965562 0.261799315026 
-5.01501501502 1.0 0.954557149695 -0.163959731447 
-4.01401401401 1.0 0.765888052358 -0.128060495951 
-4.31431431431 1.0 0.921809046742 -0.132472457674 
9.83983983984 1.0 -0.403246556161 0.174446091405 
1.77177177177 1.0 0.979872320608 0.972436338455 
-3.83383383383 1.0 0.63826408348 -0.129860220682 
4.41441441441 1.0 -0.955933085822 -0.752936400072 
-6.63663663664 1.0 -0.346137843492 -0.255806107585 
-8.5985985986 1.0 -0.735347535638 -0.325815509414 
-0.810810810811 1.0 -0.724845989014 -0.556966580593 
-2.33233233233 1.0 -0.723776968945 -0.368454086253 
3.37337337337 1.0 -0.229710988177 -0.352398025552 
4.69469469469 1.0 -0.999843460211 -0.694094644939 
5.01501501502 1.0 -0.954557149695 -0.569748546237 
-6.996996997 1.0 -0.654719669029 -0.272508573864 
2.39239239239 1.0 0.681053382124 0.60894898572 
-3.53353353353 1.0 0.381982835353 -0.142781514551 
-4.73473473473 1.0 0.99975034402 -0.14906162231 
-6.81681681682 1.0 -0.508663293061 -0.264389058701 
-1.69169169169 1.0 -0.992701051804 -0.553545993978 
5.03503503504 1.0 -0.948399735659 -0.560511003165 
3.03303303303 1.0 0.108346513523 -0.0256809455726 
-4.61461461461 1.0 0.995223893414 -0.143432779869 
5.75575575576 1.0 -0.503313872361 -0.183396558627 
-3.97397397397 1.0 0.739536372707 -0.128131458754 
1.67167167167 1.0 0.994916395419 0.99467290383 
-7.45745745746 1.0 -0.922408976872 -0.291175335672 
5.07507507508 1.0 -0.934947206573 -0.541638942342 
6.13613613614 1.0 -0.146519791772 0.00402594747642 
-7.15715715716 1.0 -0.766884055736 -0.27933749276 
6.97697697698 1.0 0.639456909771 0.283571361912 
3.89389389389 1.0 -0.683320745574 -0.684621053385 
-4.25425425425 1.0 0.896879023055 -0.130973239111 
7.27727727728 1.0 0.838264195546 0.334463741107 
1.69169169169 1.0 0.992701051804 0.991112598005 
9.0990990991 1.0 0.319952035985 0.283239792294 
-4.91491491491 1.0 0.979561626072 -0.158414041078 
-3.69369369369 1.0 0.524477262156 -0.13417908465 
-1.57157157157 1.0 -0.999999699498 -0.579720415599 
3.11311311311 1.0 0.0284756907485 -0.107133845862 
9.51951951952 1.0 -0.094599889559 0.224220488671 
-3.57357357357 1.0 0.41867057176 -0.140234954073 
-1.15115115115 1.0 -0.91323356617 -0.616701950006 
-4.15415415415 1.0 0.848191426515 -0.129116124708 
-7.1971971972 1.0 -0.791959659904 -0.280988099929 
5.995995996 1.0 -0.2832577738 -0.0616119384589 
8.35835835836 1.0 0.875475849797 0.357561752281 
0.01001001001 1.0 0.0100098428432 -0.0140782814265 
8.85885885886 1.0 0.536191852752 0.312381491672 
-5.61561561562 1.0 0.61907922661 -0.199470610316 
1.07107107107 1.0 0.877714248189 0.891083740939 
-1.47147147147 1.0 -0.995071340501 -0.597150684043 
1.99199199199 1.0 0.912600742763 0.885626782698 
9.43943943944 1.0 -0.0146609534063 0.236101344516 
-6.5965965966 1.0 -0.308305540605 -0.253836371614 
-7.7977977978 1.0 -0.998422103411 -0.303132518791 
3.33333333333 1.0 -0.190567962875 -0.317240443348 
-0.850850850851 1.0 -0.75184168035 -0.569008288882 
6.73673673674 1.0 0.438160658811 0.224851020292 
-1.23123123123 1.0 -0.942899611382 -0.617818445698 
2.61261261261 1.0 0.504653050544 0.405988707983 
-7.3973973974 1.0 -0.897563688968 -0.288906760694 
-0.510510510511 1.0 -0.488622728493 -0.421183626316 
1.55155155155 1.0 0.999814825028 1.00658291005 
-9.5995995996 1.0 0.173932497848 -0.345538587113 
-9.35935935936 1.0 -0.0653719505576 -0.341528534952 
8.51851851852 1.0 0.787202470352 0.345802545046 
2.59259259259 1.0 0.521834495241 0.425510923555 
6.67667667668 1.0 0.38341529066 0.207530281543 
2.03203203203 1.0 0.895503224543 0.864495844353 
7.01701701702 1.0 0.669720024621 0.291756792037 
1.59159159159 1.0 0.999783786273 1.00442297725 
-8.81881881882 1.0 -0.569550710787 -0.330882237355 
7.75775775776 1.0 0.995374053792 0.370985797743 
6.63663663664 1.0 0.346137843492 0.195386555039 
-4.07407407407 1.0 0.803100948886 -0.128274712143 
-2.79279279279 1.0 -0.341770182763 -0.247338830158 
-7.55755755756 1.0 -0.956387136503 -0.29484885386 
-7.35735735736 1.0 -0.879195966573 -0.287367178787 
-5.21521521522 1.0 0.87622408965 -0.17553802103 
5.83583583584 1.0 -0.432577348176 -0.141719887759 
-9.13913913914 1.0 -0.281770446506 -0.33747844089 
4.85485485485 1.0 -0.989868890237 -0.638052915096 
-2.61261261261 1.0 -0.504653050544 -0.290392930936 
0.810810810811 1.0 0.724845989014 0.726914737486 
-1.49149149149 1.0 -0.996857019318 -0.594025348336 
-3.25325325325 1.0 0.111428711879 -0.168873044771 
-3.59359359359 1.0 0.436766402789 -0.139063450617 
8.47847847848 1.0 0.811257411747 0.349006810468 
-1.91191191191 1.0 -0.942382045726 -0.49489898738 
9.53953953954 1.0 -0.114509838728 0.221210652733 
-0.45045045045 1.0 -0.435371096772 -0.384473786866 
-2.29229229229 1.0 -0.750818471552 -0.380387104894 
-3.19319319319 1.0 0.0515776439174 -0.176498956457 
-7.37737737738 1.0 -0.888557889358 -0.288139702501 
6.15615615616 1.0 -0.126687794244 0.0130154217591 
-8.0980980981 1.0 -0.970351253498 -0.312482501528 
1.43143143143 1.0 0.99030442098 1.00211249096 
-8.93893893894 1.0 -0.466950456861 -0.333458908481 
-2.87287287287 1.0 -0.265497380359 -0.230361621146 
-0.47047047047 1.0 -0.453305691794 -0.397052919813 
-5.3953953954 1.0 0.775678794758 -0.186268895062 
1.01101101101 1.0 0.84736912878 0.858956981895 
0.630630630631 1.0 0.589654207656 0.580112182803 
8.55855855856 1.0 0.761885650774 0.342431640379 
-5.03503503504 1.0 0.948399735659 -0.165091940152 
0.41041041041 1.0 0.398985690337 0.375842920545 
4.29429429429 1.0 -0.913864194148 -0.759539724574 
8.63863863864 1.0 0.707630665292 0.335212168179 
8.71871871872 1.0 0.648840196822 0.327391569955 
-3.07307307307 1.0 -0.0684659772958 -0.194061271929 
-5.65565565566 1.0 0.587146852786 -0.201859479952 
-6.0960960961 1.0 0.185999691898 -0.227401567624 
-8.25825825826 1.0 -0.919387180273 -0.317040936298 
2.87287287287 1.0 0.265497380359 0.140653747156 
-9.4994994995 1.0 0.0746520259067 -0.343917136088 
-2.51251251251 1.0 -0.588401237484 -0.316940468533 
7.03703703704 1.0 0.684451964588 0.295682982153 
-2.21221221221 1.0 -0.801249393857 -0.404577829944 
1.17117117117 1.0 0.921206900567 0.93627228117 
2.07207207207 1.0 0.876970223046 0.8417987373 
1.03103103103 1.0 0.857829327634 0.870072498588 
-8.01801801802 1.0 -0.986576173517 -0.310093942091 
-9.33933933934 1.0 -0.0853347124856 -0.34117562903 
3.43343343343 1.0 -0.28771565565 -0.402965115778 
3.05305305305 1.0 0.0884239650333 -0.0462099409513 
1.27127127127 1.0 0.955476737061 0.970590763921 
-3.05305305305 1.0 -0.0884239650333 -0.197293625928 
-0.37037037037 1.0 -0.361960713579 -0.3308237319 
0.590590590591 1.0 0.556851671602 0.544626513476 
4.35435435435 1.0 -0.936587366299 -0.757773908656 
5.27527527528 1.0 -0.845718424022 -0.440931256905 
0.510510510511 1.0 0.488622728493 0.471204602729 
6.23623623624 1.0 -0.046931825201 0.0479339866106 
-1.67167167167 1.0 -0.994916395419 -0.558254450676 
-6.31631631632 1.0 -0.0331249483513 -0.239431262905 
0.33033033033 1.0 0.32435551719 0.29768368124 
-4.85485485485 1.0 0.989868890237 -0.155194929628 
8.2982982983 1.0 0.902904601864 0.3612068932 
2.77277277277 1.0 0.360514923027 0.244529547125 
-1.01101101101 1.0 -0.84736912878 -0.603465637461 
-4.27427427427 1.0 0.905553075921 -0.131442690213 
-0.610610610611 1.0 -0.573367839051 -0.475383124448 
-8.03803803804 1.0 -0.983109384216 -0.310698065046 
-4.99499499499 1.0 0.960331988856 -0.162834644122 
-6.73673673674 1.0 -0.438160658811 -0.260631419601 
7.37737737738 1.0 0.888557889358 0.346315652043 
-1.29129129129 1.0 -0.961192106815 -0.615842595613 
-2.03203203203 1.0 -0.895503224543 -0.459389444584 
3.45345345345 1.0 -0.306830209454 -0.419206268325 
-8.05805805806 1.0 -0.979248576653 -0.311297514607 
4.87487487487 1.0 -0.986828185163 -0.630118287243 
3.63363363363 1.0 -0.472425730458 -0.550052245761 
-4.47447447447 1.0 0.971831589603 -0.137679758622 
-7.93793793794 1.0 -0.996477739177 -0.307630179469 
4.93493493493 1.0 -0.975338684403 -0.605228912426 
-7.41741741742 1.0 -0.906209755988 -0.289668372494 
-5.23523523524 1.0 0.866401418913 -0.176720539998 
-9.67967967968 1.0 0.252150304413 -0.346787011174 
-8.45845845846 1.0 -0.822799547447 -0.322346952538 
5.41541541542 1.0 -0.762889004574 -0.366353720287 
-9.43943943944 1.0 0.0146609534063 -0.342910741084 
2.19219219219 1.0 0.813066617154 0.764697329886 
-2.55255255255 1.0 -0.555563147622 -0.306117212396 
-2.65265265265 1.0 -0.469690351946 -0.280273279738 
5.91591591592 1.0 -0.359068265792 -0.101061047205 
4.49449449449 1.0 -0.976354771373 -0.741952881718 
-9.1991991992 1.0 -0.223670498102 -0.338620349888 
8.7987987988 1.0 0.585891056576 0.319010929613 
0.25025025025 1.0 0.247646422081 0.218774206218 
-0.25025025025 1.0 -0.247646422081 -0.240909798556 
-2.89289289289 1.0 -0.246143932464 -0.226334431434 
-4.21421421421 1.0 0.878456163293 -0.130129628535 
-7.11711711712 1.0 -0.740579143612 -0.277664324583 
2.11211211211 1.0 0.857031446499 0.817572706013 
6.45645645646 1.0 0.172405433055 0.134825301567 
0.690690690691 1.0 0.637069722791 0.631548754795 
-1.37137137137 1.0 -0.980180659514 -0.609756633199 
1.37137137137 1.0 0.980180659514 0.993703904538 
3.81381381381 1.0 -0.622725447279 -0.65043788998 
9.87987987988 1.0 -0.439553861488 0.168015563228 
0.27027027027 1.0 0.266991905564 0.238525526179 
7.2972972973 1.0 0.849011685183 0.337028446827 
8.5985985986 1.0 0.735347535638 0.338899693784 
-6.75675675676 1.0 -0.456067581459 -0.261579406011 
-6.85685685686 1.0 -0.542719485852 -0.266233521867 
8.6986986987 1.0 0.66394288333 0.329400793139 
7.13713713714 1.0 0.753882673169 0.313680759369 
3.29329329329 1.0 -0.151119458915 -0.281016240569 
1.85185185185 1.0 0.960763202681 0.946776313165 
-7.21721721722 1.0 -0.804023831509 -0.281804975639 
5.71571571572 1.0 -0.537499969971 -0.204549646375 
6.71671671672 1.0 0.42007812671 0.21919648173 
-5.25525525526 1.0 0.856231505045 -0.17790620152 
-7.85785785786 1.0 -0.999992487454 -0.305089506561 
4.57457457457 1.0 -0.990518615549 -0.72611680064 
2.97297297297 1.0 0.167821766571 0.0363875431321 
-6.37637637638 1.0 -0.0930562402792 -0.24260684463 
-9.3993993994 1.0 -0.0253758371902 -0.342225476294 
-5.995995996 1.0 0.2832577738 -0.221749126459 
-9.63963963964 1.0 0.213212289782 -0.3461681154 
-2.69269269269 1.0 -0.433974744115 -0.270460014647 
-0.15015015015 1.0 -0.149586594914 -0.158228590562 
-2.67267267267 1.0 -0.451923110669 -0.275327585925 
4.39439439439 1.0 -0.949864345085 -0.75488170077 
6.1961961962 1.0 -0.0868794431893 0.0306856655024 
-8.35835835836 1.0 -0.875475849797 -0.31974691262 
-1.03103103103 1.0 -0.857829327634 -0.606285383897 
-2.25225225225 1.0 -0.776656419186 -0.392438481796 
0.43043043043 1.0 0.417262010319 0.39516641458 
-8.998998999 1.0 -0.413030320922 -0.334700061905 
2.17217217217 1.0 0.824557973258 0.778455489192 
-8.31831831832 1.0 -0.894118814814 -0.318677425603 
-8.95895895896 1.0 -0.449154692451 -0.333876062215 
-2.43243243243 1.0 -0.651196684992 -0.339321911324 
2.09209209209 1.0 0.867174611281 0.829874399142 
4.95495495495 1.0 -0.970724838874 -0.596591935937 
1.41141141141 1.0 0.987325090799 0.999766584835 
-3.67367367367 1.0 0.507327764109 -0.13502995562 
2.41241241241 1.0 0.666258547712 0.591713593332 
2.71271271271 1.0 0.415852445773 0.306003966159 
-9.47947947948 1.0 0.054674242632 -0.343584508483 
-4.03403403403 1.0 0.778606064409 -0.128090182061 
6.91691691692 1.0 0.592155892373 0.270449532532 
6.77677677678 1.0 0.473791717778 0.235804400912 
-0.21021021021 1.0 -0.208665487323 -0.208622316745 
0.49049049049 1.0 0.471058607419 0.452409063414 
7.35735735736 1.0 0.879195966573 0.344137589646 
0.45045045045 1.0 0.435371096772 0.414377208497 
4.63463463463 1.0 -0.996978653508 -0.711281839806 
-5.17517517518 1.0 0.894812095251 -0.17318368738 
-4.37437437437 1.0 0.943414910292 -0.134231402781 
9.85985985986 1.0 -0.421484671785 0.171235733137 
4.53453453453 1.0 -0.984225545624 -0.734618223626 
-2.71271271271 1.0 -0.415852445773 -0.26567195395 
-2.75275275275 1.0 -0.379115173303 -0.256339377175 
-5.2952952953 1.0 0.834866389361 -0.180285725377 
7.5975975976 1.0 0.967313252172 0.364287075322 
-2.57257257257 1.0 -0.53880679503 -0.300805633858 
8.15815815816 1.0 0.9540939133 0.367924936064 
7.91791791792 1.0 0.997956771974 0.372907368348 
-4.93493493493 1.0 0.975338684403 -0.15950635072 
-4.19419419419 1.0 0.868714740054 -0.12975728014 
4.89489489489 1.0 -0.983391971377 -0.62199847635 
1.95195195195 1.0 0.928235370545 0.905157034761 
-1.09109109109 1.0 -0.887131000257 -0.612858633844 
6.61661661662 1.0 0.327287278425 0.189135291999 
7.97797797798 1.0 0.992322298019 0.37249979452 
9.57957957958 1.0 -0.154184093352 0.215146032162 
5.85585585586 1.0 -0.41444188151 -0.13145182482 
-5.83583583584 1.0 0.432577348176 -0.21250060257 
0.17017017017 1.0 0.169350063744 0.139960757999 
0.0700700700701 1.0 0.0700127456343 0.0428446368526 
-0.970970970971 1.0 -0.825434213842 -0.596857101923 
3.61361361361 1.0 -0.454687183165 -0.536954695539 
-1.85185185185 1.0 -0.960763202681 -0.511925923956 
-9.83983983984 1.0 0.403246556161 -0.349159572988 
2.35235235235 1.0 0.709818357066 0.642574940293 
2.25225225225 1.0 0.776656419186 0.721348043932 
-8.1981981982 1.0 -0.941340119153 -0.315365080214 
5.31531531532 1.0 -0.823679750423 -0.419853098178 
4.43443443443 1.0 -0.961618700226 -0.750665377745 
-7.13713713714 1.0 -0.753882673169 -0.278503734952 
-4.35435435435 1.0 0.936587366299 -0.133617636238 
-4.81481481481 1.0 0.994759058541 -0.153101893222 
-5.67567567568 1.0 0.570824460166 -0.20305125975 
9.03903903904 1.0 0.376243865658 0.290889650853 
-6.67667667668 1.0 -0.38341529066 -0.257753264377 
5.17517517518 1.0 -0.894812095251 -0.492431439617 
-9.65965965966 1.0 0.232727934358 -0.34647888188 
-1.63163163163 1.0 -0.998150103477 -0.567274800912 
-3.37337337337 1.0 0.229710988177 -0.155839547251 
9.33933933934 1.0 0.0853347124856 0.250566865684 
-7.51751751752 1.0 -0.943927941216 -0.293395435868 
4.55455455455 1.0 -0.987569983594 -0.73051039337 
-5.07507507508 1.0 0.934947206573 -0.167376096348 
4.21421421421 1.0 -0.878456163293 -0.756891942 
5.35535535536 1.0 -0.800320725902 -0.39856943345 
7.05705705706 1.0 0.698909584547 0.299499195898 
9.11911911912 1.0 0.30092154409 0.280640289509 
6.25625625626 1.0 -0.0269257963344 0.0563963841986 
-6.2962962963 1.0 -0.0131106134944 -0.238362358516 
7.21721721722 1.0 0.804023831509 0.326170848436 
-2.91291291291 1.0 -0.226691833081 -0.222395024818 
5.63563563564 1.0 -0.603233924101 -0.247337590841 
5.8958958959 1.0 -0.377679973455 -0.111119406381 
-5.55555555556 1.0 0.665101514979 -0.195876715594 
-5.81581581582 1.0 0.450539443112 -0.211329068898 
5.33533533534 1.0 -0.812162990678 -0.409234200625 
5.5955955956 1.0 -0.634676409709 -0.268908663941 
-5.93593593594 1.0 0.340312647942 -0.218308426505 
-9.6996996997 1.0 0.271471615699 -0.34709252406 
-7.61761761762 1.0 -0.972195835089 -0.296989450059 
-3.39339339339 1.0 0.249148316352 -0.153945103221 
3.79379379379 1.0 -0.606937230307 -0.640876492629 
1.83183183183 1.0 0.96612325186 0.953836865306 
-3.73373373373 1.0 0.558138856901 -0.132658423653 
5.1951951952 1.0 -0.885695580449 -0.482291068985 
-8.47847847848 1.0 -0.811257411747 -0.322854547979 
5.65565565566 1.0 -0.587146852786 -0.23659016872 
-7.27727727728 1.0 -0.838264195546 -0.284222063145 
-2.45245245245 1.0 -0.635873830576 -0.333640978616 
-6.91691691692 1.0 -0.592155892373 -0.268957213239 
-9.97997997998 1.0 0.527114985665 -0.351106308903 
-9.7997997998 1.0 0.366292850383 -0.348581560539 
8.17817817818 1.0 0.947906971008 0.367125836375 
4.05405405405 1.0 -0.791012020637 -0.73346616784 
-7.87787787788 1.0 -0.99971449835 -0.30573197747 
9.91991991992 1.0 -0.475156566095 0.161546968875 
1.25125125125 1.0 0.949378423874 0.964615125332 
-1.87187187187 1.0 -0.955018091318 -0.506318899551 
1.73173173173 1.0 0.987077824457 0.982657224147 
-9.15915915916 1.0 -0.26250641876 -0.337862267636 
-5.47547547548 1.0 0.722706208904 -0.19107320801 
-2.13213213213 1.0 -0.846544793956 -0.428989864653 
9.7997997998 1.0 -0.366292850383 0.180836169827 
-1.89189189189 1.0 -0.948890220341 -0.500641372795 
-1.41141141141 1.0 -0.987325090799 -0.605343511596 
4.99499499499 1.0 -0.960331988856 -0.578845418358 
-1.19119119119 1.0 -0.928811026462 -0.617814852692 
-2.19219219219 1.0 -0.813066617154 -0.410670499413 
4.27427427427 1.0 -0.905553075921 -0.759422831741 
-6.51651651652 1.0 -0.231219739195 -0.249829746903 
-7.65765765766 1.0 -0.980790267476 -0.298390427878 
1.79179179179 1.0 0.975679725882 0.966669678587 
-0.790790790791 1.0 -0.710909644644 -0.550417166103 
-0.710710710711 1.0 -0.65237258226 -0.520657161146 
9.47947947948 1.0 -0.054674242632 0.230193368552 
5.47547547548 1.0 -0.722706208904 -0.333915679633 
-7.23723723724 1.0 -0.81576576016 -0.282616251441 
-1.43143143143 1.0 -0.99030442098 -0.602816060385 
-7.43743743744 1.0 -0.914492625181 -0.29042455748 
9.21921921922 1.0 0.204114170152 0.267292875895 
1.31131131131 1.0 0.966522242485 0.981194008159 
7.61761761762 1.0 0.972195835089 0.365403389576 
0.19019019019 1.0 0.189045659132 0.159609194209 
7.41741741742 1.0 0.906209755988 0.350390377111 
9.65965965966 1.0 -0.232727934358 0.202847021166 
3.27327327327 1.0 -0.131300397197 -0.262529910581 
-0.630630630631 1.0 -0.589654207656 -0.485156130222 
6.21621621622 1.0 -0.066919044364 0.0393632962977 
1.97197197197 1.0 0.920602539794 0.895594048907 
0.550550550551 1.0 0.523156507537 0.508292143865 
0.0900900900901 1.0 0.0899682743046 0.0620758717089 
3.83383383383 1.0 -0.63826408348 -0.659594035589 
2.79279279279 1.0 0.341770182763 0.2238628517 
-1.27127127127 1.0 -0.955476737061 -0.616757669755 
4.07407407407 1.0 -0.803100948886 -0.737760382215 
0.770770770771 1.0 0.69668837635 0.696332251727 
4.75475475475 1.0 -0.999102704803 -0.674723962404 
-8.63863863864 1.0 -0.707630665292 -0.326770909867 
-5.1951951952 1.0 0.885695580449 -0.17435896166 
4.71471471471 1.0 -0.999997295481 -0.687871946716 
-0.35035035035 1.0 -0.343226895963 -0.316601106223 
-9.27927927928 1.0 -0.144985860003 -0.340098895805 
-9.91991991992 1.0 0.475156566095 -0.350286295666 
-1.51151151151 1.0 -0.998243169988 -0.590713331028 
-6.01601601602 1.0 0.264002216892 -0.222888067072 
8.53853853854 1.0 0.774699305584 0.344137569617 
-1.21121121121 1.0 -0.936042896216 -0.617952541444 
-6.43643643644 1.0 -0.152651959622 -0.245734833977 
-6.17617617618 1.0 0.106805021793 -0.231843503806 
2.63263263263 1.0 0.487269347053 0.386293336852 
-0.27027027027 1.0 -0.266991905564 -0.256636953062 
9.8998998999 1.0 -0.45744688336 0.164785877712 
-0.930930930931 1.0 -0.802176135594 -0.588930048537 
-6.41641641642 1.0 -0.132837305145 -0.244697524305 
-3.43343343343 1.0 0.28771565565 -0.150385991899 
5.73573573574 1.0 -0.520511228445 -0.193949848382 
2.37237237237 1.0 0.695575258639 0.62590548501 
8.65865865866 1.0 0.693344009372 0.333311734073 
-1.83183183183 1.0 -0.96612325186 -0.517456734907 
8.43843843844 1.0 0.834011915114 0.352038703435 
4.51451451451 1.0 -0.980486642048 -0.738434345256 
-3.35335335335 1.0 0.210181594637 -0.157811864171 
-7.53753753754 1.0 -0.950347982805 -0.294124795225 
-8.85885885886 1.0 -0.536191852752 -0.33175534502 
2.69269269269 1.0 0.433974744115 0.326279601617 
9.45945945946 1.0 -0.034674546587 0.233155660596 
0.750750750751 1.0 0.682187883844 0.680574212029 
9.17917917918 1.0 0.243137181641 0.272699934362 
-5.11511511512 1.0 0.919995965877 -0.169683960142 
7.0970970971 1.0 0.726978798959 0.306804948255 
3.73373373373 1.0 -0.558138856901 -0.609777612286 
0.710710710711 1.0 0.65237258226 0.648172453947 
7.17717717718 1.0 0.779578080518 0.320133636689 
-5.51551551552 1.0 0.694460468753 -0.193475946625 
9.13913913914 1.0 0.281770446506 0.278016826952 
6.31631631632 1.0 0.0331249483513 0.0811215566698 
5.81581581582 1.0 -0.450539443112 -0.15205168965 
9.95995995996 1.0 -0.509997599178 0.155042631961 
-0.0500500500501 1.0 -0.0500291567086 -0.0696009937097 
-8.21821821822 1.0 -0.934395989648 -0.315928118566 
-6.71671671672 1.0 -0.42007812671 -0.259677727471 
-3.21321321321 1.0 0.0715593456609 -0.173872806387 
5.95595595596 1.0 -0.32142063693 -0.0811742747962 
6.8968968969 1.0 0.575905704393 0.265847844272 
-5.71571571572 1.0 0.537499969971 -0.205428668831 
-8.17817817818 1.0 -0.947906971008 -0.314797585772 
-0.570570570571 1.0 -0.540112324789 -0.454765331453 
-6.95695695696 1.0 -0.623937863975 -0.27074434498 
2.45245245245 1.0 0.635873830576 0.556439952396 
-3.75375375375 1.0 0.574637462441 -0.131986365618 
-9.11911911912 1.0 -0.30092154409 -0.337091391677 
6.95695695696 1.0 0.623937863975 0.279310621478 
7.07707707708 1.0 0.713087090062 0.303206241528 
4.37437437437 1.0 -0.943414910292 -0.756495944579 
1.91191191191 1.0 0.942382045726 0.923054683439 
3.97397397397 1.0 -0.739536372707 -0.712284397518 
7.45745745746 1.0 0.922408976872 0.354096722208 
9.97997997998 1.0 -0.527114985665 0.151777770191 
0.530530530531 1.0 0.505991015532 0.489836429021 
2.01201201201 1.0 0.904233186475 0.875259304319 
6.85685685686 1.0 0.542719485852 0.256299055517 
-7.2972972973 1.0 -0.849011685183 -0.285016630467 
-4.95495495495 1.0 0.970724838874 -0.160607519421 
-0.29029029029 1.0 -0.286230381945 -0.272076476721 
2.43243243243 1.0 0.651196684992 0.574207702373 
-1.97197197197 1.0 -0.920602539794 -0.477338041819 
4.65465465465 1.0 -0.998333836705 -0.705805863201 
6.81681681682 1.0 0.508663293061 0.246285927314 
6.0960960961 1.0 -0.185999691898 -0.0142531893987 
3.21321321321 1.0 -0.0715593456609 -0.205704467131 
5.93593593594 1.0 -0.340312647942 -0.0910784199722 
8.61861861862 1.0 0.721633711464 0.33707504213 
6.11611611612 1.0 -0.166293065952 -0.00506418750316 
9.55955955956 1.0 -0.13437389375 0.218185712606 
0.910910910911 1.0 0.790062479764 0.79751243554 
-9.73973973974 1.0 0.309780130585 -0.347695783074 
1.33133133133 1.0 0.971465007816 0.985818058075 
4.13413413413 1.0 -0.837417761709 -0.748277180557 
8.31831831832 1.0 0.894118814814 0.360040752085 
-6.05605605606 1.0 0.225181436261 -0.225153444059 
4.25425425425 1.0 -0.896879023055 -0.758945475817 
-0.03003003003 1.0 -0.0300255167065 -0.0512677967315 
7.53753753754 1.0 0.950347982805 0.360437240186 
6.6966966967 1.0 0.401827232414 0.213422982154 
-1.65165165165 1.0 -0.996732988666 -0.562832788134 
1.13113113113 1.0 0.904894218889 0.919476842178 
8.8988988989 1.0 0.501973484202 0.307806885341 
-0.910910910911 1.0 -0.790062479764 -0.584462911902 
1.19119119119 1.0 0.928811026462 0.944018703333 
5.4954954955 1.0 -0.708725363073 -0.323077247134 
8.41841841842 1.0 0.844890020967 0.353488181141 
2.49249249249 1.0 0.604469813648 0.520154663199 
9.73973973974 1.0 -0.309780130585 0.190340077838 
-9.75975975976 1.0 0.328751980598 -0.347993570111 
-8.91891891892 1.0 -0.484559073218 -0.333038285253 
-7.997997998 1.0 -0.989647555109 -0.309485118835 
0.47047047047 1.0 0.453305691794 0.433462366238 
-0.590590590591 1.0 -0.556851671602 -0.465252429227 
-8.57857857858 1.0 -0.748766641479 -0.325331953769 
-7.77777777778 1.0 -0.997097890944 -0.30247024547 
-0.750750750751 1.0 -0.682187883844 -0.53625224184 
-1.25125125125 1.0 -0.949378423874 -0.617418234793 
-2.39239239239 1.0 -0.681053382124 -0.350838368867 
-7.03703703704 1.0 -0.684451964588 -0.274249940793 
8.83883883884 1.0 0.552982096013 0.314622876439 
9.31931931932 1.0 0.105263273301 0.253404561509 
-7.5975975976 1.0 -0.967313252172 -0.296281158493 
-9.61961961962 1.0 0.193611192318 -0.345854690824 
4.01401401401 1.0 -0.765888052358 -0.723680151413 
6.03603603604 1.0 -0.244640851113 -0.0423940756758 
-9.2992992993 1.0 -0.125149645879 -0.340460832485 
9.05905905906 1.0 0.357620745349 0.288364968555 
-1.07107107107 1.0 -0.877714248189 -0.610977323505 
-2.99299299299 1.0 -0.148053371305 -0.207520341127 
2.83283283283 1.0 0.303877337824 0.182341340931 
8.01801801802 1.0 0.986576173517 0.371906955209 
6.53653653654 1.0 0.250649611665 0.162933928716 
2.65265265265 1.0 0.469690351946 0.366435834353 
3.31331331331 1.0 -0.170877953796 -0.299256593196 
-9.37937937938 1.0 -0.0453829883483 -0.341878476469 
-8.83883883884 1.0 -0.552982096013 -0.331320589714 
5.43543543544 1.0 -0.749793457774 -0.355558903339 
5.77577577578 1.0 -0.485914794209 -0.172893421704 
-5.05505505506 1.0 0.941862214566 -0.16623086142 
-2.85285285285 1.0 -0.284744420138 -0.234476191652 
5.6956956957 1.0 -0.554273288059 -0.215192209462 
-5.87587587588 1.0 0.396140311588 -0.21483406272 
7.93793793794 1.0 0.996477739177 0.372836990677 
2.75275275275 1.0 0.379115173303 0.265116835765 
-4.69469469469 1.0 0.999843460211 -0.147123133369 
-6.7967967968 1.0 -0.491325964149 -0.263458231482 
8.4984984985 1.0 0.799390133963 0.347425862787 
6.43643643644 1.0 0.152651959622 0.127502340873 
7.73773773774 1.0 0.993251282848 0.370420274035 
-5.45545545546 1.0 0.736397402892 -0.189871640491 
0.730730730731 1.0 0.667413978747 0.664517656054 
6.51651651652 1.0 0.231219739195 0.156084999407 
-4.67467467467 1.0 0.999288899866 -0.14617630925 
4.23423423423 1.0 -0.887845512006 -0.758103257687 
6.07607607608 1.0 -0.205631771434 -0.0235391726309 
0.610610610611 1.0 0.573367839051 0.562481279664 
5.61561561562 1.0 -0.61907922661 -0.258111831423 
-2.27227227227 1.0 -0.763890524376 -0.386399854643 
3.19319319319 1.0 -0.0515776439174 -0.186344926886 
-7.47747747748 1.0 -0.929955638285 -0.291920727508 
-5.31531531532 1.0 0.823679750423 -0.18147899448 
9.81981981982 1.0 -0.384846824231 0.177646338198 
-2.53253253253 1.0 -0.572096837274 -0.31149622026 
-3.85385385385 1.0 0.653546911213 -0.12946358048 
-4.41441441441 1.0 0.955933085822 -0.135537207378 
-2.47247247247 1.0 -0.620296125676 -0.328015335256 
-8.13813813814 1.0 -0.959898466376 -0.313649119441 
-2.01201201201 1.0 -0.904233186475 -0.465406614143 
3.23323323323 1.0 -0.0915123672906 -0.224862819261 
1.75175175175 1.0 0.983672194447 0.977766335825 
-2.05205205205 1.0 -0.886414355831 -0.453344786969 
4.17417417417 1.0 -0.858625146533 -0.753345943542 
0.31031031031 1.0 0.305354140677 0.277993516008 
1.29129129129 1.0 0.961192106815 0.976117691236 
-0.950950950951 1.0 -0.813968289004 -0.593060275337 
-5.35535535536 1.0 0.800320725902 -0.183871122915 
-9.21921921922 1.0 -0.204114170152 -0.338994653174 
-8.07807807808 1.0 -0.974995298193 -0.311892317752 
-6.11611611612 1.0 0.166293065952 -0.228518954068 
2.93293293293 1.0 0.207148878373 0.0780368326298 
7.71771771772 1.0 0.990730428893 0.369779124394 
2.85285285285 1.0 0.284744420138 0.1615118936 
7.63763763764 1.0 0.976688773762 0.366437943821 
-0.43043043043 1.0 -0.417262010319 -0.371557010861 
3.95395395395 1.0 -0.725913266541 -0.705979010267 
7.8978978979 1.0 0.999035835857 0.372910995624 
7.85785785786 1.0 0.999992487454 0.372714146807 
4.83483483483 1.0 -0.99251286792 -0.645795949982 
5.53553553554 1.0 -0.679917243139 -0.301391041821 
-9.01901901902 1.0 -0.39471619201 -0.335106957941 
4.03403403403 1.0 -0.778606064409 -0.728773470111 
-4.79479479479 1.0 0.996606561851 -0.152072802798 
-6.35635635636 1.0 -0.0731057736575 -0.241553550886 
-3.11311311311 1.0 -0.0284756907485 -0.187859865748 
5.0950950951 1.0 -0.927657483133 -0.532016859712 
6.05605605606 1.0 -0.225181436261 -0.0329201587917 
-3.81381381381 1.0 0.622725447279 -0.13030969824 
3.57357357357 1.0 -0.41867057176 -0.509643552955 
7.51751751752 1.0 0.943927941216 0.358983547136 
-8.73873873874 1.0 -0.633477463068 -0.329092339785 
-7.97797797798 1.0 -0.992322298019 -0.308871568454 
-0.23023023023 1.0 -0.228201684929 -0.224902356599 
-7.33733733734 1.0 -0.869481672757 -0.2865891709 
-2.35235235235 1.0 -0.709818357066 -0.362540949941 
6.55655655656 1.0 0.269979026825 0.169663578146 
-0.730730730731 1.0 -0.667413978747 -0.528633978589 
-1.33133133133 1.0 -0.971465007816 -0.613272675262 
-2.41241241241 1.0 -0.666258547712 -0.345055344579 
9.2992992993 1.0 0.125149645879 0.256222819867 
6.93693693694 1.0 0.608168751487 0.274936906447 
3.47347347347 1.0 -0.325821789448 -0.435126131625 
1.57157157157 1.0 0.999999699498 1.00573022304 
5.97597597598 1.0 -0.302399804444 -0.0713512631764 
6.65665665666 1.0 0.36484968073 0.201518187125 
8.03803803804 1.0 0.983109384216 0.37151699547 
8.33833833834 1.0 0.884974675839 0.358825441707 
6.75675675676 1.0 0.456067581459 0.230386883478 
-2.23223223223 1.0 -0.789111039566 -0.398499130151 
-4.23423423423 1.0 0.887845512006 -0.130535252276 
-0.11011011011 1.0 -0.109887744787 -0.123425845003 
5.51551551552 1.0 -0.694460468753 -0.312234109873 
2.99299299299 1.0 0.148053371305 0.0156308665585 
-3.23323323323 1.0 0.0915123672906 -0.171331065645 
10.0 1.0 -0.544021110889 0.148504817813 
-9.07907907908 1.0 -0.338854295004 -0.336307528981 
2.13213213213 1.0 0.846544793956 0.804898762463 
3.93393393393 1.0 -0.711999223182 -0.699267115305 
-3.27327327327 1.0 0.131300397197 -0.166498013244 
-5.95595595596 1.0 0.32142063693 -0.219459207434 
1.47147147147 1.0 0.995071340501 1.0054317544 
-7.4974974975 1.0 -0.93712958481 -0.292660753829 
-3.17317317317 1.0 0.0315752704827 -0.17921016184 
-5.27527527528 1.0 0.845718424022 -0.179094696849 
9.93993993994 1.0 -0.492675811867 0.158299125308 
5.25525525526 1.0 -0.856231505045 -0.45137933268 
0.35035035035 1.0 0.343226895963 0.317326939964 
6.2962962963 1.0 0.0131106134944 0.0729913131271 
-3.95395395395 1.0 0.725913266541 -0.128234210234 
-8.71871871872 1.0 -0.648840196822 -0.328635613151 
1.09109109109 1.0 0.887131000257 0.900969259199 
4.97497497497 1.0 -0.965721938658 -0.587795322601 
7.23723723724 1.0 0.81576576016 0.329035913813 
-3.63363363363 1.0 0.472425730458 -0.136918443525 
-8.4984984985 1.0 -0.799390133963 -0.32335806928 
-8.41841841842 1.0 -0.844890020967 -0.321319430709 
-6.03603603604 1.0 0.244640851113 -0.224022869518 
7.997997998 1.0 0.989647555109 0.372234863132 
-7.31731731732 1.0 -0.859418901282 -0.285805660677 
-2.31231231231 1.0 -0.737445499834 -0.374403973772 
3.35335335335 1.0 -0.210181594637 -0.334957561468 
-5.15515515516 1.0 0.903569980268 -0.172012532295 
8.13813813814 1.0 0.959898466376 0.368668232353 
-1.53153153153 1.0 -0.999229236959 -0.587220954435 
-0.990990990991 1.0 -0.836569314705 -0.600324248571 
1.05105105105 1.0 0.867945718946 0.880783170441 
-9.25925925926 1.0 -0.164763965562 -0.339733902607 
9.23923923924 1.0 0.184476035731 0.264556683048 
5.57557557558 1.0 -0.650019222236 -0.279723767709 
2.89289289289 1.0 0.246143932464 0.119779838467 
-4.43443443443 1.0 0.961618700226 -0.1362276537 
-4.59459459459 1.0 0.993070259711 -0.142552676035 
-9.71971971972 1.0 0.290684124469 -0.347395441187 
1.39139139139 1.0 0.983950052752 0.99696354281 
0.890890890891 1.0 0.777632176518 0.784095666656 
-8.97897897898 1.0 -0.431178912314 -0.334289771658 
-6.87687687688 1.0 -0.559424700424 -0.267147153312 
-9.95995995996 1.0 0.509997599178 -0.350835316591 
9.75975975976 1.0 -0.328751980598 0.187183353226 
2.33233233233 1.0 0.723776968945 0.658949442334 
2.31231231231 1.0 0.737445499834 0.675021321145 
8.27827827828 1.0 0.911328515751 0.362323066121 
-2.73273273273 1.0 -0.397563478837 -0.260964683637 
9.5995995996 1.0 -0.173932497848 0.21209197056 
8.21821821822 1.0 0.934395989648 0.365363655826 
-7.83783783784 1.0 -0.999869691753 -0.304442123704 
-7.05705705706 1.0 -0.698909584547 -0.275112067829 
2.95295295295 1.0 0.187522900919 0.0571939107248 
-5.85585585586 1.0 0.41444188151 -0.213668975444 
-3.55355355355 1.0 0.400406942668 -0.141473941174 
5.2952952953 1.0 -0.834866389361 -0.43042063662 
-3.29329329329 1.0 0.151119458915 -0.164205201849 
-4.45445445445 1.0 0.966918909573 -0.136942091239 
-0.530530530531 1.0 -0.505991015532 -0.43272878309 
-7.95795795796 1.0 -0.994599330244 -0.308253264212 
4.31431431431 1.0 -0.921809046742 -0.759300709359 
0.850850850851 1.0 0.75184168035 0.756191977256 
4.77477477477 1.0 -0.998054637396 -0.667811386752 
-8.33833833834 1.0 -0.884974675839 -0.319214301474 
3.91391391391 1.0 -0.69779981921 -0.692147950247 
-2.11211211211 1.0 -0.857031446499 -0.435095417043 
3.55355355355 1.0 -0.400406942668 -0.495440795028 
-3.09309309309 1.0 -0.0484805492288 -0.190916795947 
3.75375375375 1.0 -0.574637462441 -0.620544317047 
9.67967967968 1.0 -0.252150304413 0.199738934665 
1.63163163163 1.0 0.998150103477 1.00044939394 
1.61161161161 1.0 0.999167171889 1.00266227895 
1.93193193193 1.0 0.935496175869 0.914311830891 
-5.37537537538 1.0 0.788157702332 -0.185069435549 
8.77877877878 1.0 0.601996584369 0.32115642371 
8.45845845846 1.0 0.822799547447 0.350544667179 
-4.17417417417 1.0 0.858625146533 -0.129419132635 
9.6996996997 1.0 -0.271471615699 0.196618194471 
7.47747747748 1.0 0.929955638285 0.355814323322 
8.37837837838 1.0 0.865626143701 0.356250465304 
4.09409409409 1.0 -0.81486800406 -0.741658499658 
8.67867867868 1.0 0.678779469621 0.331374393777 
-9.23923923924 1.0 -0.184476035731 -0.339365829552 
5.13513513514 1.0 -0.911965725448 -0.512431394402 
7.95795795796 1.0 0.994599330244 0.372700816994 
-0.650650650651 1.0 -0.605704250039 -0.494570495425 
-1.99199199199 1.0 -0.912600742763 -0.471391205708 
4.61461461461 1.0 -0.995223893414 -0.716496427842 
2.23223223223 1.0 0.789111039566 0.736137406284 
5.21521521522 1.0 -0.87622408965 -0.472065022736 
-1.61161161161 1.0 -0.999167171889 -0.571574253876 
6.17617617618 1.0 -0.106805021793 0.0219025322718 
-7.6976976977 1.0 -0.987812502254 -0.299770756802 
6.4964964965 1.0 0.211697196671 0.149117035785 
-6.57657657658 1.0 -0.289200237681 -0.252843079033 
-7.73773773774 1.0 -0.993251282848 -0.301130630265 
-6.47647647648 1.0 -0.19208980849 -0.24779321832 
-3.79379379379 1.0 0.606937230307 -0.130813131912 
3.41341341341 1.0 -0.268485788917 -0.386410907618 
0.15015015015 1.0 0.149586594914 0.120370505933 
2.91291291291 1.0 0.226691833081 0.0989031778163 
3.39339339339 1.0 -0.249148316352 -0.369552232331 
-6.65665665666 1.0 -0.36484968073 -0.256782516107 
-1.45145145145 1.0 -0.992886849216 -0.600083022565 
3.71371371371 1.0 -0.541416556108 -0.598613813992 
6.5965965966 1.0 0.308305540605 0.182764356968 
-4.11411411411 1.0 0.826308470068 -0.128619346982 
-8.51851851852 1.0 -0.787202470352 -0.323857543513 
-6.25625625626 1.0 0.0269257963344 -0.236209271598 
2.51251251251 1.0 0.588401237484 0.501655632719 
8.25825825826 1.0 0.919387180273 0.363388463205 
-3.15315315315 1.0 0.0115602420643 -0.182007022592 
2.73273273273 1.0 0.397563478837 0.28561237145 
-8.65865865866 1.0 -0.693344009372 -0.327242808051 
8.87887887888 1.0 0.519186710331 0.31010930514 
2.57257257257 1.0 0.53880679503 0.444849181404 
4.11411411411 1.0 -0.826308470068 -0.745163146575 
-7.17717717718 1.0 -0.779578080518 -0.280165610141 
-5.53553553554 1.0 0.679917243139 -0.194676682241 
-1.59159159159 1.0 -0.999783786273 -0.575724886217 
-1.75175175175 1.0 -0.983672194447 -0.538701436643 
3.51351351351 1.0 -0.363405633971 -0.4659708701 
-4.13413413413 1.0 0.837417761709 -0.128849208014 
8.75875875876 1.0 0.617860839267 0.323268767273 
-9.93993993994 1.0 0.492675811867 -0.350561985169 
-6.97697697698 1.0 -0.639456909771 -0.271629320076 
7.65765765766 1.0 0.980790267476 0.367391768333 
-0.31031031031 1.0 -0.305354140677 -0.28722137656 
5.45545545546 1.0 -0.736397402892 -0.34474454686 
-4.97497497497 1.0 0.965721938658 -0.161717097068 
-4.65465465465 1.0 0.998333836705 -0.145245230406 
-5.91591591592 1.0 0.359068265792 -0.217153902556 
9.15915915916 1.0 0.26250641876 0.275369884153 
-7.25725725726 1.0 -0.827180739833 -0.283421942138 
-3.91391391391 1.0 0.69779981921 -0.128579583764 
-1.39139139139 1.0 -0.983950052752 -0.607659113629 
-9.81981981982 1.0 0.384846824231 -0.348871804059 
-4.51451451451 1.0 0.980486642048 -0.139221806054 
-3.45345345345 1.0 0.306830209454 -0.14871934655 
6.7967967968 1.0 0.491325964149 0.241103944595 
0.11011011011 1.0 0.109887744787 0.0814155022899 
1.87187187187 1.0 0.955018091318 0.939290302292 
9.4994994995 1.0 -0.0746520259067 0.227214851775 
-2.07207207207 1.0 -0.876970223046 -0.447277641057 
5.7957957958 1.0 -0.468320967329 -0.162443983256 
-0.890890890891 1.0 -0.777632176518 -0.579655575169 
0.790790790791 1.0 0.710909644644 0.711782190911 
-2.17217217217 1.0 -0.824557973258 -0.416772946485 
-9.77977977978 1.0 0.347592070824 -0.348288822556 
-0.550550550551 1.0 -0.523156507537 -0.443923458594 
-6.4964964965 1.0 -0.211697196671 -0.248814229276 
-0.41041041041 1.0 -0.398985690337 -0.358306701113 
-1.35135135135 1.0 -0.97601842181 -0.611629872441 
6.37637637638 1.0 0.0930562402792 0.104831360176 
4.81481481481 1.0 -0.994759058541 -0.653340979766 
8.1981981982 1.0 0.941340119153 0.366271792675 
9.1991991992 1.0 0.223670498102 0.270007444632 
-6.15615615616 1.0 0.126687794244 -0.230739993964 
-2.83283283283 1.0 -0.303877337824 -0.238677652673 
0.650650650651 1.0 0.605704250039 0.597507809347 
9.3993993994 1.0 0.0253758371902 0.241941329073 
-3.61361361361 1.0 0.454687183165 -0.137958319777 
-6.55655655656 1.0 -0.269979026825 -0.25184419603 
5.67567567568 1.0 -0.570824460166 -0.225873696457 
5.3953953954 1.0 -0.775678794758 -0.377123887345 
-9.0990990991 1.0 -0.319952035985 -0.336701095809 
-7.91791791792 1.0 -0.997956771974 -0.307002287691 
5.23523523524 1.0 -0.866401418913 -0.461759172604 
-8.37837837838 1.0 -0.865626143701 -0.320275286351 
4.73473473473 1.0 -0.99975034402 -0.681412937689 
-3.13313313313 1.0 -0.00845941955823 -0.18489009034 
-3.87387387387 1.0 0.668567805308 -0.129118664411 
2.05205205205 1.0 0.886414355831 0.853340799628 
9.37937937938 1.0 0.0453829883483 0.244834837366 
6.3963963964 1.0 0.112969411094 0.112504760405 
9.63963963964 1.0 -0.213212289782 0.205942117377 
8.97897897898 1.0 0.431178912314 0.298305988714 
-4.39439439439 1.0 0.949864345085 -0.13487152742 
3.01301301301 1.0 0.128225638051 -0.0050629944494 
3.69369369369 1.0 -0.524477262156 -0.587055869659 
2.21221221221 1.0 0.801249393857 0.750589270656 
-0.17017017017 1.0 -0.169350063744 -0.17527690237 
-3.33333333333 1.0 0.190567962875 -0.159862982969 
3.65365365365 1.0 -0.489974935275 -0.562771199506 
-4.71471471471 1.0 0.999997295481 -0.14808510084 
1.71171171171 1.0 0.990087845702 0.987106698821 
6.57657657658 1.0 0.289200237681 0.176273762843 
3.67367367367 1.0 -0.507327764109 -0.575107099373 
-3.41341341341 1.0 0.268485788917 -0.152127577501 
-7.75775775776 1.0 -0.995374053792 -0.301802957688 
-2.59259259259 1.0 -0.521834495241 -0.295563555468 
9.61961961962 1.0 -0.193611192318 0.209023882318 
9.07907907908 1.0 0.338854295004 0.285814849419 
-6.13613613614 1.0 0.146519791772 -0.229631787291 
-1.13113113113 1.0 -0.904894218889 -0.615715927205 
2.55255255255 1.0 0.555563147622 0.463992907158 
8.81881881882 1.0 0.569550710787 0.316832883546 
-4.63463463463 1.0 0.996978653508 -0.144330511461 
9.01901901902 1.0 0.39471619201 0.293388390863 
-4.57457457457 1.0 0.990518615549 -0.141690853433 
-0.770770770771 1.0 -0.69668837635 -0.543512892915 
9.41941941942 1.0 0.00535851570584 0.239030031866 
-6.45645645646 1.0 -0.172405433055 -0.246766742936 
-2.15215215215 1.0 -0.835718856574 -0.422880870601 
3.53353353353 1.0 -0.381982835353 -0.480881108956 
-3.01301301301 1.0 -0.128225638051 -0.20402298717 
-8.23823823824 1.0 -0.927077365617 -0.316486728149 
9.77977977978 1.0 -0.347592070824 0.184015278692 
0.990990990991 1.0 0.836569314705 0.847442185535 
3.49349349349 1.0 -0.34468278404 -0.450716833695 
-9.31931931932 1.0 -0.105263273301 -0.340819735863 
-5.75575575576 1.0 0.503313872361 -0.207796817377 
-9.53953953954 1.0 0.114509838728 -0.344573988835 
-4.87487487487 1.0 0.986828185163 -0.156257853257 
1.81181181181 1.0 0.971096090611 0.96046894432 
1.35135135135 1.0 0.97601842181 0.989988420469 
-6.07607607608 1.0 0.205631771434 -0.226279704404 
-5.13513513514 1.0 0.911965725448 -0.17084583928 
-1.31131131131 1.0 -0.966522242485 -0.614678933887 
2.15215215215 1.0 0.835718856574 0.791857861462 
-7.57757757758 1.0 -0.96204298189 -0.295567634073 
1.15115115115 1.0 0.91323356617 0.928090499611 
3.09309309309 1.0 0.0484805492288 -0.0869492333136 
7.4974974975 1.0 0.93712958481 0.357442920077 
6.27627627628 1.0 -0.00690897593668 0.0647492212767 
-5.8958958959 1.0 0.377679973455 -0.215995743872 
-8.75875875876 1.0 -0.617860839267 -0.329545339391 
-1.79179179179 1.0 -0.975679725882 -0.528266553509 
-9.8998998999 1.0 0.45744688336 -0.350008228986 
4.79479479479 1.0 -0.996606561851 -0.660681593807 
-5.6956956957 1.0 0.554273288059 -0.204241043648 
2.53253253253 1.0 0.572096837274 0.482931759185 
5.37537537538 1.0 -0.788157702332 -0.387864214394 
-0.690690690691 1.0 -0.637069722791 -0.512321146901 
1.11111111111 1.0 0.89619220103 0.910435076466 
-3.47347347347 1.0 0.325821789448 -0.147126621775 
4.15415415415 1.0 -0.848191426515 -0.751003681628 
-4.05405405405 1.0 0.791012020637 -0.128161928946 
8.93893893894 1.0 0.466950456861 0.303113583385 
6.33633633634 1.0 0.0531260071326 0.0891389289953 
-6.27627627628 1.0 0.00690897593668 -0.237288344413 
-1.95195195195 1.0 -0.928235370545 -0.483241860208 
7.77777777778 1.0 0.997097890944 0.371476704025 
-5.77577577578 1.0 0.485914794209 -0.20897704035 
8.05805805806 1.0 0.979248576653 0.371065900844 
1.21121121121 1.0 0.936042896216 0.95132656131 
2.67267267267 1.0 0.451923110669 0.346427440088 
-3.71371371371 1.0 0.541416556108 -0.133388952027 
-1.81181181181 1.0 -0.971096090611 -0.52290555697 
0.39039039039 1.0 0.380549461752 0.356419758341 
5.55555555556 1.0 -0.665101514979 -0.290552728927 
-2.09209209209 1.0 -0.867174611281 -0.441192913844 
9.27927927928 1.0 0.144985860003 0.259021214882 
1.49149149149 1.0 0.996857019318 1.00640503223 
5.15515515516 1.0 -0.903569980268 -0.502480207833 
-3.51351351351 1.0 0.363405633971 -0.144158766984 
7.83783783784 1.0 0.999869691753 0.372511727918 
3.25325325325 1.0 -0.111428711879 -0.243808411109 
-2.63263263263 1.0 -0.487269347053 -0.285295598006 
-4.55455455455 1.0 0.987569983594 -0.140847978715 
3.07307307307 1.0 0.0684659772958 -0.0666370015111 
7.6976976977 1.0 0.987812502254 0.369061335739 
4.59459459459 1.0 -0.993070259711 -0.721443455743 
-10.0 1.0 0.544021110889 -0.351374980946 
-9.87987987988 1.0 0.439553861488 -0.349727765904 
-3.65365365365 1.0 0.489974935275 -0.135942698166 
-1.73173173173 1.0 -0.987077824457 -0.543763372958 
-0.0700700700701 1.0 -0.0700127456343 -0.0877453602306 
-5.97597597598 1.0 0.302399804444 -0.22060614095 
3.87387387387 1.0 -0.668567805308 -0.676686271882 
0.670670670671 1.0 0.62151153354 0.614656978903 
7.1971971972 1.0 0.791959659904 0.323203737265 
-8.2982982983 1.0 -0.902904601864 -0.318136257678 
7.87787787788 1.0 0.99971449835 0.372846911152 
0.930930930931 1.0 0.802176135594 0.810562449106 
-5.0950950951 1.0 0.927657483133 -0.16852725578 
-6.83683683684 1.0 -0.525796755923 -0.265314156441 
2.47247247247 1.0 0.620296125676 0.538419228829 
-1.93193193193 1.0 -0.935496175869 -0.489097316567 
-7.0970970971 1.0 -0.726978798959 -0.276819250246 
7.31731731732 1.0 0.859418901282 0.339494992498 
-5.43543543544 1.0 0.749793457774 -0.18867024194 
-0.830830830831 1.0 -0.738491823944 -0.563162932867 
-2.97297297297 1.0 -0.167821766571 -0.211106261162 
0.29029029029 1.0 0.286230381945 0.258269710164 
-6.1961961962 1.0 0.0868794431893 -0.232942249504 
3.85385385385 1.0 -0.653546911213 -0.668343769754 
7.55755755756 1.0 0.956387136503 0.361805035351 
7.43743743744 1.0 0.914492625181 0.352289083717 
7.3973973974 1.0 0.897563688968 0.348399574602 
-6.77677677678 1.0 -0.473791717778 -0.262521678825 
-3.49349349349 1.0 0.34468278404 -0.145606779896 
-9.05905905906 1.0 -0.357620745349 -0.335910666771 
0.23023023023 1.0 0.228201684929 0.199028955283 
8.3983983984 1.0 0.855429505195 0.354892353563 
2.81281281281 1.0 0.322888465175 0.203129241436 
6.47647647648 1.0 0.19208980849 0.142030345817 
