-9.85985985986 1.0 0.421484671785 0.460810208319 
6.35635635636 1.0 0.0731057736575 0.0550202196553 
-2.81281281281 1.0 -0.322888465175 -0.325087053452 
-2.95295295295 1.0 -0.187522900919 -0.184724488502 
1.89189189189 1.0 0.948890220341 0.945139943491 
4.67467467467 1.0 -0.999288899866 -1.00075344319 
-6.3963963964 1.0 -0.112969411094 -0.106095404466 
-5.4954954955 1.0 0.708725363073 0.708770632196 
-8.7987987988 1.0 -0.585891056576 -0.556243632152 
-9.55955955956 1.0 0.13437389375 0.156505692227 
-8.53853853854 1.0 -0.774699305584 -0.741459075811 
-6.53653653654 1.0 -0.250649611665 -0.248867320519 
7.33733733734 1.0 0.869481672757 0.843742364762 
6.83683683684 1.0 0.525796755923 0.525691944887 
1.45145145145 1.0 0.992886849216 0.993089464426 
-7.71771771772 1.0 -0.990730428893 -0.979167007981 
1.65165165165 1.0 0.996732988666 0.994611896044 
-0.0900900900901 1.0 -0.0899682743046 -0.086865730088 
1.23123123123 1.0 0.942899611382 0.945047378808 
3.59359359359 1.0 -0.436766402789 -0.442513195809 
0.870870870871 1.0 0.764890207772 0.7655353395 
-7.63763763764 1.0 -0.976688773762 -0.969009252926 
0.37037037037 1.0 0.361960713579 0.355494120256 
9.35935935936 1.0 0.0653719505576 0.0298011338786 
3.13313313313 1.0 0.00845941955822 0.00859173813117 
7.81781781782 1.0 0.999346160464 0.92276715091 
-1.17117117117 1.0 -0.921206900567 -0.842227307816 
-2.37237237237 1.0 -0.695575258639 -0.686984917023 
-6.33633633634 1.0 -0.0531260071326 -0.0442697396327 
8.07807807808 1.0 0.974995298193 0.876909158825 
-7.81781781782 1.0 -0.999346160464 -0.982983255244 
-4.29429429429 1.0 0.913864194148 0.924185936752 
-4.77477477477 1.0 0.998054637396 0.982539982087 
-5.7957957958 1.0 0.468320967329 0.479757737313 
-8.6986986987 1.0 -0.66394288333 -0.632474349074 
8.23823823824 1.0 0.927077365617 0.821527531519 
-0.13013013013 1.0 -0.1297631736 -0.124547135356 
0.13013013013 1.0 0.1297631736 0.125024261818 
-8.61861861862 1.0 -0.721633711464 -0.689073394175 
-7.07707707708 1.0 -0.713087090062 -0.722886933982 
8.91891891892 1.0 0.484559073218 0.404654016362 
2.29229229229 1.0 0.750818471552 0.749529069284 
-8.87887887888 1.0 -0.519186710331 -0.4912459834 
8.95895895896 1.0 0.449154692451 0.373043294883 
-0.19019019019 1.0 -0.189045659132 -0.180285646739 
-4.33433433433 1.0 0.929384449502 0.936869881788 
-0.39039039039 1.0 -0.380549461752 -0.357216656464 
-4.53453453453 1.0 0.984225545624 0.978697760994 
4.47447447447 1.0 -0.971831589603 -0.97081455752 
-8.15815815816 1.0 -0.9540939133 -0.924720140869 
4.19419419419 1.0 -0.868714740054 -0.869481857408 
4.91491491491 1.0 -0.979561626072 -0.989080417797 
-5.5955955956 1.0 0.634676409709 0.639132657872 
-9.03903903904 1.0 -0.376243865658 -0.351919146011 
-1.05105105105 1.0 -0.867945718946 -0.793519901509 
-0.870870870871 1.0 -0.764890207772 -0.701383596033 
5.11511511512 1.0 -0.919995965877 -0.939435435859 
-8.55855855856 1.0 -0.761885650774 -0.728772977153 
2.27227227227 1.0 0.763890524376 0.762359928879 
3.15315315315 1.0 -0.0115602420643 -0.0117252563858 
3.99399399399 1.0 -0.752863081707 -0.756450341544 
-8.3983983984 1.0 -0.855429505195 -0.822175276173 
-4.89489489489 1.0 0.983391971377 0.966076127044 
7.11711711712 1.0 0.740579143612 0.731997081832 
0.830830830831 1.0 0.738491823944 0.738586244791 
-1.55155155155 1.0 -0.999814825028 -0.92408574797 
0.03003003003 1.0 0.0300255167065 0.0280502445321 
8.73873873874 1.0 0.633477463068 0.538779435087 
-8.8988988989 1.0 -0.501973484202 -0.474480489884 
-9.51951951952 1.0 0.094599889559 0.115802173244 
-9.41941941942 1.0 -0.00535851570584 0.0145877039451 
-6.23623623624 1.0 0.046931825201 0.0585705974442 
3.77377377377 1.0 -0.590905760288 -0.596652512545 
-6.8968968969 1.0 -0.575905704393 -0.58467264222 
-4.83483483483 1.0 0.99251286792 0.975815971373 
0.21021021021 1.0 0.208665487323 0.202637652106 
-1.77177177177 1.0 -0.979872320608 -0.917952167654 
-8.67867867868 1.0 -0.678779469621 -0.647003496923 
0.970970970971 1.0 0.825434213842 0.827160722655 
-1.71171171171 1.0 -0.990087845702 -0.923674000456 
-0.49049049049 1.0 -0.471058607419 -0.439311238946 
6.01601601602 1.0 -0.264002216892 -0.300732454145 
-8.77877877878 1.0 -0.601996584369 -0.571951939314 
7.7977977978 1.0 0.998422103411 0.923854893339 
-0.670670670671 1.0 -0.62151153354 -0.574053990105 
0.950950950951 1.0 0.813968289004 0.815516034969 
-8.11811811812 1.0 -0.965318303844 -0.937070237841 
-9.57957957958 1.0 0.154184093352 0.176882348579 
7.25725725726 1.0 0.827180739833 0.808565057039 
-4.75475475475 1.0 0.999102704803 0.984106366739 
-2.77277277277 1.0 -0.360514923027 -0.363464244926 
3.17317317317 1.0 -0.0315752704827 -0.0320442759783 
-2.49249249249 1.0 -0.604469813648 -0.602877644673 
-3.31331331331 1.0 0.170877953796 0.195416786737 
-3.77377377377 1.0 0.590905760288 0.628150561845 
-5.73573573574 1.0 0.520511228445 0.530210372519 
-3.89389389389 1.0 0.683320745574 0.717506688292 
-5.33533533534 1.0 0.812162990678 0.804970235669 
-9.45945945946 1.0 0.034674546587 0.0549527298799 
-5.41541541542 1.0 0.762889004574 0.759270955482 
-7.67767767768 1.0 -0.984498672401 -0.974881728643 
-3.93393393393 1.0 0.711999223182 0.744605293366 
-9.17917917918 1.0 -0.243137181641 -0.221561575932 
9.71971971972 1.0 -0.290684124469 -0.303634573114 
-7.8978978979 1.0 -0.999035835857 -0.979028169976 
1.51151151151 1.0 0.998243169988 0.997737470802 
-8.27827827828 1.0 -0.911328515751 -0.879385694646 
6.87687687688 1.0 0.559424700424 0.559116625687 
4.45445445445 1.0 -0.966918909573 -0.965855702208 
-0.01001001001 1.0 -0.0100098428432 -0.0105064103386 
-1.11111111111 1.0 -0.89619220103 -0.819183807026 
-3.99399399399 1.0 0.752863081707 0.782638779893 
-4.09409409409 1.0 0.81486800406 0.838901361179 
0.0500500500501 1.0 0.0500291567086 0.0473951044779 
7.15715715716 1.0 0.766884055736 0.75578959391 
-2.93293293293 1.0 -0.207148878373 -0.205265245824 
-6.93693693694 1.0 -0.608168751487 -0.617474811707 
7.57757757758 1.0 0.96204298189 0.911199818515 
4.33433433433 1.0 -0.929384449502 -0.92868469503 
-6.21621621622 1.0 0.066919044364 0.0790158628475 
8.57857857858 1.0 0.748766641479 0.645143477451 
8.0980980981 1.0 0.970351253498 0.871059582852 
1.53153153153 1.0 0.999229236959 0.998484025675 
8.998998999 1.0 0.413030320922 0.340844676923 
6.41641641642 1.0 0.132837305145 0.118336231617 
-6.61661661662 1.0 -0.327287278425 -0.328428120907 
7.67767767768 1.0 0.984498672401 0.922635612617 
6.996996997 1.0 0.654719669029 0.651778828532 
5.05505505506 1.0 -0.941862214566 -0.958138615968 
-3.03303303303 1.0 -0.108346513523 -0.101359626237 
-5.63563563564 1.0 0.603233924101 0.60932899505 
-6.6966966967 1.0 -0.401827232414 -0.405685526437 
-8.43843843844 1.0 -0.834011915114 -0.800597809642 
-0.33033033033 1.0 -0.32435551719 -0.305775577232 
-7.01701701702 1.0 -0.669720024621 -0.679581020948 
5.87587587588 1.0 -0.396140311588 -0.437207228829 
-5.57557557558 1.0 0.650019222236 0.653623686672 
-4.49449449449 1.0 0.976354771373 0.97318445156 
0.570570570571 1.0 0.540112324789 0.535908213075 
8.11811811812 1.0 0.965318303844 0.864895990966 
9.25925925926 1.0 0.164763965562 0.119402717856 
-5.01501501502 1.0 0.954557149695 0.93765328116 
-4.01401401401 1.0 0.765888052358 0.794609082502 
-4.31431431431 1.0 0.921809046742 0.930709440404 
9.83983983984 1.0 -0.403246556161 -0.416020957899 
1.77177177177 1.0 0.979872320608 0.97667756094 
-3.83383383383 1.0 0.63826408348 0.674309188637 
4.41441441441 1.0 -0.955933085822 -0.954874730821 
-6.63663663664 1.0 -0.346137843492 -0.347983810329 
-8.5985985986 1.0 -0.735347535638 -0.702575830712 
-0.810810810811 1.0 -0.724845989014 -0.6658330137 
-2.33233233233 1.0 -0.723776968945 -0.712297472427 
3.37337337337 1.0 -0.229710988177 -0.233250322438 
4.69469469469 1.0 -0.999843460211 -1.00177105962 
5.01501501502 1.0 -0.954557149695 -0.968794881936 
-6.996996997 1.0 -0.654719669029 -0.664509239102 
2.39239239239 1.0 0.681053382124 0.681021638331 
-3.53353353353 1.0 0.381982835353 0.417037059153 
-4.73473473473 1.0 0.99975034402 0.985333506022 
-6.81681681682 1.0 -0.508663293061 -0.515871344929 
-1.69169169169 1.0 -0.992701051804 -0.924900284389 
5.03503503504 1.0 -0.948399735659 -0.963648187952 
3.03303303303 1.0 0.108346513523 0.109817126101 
-4.61461461461 1.0 0.995223893414 0.985509748529 
5.75575575576 1.0 -0.503313872361 -0.545735769972 
-3.97397397397 1.0 0.739536372707 0.770313174678 
1.67167167167 1.0 0.994916395419 0.992588505507 
-7.45745745746 1.0 -0.922408976872 -0.922889074885 
5.07507507508 1.0 -0.934947206573 -0.952266413475 
6.13613613614 1.0 -0.146519791772 -0.177566718141 
-7.15715715716 1.0 -0.766884055736 -0.775957414196 
6.97697697698 1.0 0.639456909771 0.637166843336 
3.89389389389 1.0 -0.683320745574 -0.688124719516 
-4.25425425425 1.0 0.896879023055 0.910047324181 
7.27727727728 1.0 0.838264195546 0.817951300076 
1.69169169169 1.0 0.992701051804 0.990176081758 
9.0990990991 1.0 0.319952035985 0.257983416341 
-4.91491491491 1.0 0.979561626072 0.962163919938 
-3.69369369369 1.0 0.524477262156 0.562237517419 
-1.57157157157 1.0 -0.999999699498 -0.925199533996 
3.11311311311 1.0 0.0284756907485 0.0288972452748 
9.51951951952 1.0 -0.094599889559 -0.116940001985 
-3.57357357357 1.0 0.41867057176 0.45485236204 
-1.15115115115 1.0 -0.91323356617 -0.834840647068 
-4.15415415415 1.0 0.848191426515 0.868316615507 
-7.1971971972 1.0 -0.791959659904 -0.80039833879 
5.995995996 1.0 -0.2832577738 -0.320774071657 
8.35835835836 1.0 0.875475849797 0.767798438896 
0.01001001001 1.0 0.0100098428432 0.0087470389281 
8.85885885886 1.0 0.536191852752 0.450898634825 
-5.61561561562 1.0 0.61907922661 0.624366548894 
1.07107107107 1.0 0.877714248189 0.880023704676 
-1.47147147147 1.0 -0.995071340501 -0.916358001458 
1.99199199199 1.0 0.912600742763 0.908869606782 
9.43943943944 1.0 -0.0146609534063 -0.0431409006778 
-6.5965965966 1.0 -0.308305540605 -0.308728338245 
-7.7977977978 1.0 -0.998422103411 -0.983003612532 
3.33333333333 1.0 -0.190567962875 -0.193525983332 
-0.850850850851 1.0 -0.75184168035 -0.689793918403 
6.73673673674 1.0 0.438160658811 0.437153865735 
-1.23123123123 1.0 -0.942899611382 -0.862597029612 
2.61261261261 1.0 0.504653050544 0.507009502902 
-7.3973973974 1.0 -0.897563688968 -0.900389133278 
-0.510510510511 1.0 -0.488622728493 -0.45514245648 
1.55155155155 1.0 0.999814825028 0.99883073983 
-9.5995995996 1.0 0.173932497848 0.197268462175 
-9.35935935936 1.0 -0.0653719505576 -0.0455468272575 
8.51851851852 1.0 0.787202470352 0.681476762982 
2.59259259259 1.0 0.521834495241 0.524028055242 
6.67667667668 1.0 0.38341529066 0.380967975175 
2.03203203203 1.0 0.895503224543 0.891905951926 
7.01701701702 1.0 0.669720024621 0.666044237264 
1.59159159159 1.0 0.999783786273 0.998329405284 
-8.81881881882 1.0 -0.569550710787 -0.540313926906 
7.75775775776 1.0 0.995374053792 0.924934815194 
6.63663663664 1.0 0.346137843492 0.342393384155 
-4.07407407407 1.0 0.803100948886 0.828369616842 
-2.79279279279 1.0 -0.341770182763 -0.344385278968 
-7.55755755756 1.0 -0.956387136503 -0.952488597626 
-7.35735735736 1.0 -0.879195966573 -0.883436360708 
-5.21521521522 1.0 0.87622408965 0.864257285246 
5.83583583584 1.0 -0.432577348176 -0.474348530973 
-9.13913913914 1.0 -0.281770446506 -0.259493110012 
4.85485485485 1.0 -0.989868890237 -0.996892638649 
-2.61261261261 1.0 -0.504653050544 -0.507137393374 
0.810810810811 1.0 0.724845989014 0.724644267277 
-1.49149149149 1.0 -0.996857019318 -0.918777887094 
-3.25325325325 1.0 0.111428711879 0.132240201272 
-3.59359359359 1.0 0.436766402789 0.473402774907 
8.47847847848 1.0 0.811257411747 0.704537204595 
-1.91191191191 1.0 -0.942382045726 -0.892527260825 
9.53953953954 1.0 -0.114509838728 -0.135495609609 
-0.45045045045 1.0 -0.435371096772 -0.407047844198 
-2.29229229229 1.0 -0.750818471552 -0.73621515689 
-3.19319319319 1.0 0.0515776439174 0.068522111222 
-7.37737737738 1.0 -0.888557889358 -0.892106834037 
6.15615615616 1.0 -0.126687794244 -0.156652468188 
-8.0980980981 1.0 -0.970351253498 -0.942713909023 
1.43143143143 1.0 0.99030442098 0.990735045983 
-8.93893893894 1.0 -0.466950456861 -0.440365899526 
-2.87287287287 1.0 -0.265497380359 -0.265976638984 
-0.47047047047 1.0 -0.453305691794 -0.423278271697 
-5.3953953954 1.0 0.775678794758 0.77115113976 
1.01101101101 1.0 0.84736912878 0.849392144486 
0.630630630631 1.0 0.589654207656 0.586444428696 
8.55855855856 1.0 0.761885650774 0.657481700501 
-5.03503503504 1.0 0.948399735659 0.931767677017 
0.41041041041 1.0 0.398985690337 0.392776757633 
4.29429429429 1.0 -0.913864194148 -0.913492532503 
8.63863863864 1.0 0.707630665292 0.606813120349 
8.71871871872 1.0 0.648840196822 0.552782778981 
-3.07307307307 1.0 -0.0684659772958 -0.0591292920572 
-5.65565565566 1.0 0.587146852786 0.594023821696 
-6.0960960961 1.0 0.185999691898 0.20000112884 
-8.25825825826 1.0 -0.919387180273 -0.88778592486 
2.87287287287 1.0 0.265497380359 0.268320828663 
-9.4994994995 1.0 0.0746520259067 0.0954861217206 
-2.51251251251 1.0 -0.588401237484 -0.587702981778 
7.03703703704 1.0 0.684451964588 0.679957742579 
-2.21221221221 1.0 -0.801249393857 -0.779815015165 
1.17117117117 1.0 0.921206900567 0.923567184797 
2.07207207207 1.0 0.876970223046 0.873575970001 
1.03103103103 1.0 0.857829327634 0.859969200113 
-8.01801801802 1.0 -0.986576173517 -0.961680849177 
-9.33933933934 1.0 -0.0853347124856 -0.065459141759 
3.43343343343 1.0 -0.28771565565 -0.292047706203 
3.05305305305 1.0 0.0884239650333 0.0896510340951 
1.27127127127 1.0 0.955476737061 0.957391965396 
-3.05305305305 1.0 -0.0884239650333 -0.080279596918 
-0.37037037037 1.0 -0.361960713579 -0.340241923971 
0.590590590591 1.0 0.556851671602 0.552970994132 
4.35435435435 1.0 -0.936587366299 -0.935758224654 
5.27527527528 1.0 -0.845718424022 -0.873707929413 
0.510510510511 1.0 0.488622728493 0.483522962289 
6.23623623624 1.0 -0.046931825201 -0.0723007241788 
-1.67167167167 1.0 -0.994916395419 -0.925788221308 
-6.31631631632 1.0 -0.0331249483513 -0.0236537384107 
0.33033033033 1.0 0.32435551719 0.317763027009 
-4.85485485485 1.0 0.989868890237 0.972903119444 
8.2982982983 1.0 0.902904601864 0.795906618886 
2.77277277277 1.0 0.360514923027 0.363552894444 
-1.01101101101 1.0 -0.84736912878 -0.774982477086 
-4.27427427427 1.0 0.905553075921 0.917298741262 
-0.610610610611 1.0 -0.573367839051 -0.531130719855 
-8.03803803804 1.0 -0.983109384216 -0.957485643045 
-4.99499499499 1.0 0.960331988856 0.943212281952 
-6.73673673674 1.0 -0.438160658811 -0.443250314341 
7.37737737738 1.0 0.888557889358 0.858953714865 
-1.29129129129 1.0 -0.961192106815 -0.880242198312 
-2.03203203203 1.0 -0.895503224543 -0.857055715434 
3.45345345345 1.0 -0.306830209454 -0.311399951476 
-8.05805805806 1.0 -0.979248576653 -0.952924333426 
4.87487487487 1.0 -0.986828185163 -0.99465168932 
3.63363363363 1.0 -0.472425730458 -0.478327468015 
-4.47447447447 1.0 0.971831589603 0.969896842291 
-7.93793793794 1.0 -0.996477739177 -0.97475131324 
4.93493493493 1.0 -0.975338684403 -0.985749909223 
-7.41741741742 1.0 -0.906209755988 -0.908281362997 
-5.23523523524 1.0 0.866401418913 0.855159419389 
-9.67967967968 1.0 0.252150304413 0.278802202448 
-8.45845845846 1.0 -0.822799547447 -0.789355874602 
5.41541541542 1.0 -0.762889004574 -0.797604394246 
-9.43943943944 1.0 0.0146609534063 0.0347464014384 
2.19219219219 1.0 0.813066617154 0.810648927891 
-2.55255255255 1.0 -0.555563147622 -0.55639964106 
-2.65265265265 1.0 -0.469690351946 -0.472826556748 
5.91591591592 1.0 -0.359068265792 -0.39918479283 
4.49449449449 1.0 -0.976354771373 -0.975417972688 
-9.1991991992 1.0 -0.223670498102 -0.202412059043 
8.7987987988 1.0 0.585891056576 0.495642655472 
0.25025025025 1.0 0.247646422081 0.241259410101 
-0.25025025025 1.0 -0.247646422081 -0.234923980511 
-2.89289289289 1.0 -0.246143932464 -0.245902767805 
-4.21421421421 1.0 0.878456163293 0.894450264277 
-7.11711711712 1.0 -0.740579143612 -0.750107400609 
2.11211211211 1.0 0.857031446499 0.85390532359 
6.45645645646 1.0 0.172405433055 0.160197927394 
0.690690690691 1.0 0.637069722791 0.634894255056 
-1.37137137137 1.0 -0.980180659514 -0.899447651546 
1.37137137137 1.0 0.980180659514 0.981251669692 
3.81381381381 1.0 -0.622725447279 -0.628233805385 
9.87987987988 1.0 -0.439553861488 -0.453381991773 
0.27027027027 1.0 0.266991905564 0.2604918531 
7.2972972973 1.0 0.849011685183 0.826943738734 
8.5985985986 1.0 0.735347535638 0.632583355465 
-6.75675675676 1.0 -0.456067581459 -0.461732991032 
-6.85685685686 1.0 -0.542719485852 -0.550783524947 
8.6986986987 1.0 0.66394288333 0.566591759055 
7.13713713714 1.0 0.753882673169 0.744082028294 
3.29329329329 1.0 -0.151119458915 -0.153467455964 
1.85185185185 1.0 0.960763202681 0.957131070026 
-7.21721721722 1.0 -0.804023831509 -0.812079408504 
5.71571571572 1.0 -0.537499969971 -0.579866658547 
6.71671671672 1.0 0.42007812671 0.418661925591 
-5.25525525526 1.0 0.856231505045 0.845746410325 
-7.85785785786 1.0 -0.999992487454 -0.981777096148 
4.57457457457 1.0 -0.990518615549 -0.990264009921 
2.97297297297 1.0 0.167821766571 0.169932396786 
-6.37637637638 1.0 -0.0930562402792 -0.085501082021 
-9.3993993994 1.0 -0.0253758371902 -0.0055177943443 
-5.995995996 1.0 0.2832577738 0.297602993184 
-9.63963963964 1.0 0.213212289782 0.238047905329 
-2.69269269269 1.0 -0.433974744115 -0.437402923092 
-0.15015015015 1.0 -0.149586594914 -0.143237983019 
-2.67267267267 1.0 -0.451923110669 -0.455250207888 
4.39439439439 1.0 -0.949864345085 -0.948854294746 
6.1961961962 1.0 -0.0868794431893 -0.114592498578 
-8.35835835836 1.0 -0.875475849797 -0.84251873132 
-1.03103103103 1.0 -0.857829327634 -0.78439258054 
-2.25225225225 1.0 -0.776656419186 -0.758724323524 
0.43043043043 1.0 0.417262010319 0.411226119831 
-8.998998999 1.0 -0.413030320922 -0.387813153861 
2.17217217217 1.0 0.824557973258 0.821943818391 
-8.31831831832 1.0 -0.894118814814 -0.861598452372 
-8.95895895896 1.0 -0.449154692451 -0.423027180516 
-2.43243243243 1.0 -0.651196684992 -0.646440650226 
2.09209209209 1.0 0.867174611281 0.863906593742 
4.95495495495 1.0 -0.970724838874 -0.982056084133 
1.41141141141 1.0 0.987325090799 0.987977356642 
-3.67367367367 1.0 0.507327764109 0.545019581967 
2.41241241241 1.0 0.666258547712 0.666479067408 
2.71271271271 1.0 0.415852445773 0.418775084 
-9.47947947948 1.0 0.054674242632 0.0752011434078 
-4.03403403403 1.0 0.778606064409 0.806222102459 
6.91691691692 1.0 0.592155892373 0.591309395584 
6.77677677678 1.0 0.473791717778 0.473380266338 
-0.21021021021 1.0 -0.208665487323 -0.198629222214 
0.49049049049 1.0 0.471058607419 0.465692660541 
7.35735735736 1.0 0.879195966573 0.851546750523 
0.45045045045 1.0 0.435371096772 0.429534854146 
4.63463463463 1.0 -0.996978653508 -0.997636740241 
-5.17517517518 1.0 0.894812095251 0.881502667228 
-4.37437437437 1.0 0.943414910292 0.9481045385 
9.85985985986 1.0 -0.421484671785 -0.434711579542 
4.53453453453 1.0 -0.984225545624 -0.983555744514 
-2.71271271271 1.0 -0.415852445773 -0.419292422273 
-2.75275275275 1.0 -0.379115173303 -0.38231446341 
-5.2952952953 1.0 0.834866389361 0.825980270803 
7.5975975976 1.0 0.967313252172 0.914259492266 
-2.57257257257 1.0 -0.53880679503 -0.540280984125 
8.15815815816 1.0 0.9540939133 0.85164148437 
7.91791791792 1.0 0.997956771974 0.911970307555 
-4.93493493493 1.0 0.975338684403 0.957920503111 
-4.19419419419 1.0 0.868714740054 0.886104150425 
4.89489489489 1.0 -0.983391971377 -0.992047652103 
1.95195195195 1.0 0.928235370545 0.924442080467 
-1.09109109109 1.0 -0.887131000257 -0.810917613333 
6.61661661662 1.0 0.327287278425 0.322801516895 
7.97797797798 1.0 0.992322298019 0.901320207803 
9.57957957958 1.0 -0.154184093352 -0.172707988675 
5.85585585586 1.0 -0.41444188151 -0.455892128027 
-5.83583583584 1.0 0.432577348176 0.444965713731 
0.17017017017 1.0 0.169350063744 0.163868338198 
0.0700700700701 1.0 0.0700127456343 0.0667733769998 
-0.970970970971 1.0 -0.825434213842 -0.755322742835 
3.61361361361 1.0 -0.454687183165 -0.460522323607 
-1.85185185185 1.0 -0.960763202681 -0.905509801918 
-9.83983983984 1.0 0.403246556161 0.440763350644 
2.35235235235 1.0 0.709818357066 0.70927865095 
2.25225225225 1.0 0.776656419186 0.774891168799 
-8.1981981982 1.0 -0.941340119153 -0.910972755309 
5.31531531532 1.0 -0.823679750423 -0.853710972736 
4.43443443443 1.0 -0.961618700226 -0.960542157135 
-7.13713713714 1.0 -0.753882673169 -0.763206222543 
-4.35435435435 1.0 0.936587366299 0.942667980802 
-4.81481481481 1.0 0.994759058541 0.978393743236 
-5.67567567568 1.0 0.570824460166 0.578455049404 
9.03903903904 1.0 0.376243865658 0.308089765294 
-6.67667667668 1.0 -0.38341529066 -0.386622471475 
5.17517517518 1.0 -0.894812095251 -0.917479448977 
-9.65965965966 1.0 0.232727934358 0.258430778582 
-1.63163163163 1.0 -0.998150103477 -0.926554350719 
-3.37337337337 1.0 0.229710988177 0.257708325696 
9.33933933934 1.0 0.0853347124856 0.0478743188346 
-7.51751751752 1.0 -0.943927941216 -0.941839527107 
4.55455455455 1.0 -0.987569983594 -0.98708885118 
-5.07507507508 1.0 0.934947206573 0.919020352255 
4.21421421421 1.0 -0.878456163293 -0.878966743979 
5.35535535536 1.0 -0.800320725902 -0.832309042636 
7.05705705706 1.0 0.698909584547 0.693514329707 
9.11911911912 1.0 0.30092154409 0.24103733929 
6.25625625626 1.0 -0.0269257963344 -0.051097171244 
-6.2962962963 1.0 -0.0131106134944 -0.00305142190743 
7.21721721722 1.0 0.804023831509 0.788617533963 
-2.91291291291 1.0 -0.226691833081 -0.22566186405 
5.63563563564 1.0 -0.603233924101 -0.644748257452 
5.8958958959 1.0 -0.377679973455 -0.418301979314 
-5.55555555556 1.0 0.665101514979 0.667836184562 
-5.81581581582 1.0 0.450539443112 0.462473676086 
5.33533533534 1.0 -0.812162990678 -0.843184779772 
5.5955955956 1.0 -0.634676409709 -0.675410051223 
-5.93593593594 1.0 0.340312647942 0.354283548712 
-9.6996996997 1.0 0.271471615699 0.299157083722 
-7.61761761762 1.0 -0.972195835089 -0.965476433814 
-3.39339339339 1.0 0.249148316352 0.27821791897 
3.79379379379 1.0 -0.606937230307 -0.612574962879 
1.83183183183 1.0 0.96612325186 0.962576104403 
-3.73373373373 1.0 0.558138856901 0.59579877143 
5.1951951952 1.0 -0.885695580449 -0.909440682886 
-8.47847847848 1.0 -0.811257411747 -0.777817019323 
5.65565565566 1.0 -0.587146852786 -0.628964771295 
-7.27727727728 1.0 -0.838264195546 -0.844918217936 
-2.45245245245 1.0 -0.635873830576 -0.632250475649 
-6.91691691692 1.0 -0.592155892373 -0.601213448691 
-9.97997997998 1.0 0.527114985665 0.579693538351 
-9.7997997998 1.0 0.366292850383 0.400509386807 
8.17817817818 1.0 0.947906971008 0.844557992091 
4.05405405405 1.0 -0.791012020637 -0.793758309349 
-7.87787787788 1.0 -0.99971449835 -0.98059458937 
9.91991991992 1.0 -0.475156566095 -0.490649585604 
1.25125125125 1.0 0.949378423874 0.951418454332 
-1.87187187187 1.0 -0.955018091318 -0.901531819231 
1.73173173173 1.0 0.987077824457 0.984192248097 
-9.15915915916 1.0 -0.26250641876 -0.240590453624 
-5.47547547548 1.0 0.722706208904 0.721837985357 
-2.13213213213 1.0 -0.846544793956 -0.817717308115 
9.7997997998 1.0 -0.366292850383 -0.378591920949 
-1.89189189189 1.0 -0.948890220341 -0.897204654532 
-1.41141141141 1.0 -0.987325090799 -0.907167724839 
4.99499499499 1.0 -0.960331988856 -0.973578509915 
-1.19119119119 1.0 -0.928811026462 -0.849316860652 
-2.19219219219 1.0 -0.813066617154 -0.789826236253 
4.27427427427 1.0 -0.905553075921 -0.905376528292 
-6.51651651652 1.0 -0.231219739195 -0.228694472301 
-7.65765765766 1.0 -0.980790267476 -0.972144202973 
1.79179179179 1.0 0.975679725882 0.972351895017 
-0.790790790791 1.0 -0.710909644644 -0.653467119545 
-0.710710710711 1.0 -0.65237258226 -0.601499178738 
9.47947947948 1.0 -0.054674242632 -0.0799483520705 
5.47547547548 1.0 -0.722706208904 -0.759832678528 
-7.23723723724 1.0 -0.81576576016 -0.823395517923 
-1.43143143143 1.0 -0.99030442098 -0.910551374915 
-7.43743743744 1.0 -0.914492625181 -0.91578183725 
9.21921921922 1.0 0.204114170152 0.15465416848 
1.31131131131 1.0 0.966522242485 0.968140552843 
7.61761761762 1.0 0.972195835089 0.91693097934 
0.19019019019 1.0 0.189045659132 0.18326685712 
7.41741741742 1.0 0.906209755988 0.872574342135 
9.65965965966 1.0 -0.232727934358 -0.247435807802 
3.27327327327 1.0 -0.131300397197 -0.133336426367 
-0.630630630631 1.0 -0.589654207656 -0.545668100774 
6.21621621622 1.0 -0.066919044364 -0.0934697621244 
1.97197197197 1.0 0.920602539794 0.916831263347 
0.550550550551 1.0 0.523156507537 0.518639910903 
0.0900900900901 1.0 0.0899682743046 0.0861766854528 
3.83383383383 1.0 -0.63826408348 -0.643623461635 
2.79279279279 1.0 0.341770182763 0.344806318167 
-1.27127127127 1.0 -0.955476737061 -0.874666236316 
4.07407407407 1.0 -0.803100948886 -0.805558472224 
0.770770770771 1.0 0.69668837635 0.695859789233 
4.75475475475 1.0 -0.999102704803 -1.0026568402 
-8.63863863864 1.0 -0.707630665292 -0.675307551616 
-5.1951951952 1.0 0.885695580449 0.873038763312 
4.71471471471 1.0 -0.999997295481 -1.00242771192 
-0.35035035035 1.0 -0.343226895963 -0.323093191234 
-9.27927927928 1.0 -0.144985860003 -0.124719749465 
-9.91991991992 1.0 0.475156566095 0.520576945612 
-1.51151151151 1.0 -0.998243169988 -0.920873464004 
-6.01601601602 1.0 0.264002216892 0.27837471572 
8.53853853854 1.0 0.774699305584 0.669594102069 
-1.21121121121 1.0 -0.936042896216 -0.856107394517 
-6.43643643644 1.0 -0.152651959622 -0.147188449002 
-6.17617617618 1.0 0.106805021793 0.119703758733 
2.63263263263 1.0 0.487269347053 0.489773298211 
-0.27027027027 1.0 -0.266991905564 -0.252862898007 
9.8998998999 1.0 -0.45744688336 -0.472029034085 
-0.930930930931 1.0 -0.802176135594 -0.734558759581 
-6.41641641642 1.0 -0.132837305145 -0.126661398657 
-3.43343343343 1.0 0.28771565565 0.318784409795 
5.73573573574 1.0 -0.520511228445 -0.562937033032 
2.37237237237 1.0 0.695575258639 0.695289640024 
8.65865865866 1.0 0.693344009372 0.593610867183 
-1.83183183183 1.0 -0.96612325186 -0.909139689457 
8.43843843844 1.0 0.834011915114 0.726631750138 
4.51451451451 1.0 -0.980486642048 -0.979665250883 
-3.35335335335 1.0 0.210181594637 0.237063535864 
-7.53753753754 1.0 -0.950347982805 -0.947362932939 
-8.85885885886 1.0 -0.536191852752 -0.507810097331 
2.69269269269 1.0 0.433974744115 0.436819934069 
9.45945945946 1.0 -0.034674546587 -0.0615197334135 
0.750750750751 1.0 0.682187883844 0.681031665961 
9.17917917918 1.0 0.243137181641 0.189522301181 
-5.11511511512 1.0 0.919995965877 0.904977813371 
7.0970970971 1.0 0.726978798959 0.719538241756 
3.73373373373 1.0 -0.558138856901 -0.564040167606 
0.710710710711 1.0 0.65237258226 0.650541117014 
7.17717717718 1.0 0.779578080518 0.767116586652 
-5.51551551552 1.0 0.694460468753 0.695412672974 
9.13913913914 1.0 0.281770446506 0.223975842035 
6.31631631632 1.0 0.0331249483513 0.0126014264419 
5.81581581582 1.0 -0.450539443112 -0.492568562177 
9.95995995996 1.0 -0.509997599178 -0.527798936446 
-0.0500500500501 1.0 -0.0500291567086 -0.0488323567526 
-8.21821821822 1.0 -0.934395989648 -0.903582732894 
-6.71671671672 1.0 -0.42007812671 -0.424564676556 
-3.21321321321 1.0 0.0715593456609 0.089800044251 
5.95595595596 1.0 -0.32142063693 -0.360349576077 
6.8968968969 1.0 0.575905704393 0.575370635666 
-5.71571571572 1.0 0.537499969971 0.5465437952 
-8.17817817818 1.0 -0.947906971008 -0.918019595494 
-0.570570570571 1.0 -0.540112324789 -0.501384572963 
-6.95695695696 1.0 -0.623937863975 -0.633449312896 
2.45245245245 1.0 0.635873830576 0.63658845819 
-3.75375375375 1.0 0.574637462441 0.612128919835 
-9.11911911912 1.0 -0.30092154409 -0.278263981693 
6.95695695696 1.0 0.623937863975 0.622213921706 
7.07707707708 1.0 0.713087090062 0.706709294578 
4.37437437437 1.0 -0.943414910292 -0.942481788421 
1.91191191191 1.0 0.942382045726 0.938599323704 
3.97397397397 1.0 -0.739536372707 -0.743389708073 
7.45745745746 1.0 0.922408976872 0.884604344069 
9.97997997998 1.0 -0.527114985665 -0.546321700353 
0.530530530531 1.0 0.505991015532 0.501175117778 
2.01201201201 1.0 0.904233186475 0.9005601424 
6.85685685686 1.0 0.542719485852 0.542554561829 
-7.2972972973 1.0 -0.849011685183 -0.855118087428 
-4.95495495495 1.0 0.970724838874 0.953346809534 
-0.29029029029 1.0 -0.286230381945 -0.270654932264 
2.43243243243 1.0 0.651196684992 0.65166645865 
-1.97197197197 1.0 -0.920602539794 -0.876383931099 
4.65465465465 1.0 -0.998333836705 -0.999375212184 
6.81681681682 1.0 0.508663293061 0.508536576398 
6.0960960961 1.0 -0.185999691898 -0.219107381366 
3.21321321321 1.0 -0.0715593456609 -0.0726503548227 
5.93593593594 1.0 -0.340312647942 -0.379864346376 
8.61861861862 1.0 0.721633711464 0.619805260227 
6.11611611612 1.0 -0.166293065952 -0.198388727492 
9.55955955956 1.0 -0.13437389375 -0.154086157927 
0.910910910911 1.0 0.790062479764 0.791194782553 
-9.73973973974 1.0 0.309780130585 0.339797144391 
1.33133133133 1.0 0.971465007816 0.972913321062 
4.13413413413 1.0 -0.837417761709 -0.839009468307 
8.31831831832 1.0 0.894118814814 0.786808465238 
-6.05605605606 1.0 0.225181436261 0.239463395158 
4.25425425425 1.0 -0.896879023055 -0.896915827623 
-0.03003003003 1.0 -0.0300255167065 -0.0297021454593 
7.53753753754 1.0 0.950347982805 0.90390917912 
6.6966966967 1.0 0.401827232414 0.399930049781 
-1.65165165165 1.0 -0.996732988666 -0.926339130669 
1.13113113113 1.0 0.904894218889 0.907297193899 
8.8988988989 1.0 0.501973484202 0.420229036499 
-0.910910910911 1.0 -0.790062479764 -0.723768511845 
1.19119119119 1.0 0.928811026462 0.931119664733 
5.4954954955 1.0 -0.708725363073 -0.746573226572 
8.41841841842 1.0 0.844890020967 0.737307058373 
2.49249249249 1.0 0.604469813648 0.605655469441 
9.73973973974 1.0 -0.309780130585 -0.322377981234 
-9.75975975976 1.0 0.328751980598 0.360072444428 
-8.91891891892 1.0 -0.484559073218 -0.457518739484 
-7.997997998 1.0 -0.989647555109 -0.965507423902 
0.47047047047 1.0 0.453305691794 0.447693505151 
-0.590590590591 1.0 -0.556851671602 -0.516368344687 
-8.57857857858 1.0 -0.748766641479 -0.715810469819 
-7.77777777778 1.0 -0.997097890944 -0.982633474347 
-0.750750750751 1.0 -0.682187883844 -0.627978257422 
-1.25125125125 1.0 -0.949378423874 -0.868783916679 
-2.39239239239 1.0 -0.681053382124 -0.673810929199 
-7.03703703704 1.0 -0.684451964588 -0.694338660531 
8.83883883884 1.0 0.552982096013 0.465985309441 
9.31931931932 1.0 0.105263273301 0.0658749236472 
-7.5975975976 1.0 -0.967313252172 -0.961545451161 
-9.61961961962 1.0 0.193611192318 0.217658732216 
4.01401401401 1.0 -0.765888052358 -0.76920098086 
6.03603603604 1.0 -0.244640851113 -0.280534731684 
-9.2992992993 1.0 -0.125149645879 -0.105051237922 
9.05905905906 1.0 0.357620745349 0.291513569075 
-1.07107107107 1.0 -0.877714248189 -0.802362284786 
-2.99299299299 1.0 -0.148053371305 -0.143258044092 
2.83283283283 1.0 0.303877337824 0.306848173399 
8.01801801802 1.0 0.986576173517 0.892537461613 
6.53653653654 1.0 0.250649611665 0.242654174988 
2.65265265265 1.0 0.469690351946 0.472325478171 
3.31331331331 1.0 -0.170877953796 -0.173533795727 
-9.37937937938 1.0 -0.0453829883483 -0.0255645059386 
-8.83883883884 1.0 -0.552982096013 -0.524167754977 
5.43543543544 1.0 -0.749793457774 -0.785351180119 
5.77577577578 1.0 -0.485914794209 -0.528269372579 
-5.05505505506 1.0 0.941862214566 0.925556390636 
-2.85285285285 1.0 -0.284744420138 -0.285872432276 
5.6956956957 1.0 -0.554273288059 -0.596518416961 
-5.87587587588 1.0 0.396140311588 0.409302112429 
7.93793793794 1.0 0.996477739177 0.908761366223 
2.75275275275 1.0 0.379115173303 0.382134636276 
-4.69469469469 1.0 0.999843460211 0.986765661332 
-6.7967967968 1.0 -0.491325964149 -0.498052516501 
8.4984984985 1.0 0.799390133963 0.693125767696 
6.43643643644 1.0 0.152651959622 0.139309991498 
7.73773773774 1.0 0.993251282848 0.924921370481 
-5.45545545546 1.0 0.736397402892 0.734612114277 
0.730730730731 1.0 0.667413978747 0.665922878945 
6.51651651652 1.0 0.231219739195 0.222227923986 
-4.67467467467 1.0 0.999288899866 0.986968436116 
4.23423423423 1.0 -0.887845512006 -0.888112003604 
6.07607607608 1.0 -0.205631771434 -0.239711738276 
0.610610610611 1.0 0.573367839051 0.569819333086 
5.61561561562 1.0 -0.61907922661 -0.660231650564 
-2.27227227227 1.0 -0.763890524376 -0.747646509269 
3.19319319319 1.0 -0.0515776439174 -0.0523558188812 
-7.47747747748 1.0 -0.929955638285 -0.929601794748 
-5.31531531532 1.0 0.823679750423 0.815629979222 
9.81981981982 1.0 -0.384846824231 -0.397313326051 
-2.53253253253 1.0 -0.572096837274 -0.572208701799 
-3.85385385385 1.0 0.653546911213 0.689043266009 
-4.41441441441 1.0 0.955933085822 0.957896587313 
-2.47247247247 1.0 -0.620296125676 -0.617728195961 
-8.13813813814 1.0 -0.959898466376 -0.931071346805 
-2.01201201201 1.0 -0.904233186475 -0.863853609285 
3.23323323323 1.0 -0.0915123672906 -0.0929183361986 
1.75175175175 1.0 0.983672194447 0.98062513231 
-2.05205205205 1.0 -0.886414355831 -0.849901820794 
4.17417417417 1.0 -0.858625146533 -0.859659279752 
0.31031031031 1.0 0.305354140677 0.298753091823 
1.29129129129 1.0 0.961192106815 0.962966419933 
-0.950950950951 1.0 -0.813968289004 -0.745077626388 
-5.35535535536 1.0 0.800320725902 0.794002674841 
-9.21921921922 1.0 -0.204114170152 -0.183147501177 
-8.07807807808 1.0 -0.974995298193 -0.947999527364 
-6.11611611612 1.0 0.166293065952 0.180084914469 
2.93293293293 1.0 0.207148878373 0.209601327802 
7.71771771772 1.0 0.990730428893 0.924535389809 
2.85285285285 1.0 0.284744420138 0.287651762748 
7.63763763764 1.0 0.976688773762 0.919216141968 
-0.43043043043 1.0 -0.417262010319 -0.390624375183 
3.95395395395 1.0 -0.725913266541 -0.730022808213 
7.8978978979 1.0 0.999035835857 0.914833698771 
7.85785785786 1.0 0.999992487454 0.919510785684 
4.83483483483 1.0 -0.99251286792 -0.998770638768 
5.53553553554 1.0 -0.679917243139 -0.719070094053 
-9.01901901902 1.0 -0.39471619201 -0.369948468727 
4.03403403403 1.0 -0.778606064409 -0.781638087856 
-4.79479479479 1.0 0.996606561851 0.980635423813 
-6.35635635636 1.0 -0.0731057736575 -0.0648890143949 
-3.11311311311 1.0 -0.0284756907485 -0.0166694103584 
5.0950950951 1.0 -0.927657483133 -0.946031892652 
6.05605605606 1.0 -0.225181436261 -0.260191041808 
-3.81381381381 1.0 0.622725447279 0.659245875948 
3.57357357357 1.0 -0.41867057176 -0.42430770469 
7.51751751752 1.0 0.943927941216 0.899675226844 
-8.73873873874 1.0 -0.633477463068 -0.602684887684 
-7.97797797798 1.0 -0.992322298019 -0.96896292056 
-0.23023023023 1.0 -0.228201684929 -0.216844071288 
-7.33733733734 1.0 -0.869481672757 -0.874379822767 
-2.35235235235 1.0 -0.709818357066 -0.699814546164 
6.55655655656 1.0 0.269979026825 0.262935939584 
-0.730730730731 1.0 -0.667413978747 -0.614861017629 
-1.33133133133 1.0 -0.971465007816 -0.890468030658 
-2.41241241241 1.0 -0.666258547712 -0.660295203898 
9.2992992993 1.0 0.125149645879 0.0837991001213 
6.93693693694 1.0 0.608168751487 0.606926017012 
3.47347347347 1.0 -0.325821789448 -0.330613878598 
1.57157157157 1.0 0.999999699498 0.998778767944 
5.97597597598 1.0 -0.302399804444 -0.340649671907 
6.65665665666 1.0 0.36484968073 0.361785682131 
8.03803803804 1.0 0.983109384216 0.887651700683 
8.33833833834 1.0 0.884974675839 0.777437786831 
6.75675675676 1.0 0.456067581459 0.455396386508 
-2.23223223223 1.0 -0.789111039566 -0.769447467345 
-4.23423423423 1.0 0.887845512006 0.902431265352 
-0.11011011011 1.0 -0.109887744787 -0.105754042236 
5.51551551552 1.0 -0.694460468753 -0.732984547407 
2.99299299299 1.0 0.148053371305 0.149966766672 
-3.23323323323 1.0 0.0915123672906 0.111043756248 
10.0 1.0 -0.544021110889 -0.564805904357 
-9.07907907908 1.0 -0.338854295004 -0.315388225785 
2.13213213213 1.0 0.846544793956 0.843575498444 
3.93393393393 1.0 -0.711999223182 -0.716353563622 
-3.27327327327 1.0 0.131300397197 0.153376412105 
-5.95595595596 1.0 0.32142063693 0.335565037758 
1.47147147147 1.0 0.995071340501 0.995040963257 
-7.4974974975 1.0 -0.93712958481 -0.93591891079 
-3.17317317317 1.0 0.0315752704827 0.0472230595721 
-5.27527527528 1.0 0.845718424022 0.836019567304 
9.93993993994 1.0 -0.492675811867 -0.509240566015 
5.25525525526 1.0 -0.856231505045 -0.883175669271 
0.35035035035 1.0 0.343226895963 0.33667987178 
6.2962962963 1.0 0.0131106134944 -0.00863411032388 
-3.95395395395 1.0 0.725913266541 0.757634508188 
-8.71871871872 1.0 -0.648840196822 -0.617699922741 
1.09109109109 1.0 0.887131000257 0.889492998835 
4.97497497497 1.0 -0.965721938658 -0.977998938459 
7.23723723724 1.0 0.81576576016 0.798786537956 
-3.63363363363 1.0 0.472425730458 0.509744700041 
-8.4984984985 1.0 -0.799390133963 -0.765985228711 
-8.41841841842 1.0 -0.844890020967 -0.811538898833 
-6.03603603604 1.0 0.244640851113 0.258992130092 
7.997997998 1.0 0.989647555109 0.897094802007 
-7.31731731732 1.0 -0.859418901282 -0.86493954814 
-2.31231231231 1.0 -0.737445499834 -0.724431617393 
3.35335335335 1.0 -0.210181594637 -0.213434608113 
-5.15515515516 1.0 0.903569980268 0.889647862592 
8.13813813814 1.0 0.959898466376 0.85842205819 
-1.53153153153 1.0 -0.999229236959 -0.922643241128 
-0.990990990991 1.0 -0.836569314705 -0.765291785911 
1.05105105105 1.0 0.867945718946 0.870181121787 
-9.25925925926 1.0 -0.164763965562 -0.14429571999 
9.23923923924 1.0 0.184476035731 0.137074407823 
5.57557557558 1.0 -0.650019222236 -0.690278814658 
2.89289289289 1.0 0.246143932464 0.248863340791 
-4.43443443443 1.0 0.961618700226 0.9622540086 
-4.59459459459 1.0 0.993070259711 0.984330602821 
-9.71971971972 1.0 0.290684124469 0.319490388382 
1.39139139139 1.0 0.983950052752 0.98481622574 
0.890890890891 1.0 0.777632176518 0.778529390085 
-8.97897897898 1.0 -0.431178912314 -0.405507834586 
-6.87687687688 1.0 -0.559424700424 -0.56786004215 
-9.95995995996 1.0 0.509997599178 0.560067123399 
9.75975975976 1.0 -0.328751980598 -0.341120921648 
2.33233233233 1.0 0.723776968945 0.722984354542 
2.31231231231 1.0 0.737445499834 0.736402534355 
8.27827827828 1.0 0.911328515751 0.804728402311 
-2.73273273273 1.0 -0.397563478837 -0.400926788263 
9.5995995996 1.0 -0.173932497848 -0.191357466876 
8.21821821822 1.0 0.934395989648 0.829497244645 
-7.83783783784 1.0 -0.999869691753 -0.982573885182 
-7.05705705706 1.0 -0.698909584547 -0.708775950801 
2.95295295295 1.0 0.187522900919 0.1898134736 
-5.85585585586 1.0 0.41444188151 0.427239800528 
-3.55355355355 1.0 0.400406942668 0.436060714763 
5.2952952953 1.0 -0.834866389361 -0.863885884129 
-3.29329329329 1.0 0.151119458915 0.174439522128 
-4.45445445445 1.0 0.966918909573 0.966253733064 
-0.530530530531 1.0 -0.505991015532 -0.470767760213 
-7.95795795796 1.0 -0.994599330244 -0.972044976045 
4.31431431431 1.0 -0.921809046742 -0.921262375563 
0.850850850851 1.0 0.75184168035 0.752218817864 
4.77477477477 1.0 -0.998054637396 -1.00222872945 
-8.33833833834 1.0 -0.884974675839 -0.852218378245 
3.91391391391 1.0 -0.69779981921 -0.702386093777 
-2.11211211211 1.0 -0.857031446499 -0.82629940316 
3.55355355355 1.0 -0.400406942668 -0.405913652452 
-3.09309309309 1.0 -0.0484805492288 -0.0379215748853 
3.75375375375 1.0 -0.574637462441 -0.580472245997 
9.67967967968 1.0 -0.252150304413 -0.266160028587 
1.63163163163 1.0 0.998150103477 0.996244352096 
1.61161161161 1.0 0.999167171889 0.997484081098 
1.93193193193 1.0 0.935496175869 0.931699077104 
-5.37537537538 1.0 0.788157702332 0.782729029961 
8.77877877878 1.0 0.601996584369 0.510205428099 
8.45845845846 1.0 0.822799547447 0.715707166319 
-4.17417417417 1.0 0.858625146533 0.877392893768 
9.6996996997 1.0 -0.271471615699 -0.284894108071 
7.47747747748 1.0 0.929955638285 0.890023802681 
8.37837837838 1.0 0.865626143701 0.757894285529 
4.09409409409 1.0 -0.81486800406 -0.817035578239 
8.67867867868 1.0 0.678779469621 0.580202434645 
-9.23923923924 1.0 -0.184476035731 -0.163773514019 
5.13513513514 1.0 -0.911965725448 -0.932477501409 
7.95795795796 1.0 0.994599330244 0.905210205661 
-0.650650650651 1.0 -0.605704250039 -0.559976990765 
-1.99199199199 1.0 -0.912600742763 -0.87029611593 
4.61461461461 1.0 -0.995223893414 -0.995538426573 
2.23223223223 1.0 0.789111039566 0.787118926422 
5.21521521522 1.0 -0.87622408965 -0.901043156153 
-1.61161161161 1.0 -0.999167171889 -0.926435238174 
6.17617617618 1.0 -0.106805021793 -0.135657253603 
-7.6976976977 1.0 -0.987812502254 -0.977222420038 
6.4964964965 1.0 0.211697196671 0.201668690922 
-6.57657657658 1.0 -0.289200237681 -0.288894705912 
-7.73773773774 1.0 -0.993251282848 -0.980716359419 
-6.47647647648 1.0 -0.19208980849 -0.18808316916 
-3.79379379379 1.0 0.606937230307 0.643857997716 
3.41341341341 1.0 -0.268485788917 -0.272566011535 
0.15015015015 1.0 0.149586594914 0.14445115263 
2.91291291291 1.0 0.226691833081 0.229287418772 
3.39339339339 1.0 -0.249148316352 -0.25296385294 
-6.65665665666 1.0 -0.36484968073 -0.367385267908 
-1.45145145145 1.0 -0.992886849216 -0.913615319353 
3.71371371371 1.0 -0.541416556108 -0.547362493502 
6.5965965966 1.0 0.308305540605 0.303020726512 
-4.11411411411 1.0 0.826308470068 0.84907030061 
-8.51851851852 1.0 -0.787202470352 -0.75386454667 
-6.25625625626 1.0 0.0269257963344 0.0380709307199 
2.51251251251 1.0 0.588401237484 0.5898103904 
8.25825825826 1.0 0.919387180273 0.813269980806 
-3.15315315315 1.0 0.0115602420643 0.0259160256484 
2.73273273273 1.0 0.397563478837 0.400544369497 
-8.65865865866 1.0 -0.693344009372 -0.661282751105 
8.87887887888 1.0 0.519186710331 0.435645226658 
2.57257257257 1.0 0.53880679503 0.540823074042 
4.11411411411 1.0 -0.826308470068 -0.828186798598 
-7.17717717718 1.0 -0.779578080518 -0.788356271371 
-5.53553553554 1.0 0.679917243139 0.681766879663 
-1.59159159159 1.0 -0.999783786273 -0.925983168104 
-1.75175175175 1.0 -0.983672194447 -0.920201211347 
3.51351351351 1.0 -0.363405633971 -0.368591945306 
-4.13413413413 1.0 0.837417761709 0.858875598964 
8.75875875876 1.0 0.617860839267 0.524585669989 
-9.93993993994 1.0 0.492675811867 0.540360246469 
-6.97697697698 1.0 -0.639456909771 -0.64912976969 
7.65765765766 1.0 0.980790267476 0.921116977665 
-0.31031031031 1.0 -0.305354140677 -0.288294350588 
5.45545545546 1.0 -0.736397402892 -0.772759669908 
-4.97497497497 1.0 0.965721938658 0.948443763165 
-4.65465465465 1.0 0.998333836705 0.986827485592 
-5.91591591592 1.0 0.359068265792 0.372817245789 
9.15915915916 1.0 0.26250641876 0.206802854395 
-7.25725725726 1.0 -0.827180739833 -0.834342947476 
-3.91391391391 1.0 0.69779981921 0.731228324788 
-1.39139139139 1.0 -0.983950052752 -0.90346594908 
-9.81981981982 1.0 0.384846824231 0.420661561696 
-4.51451451451 1.0 0.980486642048 0.976117703307 
-3.45345345345 1.0 0.306830209454 0.338818360608 
6.7967967968 1.0 0.491325964149 0.491096554048 
0.11011011011 1.0 0.109887744787 0.105596523675 
1.87187187187 1.0 0.955018091318 0.951318114171 
9.4994994995 1.0 -0.0746520259067 -0.0984230155644 
-2.07207207207 1.0 -0.876970223046 -0.842391402081 
5.7957957958 1.0 -0.468320967329 -0.51054461887 
-0.890890890891 1.0 -0.777632176518 -0.712709301109 
0.790790790791 1.0 0.710909644644 0.710399754022 
-2.17217217217 1.0 -0.824557973258 -0.799480582929 
-9.77977977978 1.0 0.347592070824 0.380311448555 
-0.550550550551 1.0 -0.523156507537 -0.486183107473 
-6.4964964965 1.0 -0.211697196671 -0.208429559417 
-0.41041041041 1.0 -0.398985690337 -0.37401241644 
-1.35135135135 1.0 -0.97601842181 -0.895114460784 
6.37637637638 1.0 0.0930562402792 0.0761792797648 
4.81481481481 1.0 -0.994759058541 -1.00028585565 
8.1981981982 1.0 0.941340119153 0.837175324728 
9.1991991992 1.0 0.223670498102 0.172138101577 
-6.15615615616 1.0 0.126687794244 0.139927022977 
-2.83283283283 1.0 -0.303877337824 -0.305579389607 
0.650650650651 1.0 0.605704250039 0.602837609828 
9.3993993994 1.0 0.0253758371902 -0.00654764719132 
-3.61361361361 1.0 0.454687183165 0.49170306752 
-6.55655655656 1.0 -0.269979026825 -0.268937560685 
5.67567567568 1.0 -0.570824460166 -0.612886350599 
5.3953953954 1.0 -0.775678794758 -0.809516695792 
-9.0990990991 1.0 -0.319952035985 -0.296897526469 
-7.91791791792 1.0 -0.997956771974 -0.977079743615 
5.23523523524 1.0 -0.866401418913 -0.892287802027 
-8.37837837838 1.0 -0.865626143701 -0.832503135594 
4.73473473473 1.0 -0.99975034402 -1.00272307355 
-3.13313313313 1.0 -0.00845941955823 0.00461415701424 
-3.87387387387 1.0 0.668567805308 0.703443770194 
2.05205205205 1.0 0.886414355831 0.882910167102 
9.37937937938 1.0 0.0453829883483 0.0116592044511 
6.3963963964 1.0 0.112969411094 0.0972886449081 
9.63963963964 1.0 -0.213212289782 -0.228724948468 
8.97897897898 1.0 0.431178912314 0.357015497377 
-4.39439439439 1.0 0.949864345085 0.953180428263 
3.01301301301 1.0 0.128225638051 0.129925374495 
3.69369369369 1.0 -0.524477262156 -0.530445649977 
2.21221221221 1.0 0.801249393857 0.799039416643 
-0.17017017017 1.0 -0.169350063744 -0.161819720744 
-3.33333333333 1.0 0.190567962875 0.216295604197 
3.65365365365 1.0 -0.489974935275 -0.495921196905 
-4.71471471471 1.0 0.999997295481 0.986220308022 
1.71171171171 1.0 0.990087845702 0.987376628882 
6.57657657658 1.0 0.289200237681 0.283061857439 
3.67367367367 1.0 -0.507327764109 -0.513296271298 
-3.41341341341 1.0 0.268485788917 0.298580480142 
-7.75775775776 1.0 -0.995374053792 -0.981871472928 
-2.59259259259 1.0 -0.521834495241 -0.523858269334 
9.61961961962 1.0 -0.193611192318 -0.210030981891 
9.07907907908 1.0 0.338854295004 0.274810138961 
-6.13613613614 1.0 0.146519791772 0.160057172304 
-1.13113113113 1.0 -0.904894218889 -0.827158821493 
2.55255255255 1.0 0.555563147622 0.55738883099 
8.81881881882 1.0 0.569550710787 0.48090129964 
-4.63463463463 1.0 0.996978653508 0.986341647923 
9.01901901902 1.0 0.39471619201 0.324534783421 
-4.57457457457 1.0 0.990518615549 0.982803019352 
-0.770770770771 1.0 -0.69668837635 -0.640847924541 
9.41941941942 1.0 0.00535851570584 -0.0248156131219 
-6.45645645646 1.0 -0.172405433055 -0.167665920037 
-2.15215215215 1.0 -0.835718856574 -0.808777678949 
3.53353353353 1.0 -0.381982835353 -0.387339017061 
-3.01301301301 1.0 -0.128225638051 -0.122356640282 
-8.23823823824 1.0 -0.927077365617 -0.895852707664 
9.77977977978 1.0 -0.347592070824 -0.359860016314 
0.990990990991 1.0 0.836569314705 0.8384544143 
3.49349349349 1.0 -0.34468278404 -0.349680745323 
-9.31931931932 1.0 -0.105263273301 -0.0852958230423 
-5.75575575576 1.0 0.503313872361 0.513631477277 
-9.53953953954 1.0 0.114509838728 0.136143838294 
-4.87487487487 1.0 0.986828185163 0.969656179772 
1.81181181181 1.0 0.971096090611 0.967650572582 
1.35135135135 1.0 0.97601842181 0.97728389833 
-6.07607607608 1.0 0.205631771434 0.21979687406 
-5.13513513514 1.0 0.911965725448 0.897473260849 
-1.31131131131 1.0 -0.966522242485 -0.885510041009 
2.15215215215 1.0 0.835718856574 0.832920512685 
-7.57757757758 1.0 -0.96204298189 -0.957216165564 
1.15115115115 1.0 0.91323356617 0.915625464987 
3.09309309309 1.0 0.0484805492288 0.0491818529162 
7.4974974975 1.0 0.93712958481 0.895047128733 
6.27627627628 1.0 -0.00690897593668 -0.0298709816293 
-5.8958958959 1.0 0.377679973455 0.391159051495 
-8.75875875876 1.0 -0.617860839267 -0.587433967583 
-1.79179179179 1.0 -0.975679725882 -0.915359702495 
-9.8998998999 1.0 0.45744688336 0.500721348141 
4.79479479479 1.0 -0.996606561851 -1.00143848073 
-5.6956956957 1.0 0.554273288059 0.562626898824 
2.53253253253 1.0 0.572096837274 0.57371974736 
5.37537537538 1.0 -0.788157702332 -0.821085659261 
-0.690690690691 1.0 -0.637069722791 -0.58789579202 
1.11111111111 1.0 0.89619220103 0.898585309005 
-3.47347347347 1.0 0.325821789448 0.358671252299 
4.15415415415 1.0 -0.848191426515 -0.849501080358 
-4.05405405405 1.0 0.791012020637 0.817476110402 
8.93893893894 1.0 0.466950456861 0.388924118451 
6.33633633634 1.0 0.0531260071326 0.0338235668993 
-6.27627627628 1.0 0.00690897593668 0.0175268800777 
-1.95195195195 1.0 -0.928235370545 -0.882117825046 
7.77777777778 1.0 0.997097890944 0.924578399973 
-5.77577577578 1.0 0.485914794209 0.496812171832 
8.05805805806 1.0 0.979248576653 0.882441070932 
1.21121121121 1.0 0.936042896216 0.938280462456 
2.67267267267 1.0 0.451923110669 0.454672238161 
-3.71371371371 1.0 0.541416556108 0.5791661684 
-1.81181181181 1.0 -0.971096090611 -0.912422604599 
0.39039039039 1.0 0.380549461752 0.374196254985 
5.55555555556 1.0 -0.665101514979 -0.704833545819 
-2.09209209209 1.0 -0.867174611281 -0.834524034956 
9.27927927928 1.0 0.144985860003 0.101642988409 
1.49149149149 1.0 0.996857019318 0.996590067806 
5.15515515516 1.0 -0.903569980268 -0.925158629595 
-3.51351351351 1.0 0.363405633971 0.397790954568 
7.83783783784 1.0 0.999869691753 0.921318110214 
3.25325325325 1.0 -0.111428711879 -0.113150209417 
-2.63263263263 1.0 -0.487269347053 -0.490124614844 
-4.55455455455 1.0 0.987569983594 0.980925803405 
3.07307307307 1.0 0.0684659772958 0.0694362094979 
7.6976976977 1.0 0.987812502254 0.923774295225 
4.59459459459 1.0 -0.993070259711 -0.993080697763 
-10.0 1.0 0.544021110889 0.599235544174 
-9.87987987988 1.0 0.439553861488 0.480797668881 
-3.65365365365 1.0 0.489974935275 0.527519483245 
-1.73173173173 1.0 -0.987077824457 -0.922108069413 
-0.0700700700701 1.0 -0.0700127456343 -0.0678893861298 
-5.97597597598 1.0 0.302399804444 0.316669012701 
3.87387387387 1.0 -0.668567805308 -0.673573966169 
0.670670670671 1.0 0.62151153354 0.618990345569 
7.1971971972 1.0 0.791959659904 0.778060105185 
-8.2982982983 1.0 -0.902904601864 -0.870655391277 
7.87787787788 1.0 0.99971449835 0.917348263858 
0.930930930931 1.0 0.802176135594 0.803525567037 
-5.0950950951 1.0 0.927657483133 0.912160505742 
-6.83683683684 1.0 -0.525796755923 -0.533451188256 
2.47247247247 1.0 0.620296125676 0.621249831754 
-1.93193193193 1.0 -0.935496175869 -0.887498635445 
-7.0970970971 1.0 -0.726978798959 -0.7366659027 
7.31731731732 1.0 0.859418901282 0.835541101046 
-5.43543543544 1.0 0.749793457774 0.747090547895 
-0.830830830831 1.0 -0.738491823944 -0.677942845679 
-2.97297297297 1.0 -0.167821766571 -0.164051408169 
0.29029029029 1.0 0.286230381945 0.279659550034 
-6.1961961962 1.0 0.0868794431893 0.0993968352337 
3.85385385385 1.0 -0.653546911213 -0.658738566241 
7.55755755756 1.0 0.956387136503 0.907750237892 
7.43743743744 1.0 0.914492625181 0.878788033097 
7.3973973974 1.0 0.897563688968 0.865962943108 
-6.77677677678 1.0 -0.473791717778 -0.480003426134 
-3.49349349349 1.0 0.34468278404 0.378332285508 
-9.05905905906 1.0 -0.357620745349 -0.33373058707 
0.23023023023 1.0 0.228201684929 0.221971577983 
8.3983983984 1.0 0.855429505195 0.747729198871 
2.81281281281 1.0 0.322888465175 0.325902244793 
6.47647647648 1.0 0.19208980849 0.180988109435 
