-9.85985985986 1.0 0.421484671785 -0.338541854799 
6.35635635636 1.0 0.0731057736575 0.157045974018 
-2.81281281281 1.0 -0.322888465175 -0.261145836507 
-2.95295295295 1.0 -0.187522900919 -0.242412513389 
1.89189189189 1.0 0.948890220341 0.875403611794 
4.67467467467 1.0 -0.999288899866 -0.344739517818 
-6.3963963964 1.0 -0.112969411094 -0.282486772439 
-5.4954954955 1.0 0.708725363073 -0.2511374991 
-8.7987987988 1.0 -0.585891056576 -0.329760219115 
-9.55955955956 1.0 0.13437389375 -0.336558833252 
-8.53853853854 1.0 -0.774699305584 -0.326741526002 
-6.53653653654 1.0 -0.250649611665 -0.28666643519 
7.33733733734 1.0 0.869481672757 0.370678405659 
6.83683683684 1.0 0.525796755923 0.274582686619 
1.45145145145 1.0 0.992886849216 1.02977520252 
-7.71771771772 1.0 -0.990730428893 -0.31432445993 
1.65165165165 1.0 0.996732988666 0.984937502692 
-0.0900900900901 1.0 -0.0899682743046 -0.149463981416 
1.23123123123 1.0 0.942899611382 1.02241386822 
3.59359359359 1.0 -0.436766402789 -0.323008877019 
0.870870870871 1.0 0.764890207772 0.869684790387 
-7.63763763764 1.0 -0.976688773762 -0.312844829352 
0.37037037037 1.0 0.361960713579 0.393905341179 
9.35935935936 1.0 0.0653719505576 0.559350311469 
3.13313313313 1.0 0.00845941955822 -0.0876873590525 
7.81781781782 1.0 0.999346160464 0.440183597032 
-1.17117117117 1.0 -0.921206900567 -0.684515008426 
-2.37237237237 1.0 -0.695575258639 -0.349052662629 
-6.33633633634 1.0 -0.0531260071326 -0.280634533982 
8.07807807808 1.0 0.974995298193 0.469950012427 
-7.81781781782 1.0 -0.999346160464 -0.31610173746 
-4.29429429429 1.0 0.913864194148 -0.206820975071 
-4.77477477477 1.0 0.998054637396 -0.222965104506 
-5.7957957958 1.0 0.468320967329 -0.262374032464 
-8.6986986987 1.0 -0.66394288333 -0.328645623702 
8.23823823824 1.0 0.927077365617 0.485898166109 
-0.13013013013 1.0 -0.1297631736 -0.192967053902 
0.13013013013 1.0 0.1297631736 0.106577939931 
-8.61861861862 1.0 -0.721633711464 -0.327712564061 
-7.07707707708 1.0 -0.713087090062 -0.300943883551 
8.91891891892 1.0 0.484559073218 0.537204638346 
2.29229229229 1.0 0.750818471552 0.593213553881 
-8.87887887888 1.0 -0.519186710331 -0.330611826463 
8.95895895896 1.0 0.449154692451 0.539524933329 
-0.19019019019 1.0 -0.189045659132 -0.255716569367 
-4.33433433433 1.0 0.929384449502 -0.207945055184 
-0.39039039039 1.0 -0.380549461752 -0.438427355761 
-4.53453453453 1.0 0.984225545624 -0.214275228939 
4.47447447447 1.0 -0.971831589603 -0.382886554854 
-8.15815815816 1.0 -0.9540939133 -0.321575365441 
4.19419419419 1.0 -0.868714740054 -0.410423236567 
4.91491491491 1.0 -0.979561626072 -0.284508074007 
-5.5955955956 1.0 0.634676409709 -0.254954086253 
-9.03903903904 1.0 -0.376243865658 -0.332212649204 
-1.05105105105 1.0 -0.867945718946 -0.690920538489 
-0.870870870871 1.0 -0.764890207772 -0.674370109138 
5.11511511512 1.0 -0.919995965877 -0.226160913127 
-8.55855855856 1.0 -0.761885650774 -0.326987907097 
2.27227227227 1.0 0.763890524376 0.609383206251 
3.15315315315 1.0 -0.0115602420643 -0.100917336447 
3.99399399399 1.0 -0.752863081707 -0.406319882024 
-8.3983983984 1.0 -0.855429505195 -0.324947432555 
-4.89489489489 1.0 0.983391971377 -0.227573795378 
7.11711711712 1.0 0.740579143612 0.331599431154 
0.830830830831 1.0 0.738491823944 0.841859848411 
-1.55155155155 1.0 -0.999814825028 -0.60179649569 
0.03003003003 1.0 0.0300255167065 -0.0125235299566 
8.73873873874 1.0 0.633477463068 0.525900180117 
-8.8988988989 1.0 -0.501973484202 -0.330819301054 
-9.51951951952 1.0 0.094599889559 -0.336267277103 
-9.41941941942 1.0 -0.00535851570584 -0.335508755162 
-6.23623623624 1.0 0.046931825201 -0.277466653993 
3.77377377377 1.0 -0.590905760288 -0.373927827054 
-6.8968968969 1.0 -0.575905704393 -0.296504670131 
-4.83483483483 1.0 0.99251286792 -0.225254346646 
0.21021021021 1.0 0.208665487323 0.203187954625 
-1.77177177177 1.0 -0.979872320608 -0.531600005781 
-8.67867867868 1.0 -0.678779469621 -0.328415858594 
0.970970970971 1.0 0.825434213842 0.929921275105 
-1.71171171171 1.0 -0.990087845702 -0.551354297622 
-0.49049049049 1.0 -0.471058607419 -0.512073490118 
6.01601601602 1.0 -0.264002216892 0.0594725653508 
-8.77877877878 1.0 -0.601996584369 -0.329541807736 
7.7977977978 1.0 0.998422103411 0.437680889386 
-0.670670670671 1.0 -0.62151153354 -0.612039299309 
0.950950950951 1.0 0.813968289004 0.91895629376 
-8.11811811812 1.0 -0.965318303844 -0.320975126948 
-9.57957957958 1.0 0.154184093352 -0.33670212506 
7.25725725726 1.0 0.827180739833 0.357029088378 
-4.75475475475 1.0 0.999102704803 -0.222210052208 
-2.77277277277 1.0 -0.360514923027 -0.267279396519 
3.17317317317 1.0 -0.0315752704827 -0.113897633189 
-2.49249249249 1.0 -0.604469813648 -0.32056038488 
-3.31331331331 1.0 0.170877953796 -0.211555252552 
-3.77377377377 1.0 0.590905760288 -0.199291283396 
-5.73573573574 1.0 0.520511228445 -0.260180768109 
-3.89389389389 1.0 0.683320745574 -0.199545549818 
-5.33533533534 1.0 0.812162990678 -0.244916509536 
-9.45945945946 1.0 0.034674546587 -0.335817311282 
-5.41541541542 1.0 0.762889004574 -0.248042217706 
-7.67767767768 1.0 -0.984498672401 -0.313591158269 
-3.93393393393 1.0 0.711999223182 -0.199866219137 
-9.17917917918 1.0 -0.243137181641 -0.3335066503 
9.71971971972 1.0 -0.290684124469 0.572743009545 
-7.8978978979 1.0 -0.999035835857 -0.31746726581 
1.51151151151 1.0 0.998243169988 1.02120477556 
-8.27827827828 1.0 -0.911328515751 -0.323309648297 
6.87687687688 1.0 0.559424700424 0.283243732383 
4.45445445445 1.0 -0.966918909573 -0.38594623634 
-0.01001001001 1.0 -0.0100098428432 -0.0590882339647 
-1.11111111111 1.0 -0.89619220103 -0.689272133117 
-3.99399399399 1.0 0.752863081707 -0.200544917849 
-4.09409409409 1.0 0.81486800406 -0.20215062485 
0.0500500500501 1.0 0.0500291567086 0.0110319817657 
7.15715715716 1.0 0.766884055736 0.339069118548 
-2.93293293293 1.0 -0.207148878373 -0.244836142096 
-6.93693693694 1.0 -0.608168751487 -0.297518271195 
7.57757757758 1.0 0.96204298189 0.40797385145 
4.33433433433 1.0 -0.929384449502 -0.40096598862 
-6.21621621622 1.0 0.066919044364 -0.276821033835 
8.57857857858 1.0 0.748766641479 0.514569721084 
8.0980980981 1.0 0.970351253498 0.472037398693 
1.53153153153 1.0 0.999229236959 1.01739365306 
8.998998999 1.0 0.413030320922 0.541779150285 
6.41641641642 1.0 0.132837305145 0.173092794758 
-6.61661661662 1.0 -0.327287278425 -0.288965387959 
7.67767767768 1.0 0.984498672401 0.421982653678 
6.996996997 1.0 0.654719669029 0.308188312243 
5.05505505506 1.0 -0.941862214566 -0.244242773806 
-3.03303303303 1.0 -0.108346513523 -0.233520329409 
-5.63563563564 1.0 0.603233924101 -0.256462160714 
-6.6966966967 1.0 -0.401827232414 -0.291199564164 
-8.43843843844 1.0 -0.834011915114 -0.325472607433 
-0.33033033033 1.0 -0.32435551719 -0.388322119447 
-7.01701701702 1.0 -0.669720024621 -0.299498833006 
5.87587587588 1.0 -0.396140311588 0.0164547971966 
-5.57557557558 1.0 0.650019222236 -0.254195911778 
-4.49449449449 1.0 0.976354771373 -0.21292742623 
0.570570570571 1.0 0.540112324789 0.613666298682 
8.11811811812 1.0 0.965318303844 0.474097379846 
9.25925925926 1.0 0.164763965562 0.55492985981 
-5.01501501502 1.0 0.954557149695 -0.23227557397 
-4.01401401401 1.0 0.765888052358 -0.200820647536 
-4.31431431431 1.0 0.921809046742 -0.2073761651 
9.83983983984 1.0 -0.403246556161 0.576431721741 
1.77177177177 1.0 0.979872320608 0.937084759544 
-3.83383383383 1.0 0.63826408348 -0.199279070791 
4.41441441441 1.0 -0.955933085822 -0.391604272488 
-6.63663663664 1.0 -0.346137843492 -0.289529991393 
-8.5985985986 1.0 -0.735347535638 -0.327473408567 
-0.810810810811 1.0 -0.724845989014 -0.660839720247 
-2.33233233233 1.0 -0.723776968945 -0.359288970339 
3.37337337337 1.0 -0.229710988177 -0.229076648787 
4.69469469469 1.0 -0.999843460211 -0.340251492323 
5.01501501502 1.0 -0.954557149695 -0.256045838755 
-6.996996997 1.0 -0.654719669029 -0.299009488535 
2.39239239239 1.0 0.681053382124 0.510384367098 
-3.53353353353 1.0 0.381982835353 -0.202648720085 
-4.73473473473 1.0 0.99975034402 -0.221459511475 
-6.81681681682 1.0 -0.508663293061 -0.294430315608 
-1.69169169169 1.0 -0.992701051804 -0.557874662733 
5.03503503504 1.0 -0.948399735659 -0.250171299747 
3.03303303303 1.0 0.108346513523 -0.0179776020393 
-4.61461461461 1.0 0.995223893414 -0.217069067257 
5.75575575576 1.0 -0.503313872361 -0.0214118674747 
-3.97397397397 1.0 0.739536372707 -0.2002934102 
1.67167167167 1.0 0.994916395419 0.977990818287 
-7.45745745746 1.0 -0.922408976872 -0.309321012668 
5.07507507508 1.0 -0.934947206573 -0.238263047336 
6.13613613614 1.0 -0.146519791772 0.0951237004793 
-7.15715715716 1.0 -0.766884055736 -0.302817557237 
6.97697697698 1.0 0.639456909771 0.304138316609 
3.89389389389 1.0 -0.683320745574 -0.395468607586 
-4.25425425425 1.0 0.896879023055 -0.205753914219 
7.27727727728 1.0 0.838264195546 0.360500547051 
1.69169169169 1.0 0.992701051804 0.970623059631 
9.0990990991 1.0 0.319952035985 0.547136185267 
-4.91491491491 1.0 0.979561626072 -0.228352415458 
-3.69369369369 1.0 0.524477262156 -0.199784690818 
-1.57157157157 1.0 -0.999999699498 -0.595766364624 
3.11311311311 1.0 0.0284756907485 -0.0742127050517 
9.51951951952 1.0 -0.094599889559 0.565763254677 
-3.57357357357 1.0 0.41867057176 -0.20167694898 
-1.15115115115 1.0 -0.91323356617 -0.686427600417 
-4.15415415415 1.0 0.848191426515 -0.203366265862 
-7.1971971972 1.0 -0.791959659904 -0.303731938762 
5.995995996 1.0 -0.2832577738 0.0534153797836 
8.35835835836 1.0 0.875475849797 0.496785285643 
0.01001001001 1.0 0.0100098428432 -0.0359038745806 
8.85885885886 1.0 0.536191852752 0.533596653902 
-5.61561561562 1.0 0.61907922661 -0.255709527675 
1.07107107107 1.0 0.877714248189 0.976506317784 
-1.47147147147 1.0 -0.995071340501 -0.624762780427 
1.99199199199 1.0 0.912600742763 0.814677172236 
9.43943943944 1.0 -0.0146609534063 0.562654458436 
-6.5965965966 1.0 -0.308305540605 -0.28839673517 
-7.7977977978 1.0 -0.998422103411 -0.315752601603 
3.33333333333 1.0 -0.190567962875 -0.208247783671 
-0.850850850851 1.0 -0.75184168035 -0.670333130785 
6.73673673674 1.0 0.438160658811 0.252165558219 
-1.23123123123 1.0 -0.942899611382 -0.67695174328 
2.61261261261 1.0 0.504653050544 0.321934380492 
-7.3973973974 1.0 -0.897563688968 -0.308084688816 
-0.510510510511 1.0 -0.488622728493 -0.525271035704 
1.55155155155 1.0 0.999814825028 1.01311534164 
-9.5995995996 1.0 0.173932497848 -0.336843776953 
-9.35935935936 1.0 -0.0653719505576 -0.335032777576 
8.51851851852 1.0 0.787202470352 0.50998372389 
2.59259259259 1.0 0.521834495241 0.339147698734 
6.67667667668 1.0 0.38341529066 0.238189178666 
2.03203203203 1.0 0.895503224543 0.788271135341 
7.01701701702 1.0 0.669720024621 0.312195685736 
1.59159159159 1.0 0.999783786273 1.00318207202 
-8.81881881882 1.0 -0.569550710787 -0.32997641013 
7.75775775776 1.0 0.995374053792 0.432579281088 
6.63663663664 1.0 0.346137843492 0.228652290731 
-4.07407407407 1.0 0.803100948886 -0.201785549032 
-2.79279279279 1.0 -0.341770182763 -0.264167997664 
-7.55755755756 1.0 -0.956387136503 -0.311312472559 
-7.35735735736 1.0 -0.879195966573 -0.307242892999 
-5.21521521522 1.0 0.87622408965 -0.240187474128 
5.83583583584 1.0 -0.432577348176 0.00392199346762 
-9.13913913914 1.0 -0.281770446506 -0.333146764141 
4.85485485485 1.0 -0.989868890237 -0.300749534332 
-2.61261261261 1.0 -0.504653050544 -0.295469427986 
0.810810810811 1.0 0.724845989014 0.827168727542 
-1.49149149149 1.0 -0.996857019318 -0.619213930766 
-3.25325325325 1.0 0.111428711879 -0.215164487906 
-3.59359359359 1.0 0.436766402789 -0.201257726804 
8.47847847848 1.0 0.811257411747 0.506818858867 
-1.91191191191 1.0 -0.942382045726 -0.4852610683 
9.53953953954 1.0 -0.114509838728 0.566511076138 
-0.45045045045 1.0 -0.435371096772 -0.484132800295 
-2.29229229229 1.0 -0.750818471552 -0.369882452708 
-3.19319319319 1.0 0.0515776439174 -0.219342437973 
-7.37737737738 1.0 -0.888557889358 -0.307665561141 
6.15615615616 1.0 -0.126687794244 0.100943609279 
-8.0980980981 1.0 -0.970351253498 -0.320670770347 
1.43143143143 1.0 0.99030442098 1.0316585201 
-8.93893893894 1.0 -0.466950456861 -0.331227851521 
-2.87287287287 1.0 -0.265497380359 -0.252606014272 
-0.47047047047 1.0 -0.453305691794 -0.498359456129 
-5.3953953954 1.0 0.775678794758 -0.247263370388 
1.01101101101 1.0 0.84736912878 0.95020784825 
0.630630630631 1.0 0.589654207656 0.673012282017 
8.55855855856 1.0 0.761885650774 0.513062223663 
-5.03503503504 1.0 0.948399735659 -0.233064633656 
0.41041041041 1.0 0.398985690337 0.440047342353 
4.29429429429 1.0 -0.913864194148 -0.404606904858 
8.63863863864 1.0 0.707630665292 0.51896819548 
8.71871871872 1.0 0.648840196822 0.524552550498 
-3.07307307307 1.0 -0.0684659772958 -0.229539482987 
-5.65565565566 1.0 0.587146852786 -0.257211913024 
-6.0960960961 1.0 0.185999691898 -0.272864106606 
-8.25825825826 1.0 -0.919387180273 -0.323027411238 
2.87287287287 1.0 0.265497380359 0.104355144432 
-9.4994994995 1.0 0.0746520259067 -0.33611898615 
-2.51251251251 1.0 -0.588401237484 -0.316141101284 
7.03703703704 1.0 0.684451964588 0.316160606161 
-2.21221221221 1.0 -0.801249393857 -0.392096356005 
1.17117117117 1.0 0.921206900567 1.00930462811 
2.07207207207 1.0 0.876970223046 0.760763950692 
1.03103103103 1.0 0.857829327634 0.959525886861 
-8.01801801802 1.0 -0.986576173517 -0.319424648953 
-9.33933933934 1.0 -0.0853347124856 -0.334870557656 
3.43343343343 1.0 -0.28771565565 -0.258175104511 
3.05305305305 1.0 0.0884239650333 -0.032375100553 
1.27127127127 1.0 0.955476737061 1.02845455516 
-3.05305305305 1.0 -0.0884239650333 -0.231492119591 
-0.37037037037 1.0 -0.361960713579 -0.422204374431 
0.590590590591 1.0 0.556851671602 0.633844774697 
4.35435435435 1.0 -0.936587366299 -0.398879642959 
5.27527527528 1.0 -0.845718424022 -0.176230458235 
0.510510510511 1.0 0.488622728493 0.550931927013 
6.23623623624 1.0 -0.046931825201 0.123852076795 
-1.67167167167 1.0 -0.994916395419 -0.564350139254 
-6.31631631632 1.0 -0.0331249483513 -0.280009020075 
0.33033033033 1.0 0.32435551719 0.346978815118 
-4.85485485485 1.0 0.989868890237 -0.226024502541 
8.2982982983 1.0 0.902904601864 0.491452118046 
2.77277277277 1.0 0.360514923027 0.186074745519 
-1.01101101101 1.0 -0.84736912878 -0.690147350584 
-4.27427427427 1.0 0.905553075921 -0.206280036537 
-0.610610610611 1.0 -0.573367839051 -0.583428714142 
-8.03803803804 1.0 -0.983109384216 -0.319740521901 
-4.99499499499 1.0 0.960331988856 -0.231487699909 
-6.73673673674 1.0 -0.438160658811 -0.29229248405 
7.37737737738 1.0 0.888557889358 0.377269202745 
-1.29129129129 1.0 -0.961192106815 -0.666889800616 
-2.03203203203 1.0 -0.895503224543 -0.446479735018 
3.45345345345 1.0 -0.306830209454 -0.267297115115 
-8.05805805806 1.0 -0.979248576653 -0.32005348698 
4.87487487487 1.0 -0.986828185163 -0.295412543431 
3.63363363363 1.0 -0.472425730458 -0.336315227666 
-4.47447447447 1.0 0.971831589603 -0.21226726125 
-7.93793793794 1.0 -0.996477739177 -0.31813169297 
4.93493493493 1.0 -0.975338684403 -0.278946830118 
-7.41741741742 1.0 -0.906209755988 -0.30850029433 
-5.23523523524 1.0 0.866401418913 -0.240978026453 
-9.67967967968 1.0 0.252150304413 -0.337394245792 
-8.45845845846 1.0 -0.822799547447 -0.325731385801 
5.41541541542 1.0 -0.762889004574 -0.131255029182 
-9.43943943944 1.0 0.0146609534063 -0.335663900221 
2.19219219219 1.0 0.813066617154 0.672389814363 
-2.55255255255 1.0 -0.555563147622 -0.307587491294 
-2.65265265265 1.0 -0.469690351946 -0.287863599232 
5.91591591592 1.0 -0.359068265792 0.0288865490018 
4.49449449449 1.0 -0.976354771373 -0.379678245061 
-9.1991991992 1.0 -0.223670498102 -0.33368370529 
8.7987987988 1.0 0.585891056576 0.52983048344 
0.25025025025 1.0 0.247646422081 0.251446051824 
-0.25025025025 1.0 -0.247646422081 -0.31507972527 
-2.89289289289 1.0 -0.246143932464 -0.249931838724 
-4.21421421421 1.0 0.878456163293 -0.204748444729 
-7.11711711712 1.0 -0.740579143612 -0.301888248525 
2.11211211211 1.0 0.857031446499 0.732230096274 
6.45645645646 1.0 0.172405433055 0.183580998041 
0.690690690691 1.0 0.637069722791 0.72858736394 
-1.37137137137 1.0 -0.980180659514 -0.650118145182 
1.37137137137 1.0 0.980180659514 1.03431204534 
3.81381381381 1.0 -0.622725447279 -0.38217626567 
9.87987987988 1.0 -0.439553861488 0.577584267463 
0.27027027027 1.0 0.266991905564 0.275485226196 
7.2972972973 1.0 0.849011685183 0.363932411921 
8.5985985986 1.0 0.735347535638 0.516056384138 
-6.75675675676 1.0 -0.456067581459 -0.292832929235 
-6.85685685686 1.0 -0.542719485852 -0.295475383683 
8.6986986987 1.0 0.66394288333 0.523185772363 
7.13713713714 1.0 0.753882673169 0.335354910143 
3.29329329329 1.0 -0.151119458915 -0.186292872223 
1.85185185185 1.0 0.960763202681 0.897397353179 
-7.21721721722 1.0 -0.804023831509 -0.304183573154 
5.71571571572 1.0 -0.537499969971 -0.0341940117196 
6.71671671672 1.0 0.42007812671 0.247550646738 
-5.25525525526 1.0 0.856231505045 -0.241767815609 
-7.85785785786 1.0 -0.999992487454 -0.316790665772 
4.57457457457 1.0 -0.990518615549 -0.365435057309 
2.97297297297 1.0 0.167821766571 0.0264795952961 
-6.37637637638 1.0 -0.0930562402792 -0.28187341564 
-9.3993993994 1.0 -0.0253758371902 -0.335351862308 
-5.995995996 1.0 0.2832577738 -0.269459776699 
-9.63963963964 1.0 0.213212289782 -0.337122213253 
-2.69269269269 1.0 -0.433974744115 -0.280632831824 
-0.15015015015 1.0 -0.149586594914 -0.214234249845 
-2.67267267267 1.0 -0.451923110669 -0.284201560118 
4.39439439439 1.0 -0.949864345085 -0.394194860275 
6.1961961962 1.0 -0.0868794431893 0.112473189052 
-8.35835835836 1.0 -0.875475849797 -0.324411978907 
-1.03103103103 1.0 -0.857829327634 -0.690728220119 
-2.25225225225 1.0 -0.776656419186 -0.380822551537 
0.43043043043 1.0 0.417262010319 0.462773565482 
-8.998998999 1.0 -0.413030320922 -0.331824921326 
2.17217217217 1.0 0.824557973258 0.687671931957 
-8.31831831832 1.0 -0.894118814814 -0.323866100008 
-8.95895895896 1.0 -0.449154692451 -0.331428959605 
-2.43243243243 1.0 -0.651196684992 -0.334385638661 
2.09209209209 1.0 0.867174611281 0.746620626917 
4.95495495495 1.0 -0.970724838874 -0.27331699788 
1.41141141141 1.0 0.987325090799 1.03304590542 
-3.67367367367 1.0 0.507327764109 -0.199999766272 
2.41241241241 1.0 0.666258547712 0.493497476599 
2.71271271271 1.0 0.415852445773 0.236482266818 
-9.47947947948 1.0 0.054674242632 -0.335969002052 
-4.03403403403 1.0 0.778606064409 -0.201119829467 
6.91691691692 1.0 0.592155892373 0.291731041882 
6.77677677678 1.0 0.473791717778 0.261263783996 
-0.21021021021 1.0 -0.208665487323 -0.275900312643 
0.49049049049 1.0 0.471058607419 0.529341192563 
7.35735735736 1.0 0.879195966573 0.373993067938 
0.45045045045 1.0 0.435371096772 0.485243839404 
4.63463463463 1.0 -0.996978653508 -0.353377470122 
-5.17517517518 1.0 0.894812095251 -0.238604685062 
-4.37437437437 1.0 0.943414910292 -0.20912179495 
9.85985985986 1.0 -0.421484671785 0.577012666921 
4.53453453453 1.0 -0.984225545624 -0.372831055571 
-2.71271271271 1.0 -0.415852445773 -0.277156877856 
-2.75275275275 1.0 -0.379115173303 -0.270480843409 
-5.2952952953 1.0 0.834866389361 -0.243344528786 
7.5975975976 1.0 0.967313252172 0.410845067551 
-2.57257257257 1.0 -0.53880679503 -0.30345324782 
8.15815815816 1.0 0.9540939133 0.478136304997 
7.91791791792 1.0 0.997956771974 0.452228499083 
-4.93493493493 1.0 0.975338684403 -0.229133352492 
-4.19419419419 1.0 0.868714740054 -0.204270295198 
4.89489489489 1.0 -0.983391971377 -0.289997677057 
1.95195195195 1.0 0.928235370545 0.839909533614 
-1.09109109109 1.0 -0.887131000257 -0.690181719803 
6.61661661662 1.0 0.327287278425 0.223818162013 
7.97797797798 1.0 0.992322298019 0.459091584063 
9.57957957958 1.0 -0.154184093352 0.567972499389 
5.85585585586 1.0 -0.41444188151 0.0102005039211 
-5.83583583584 1.0 0.432577348176 -0.26381949163 
0.17017017017 1.0 0.169350063744 0.154838897109 
0.0700700700701 1.0 0.0700127456343 0.0347414913743 
-0.970970970971 1.0 -0.825434213842 -0.687779034549 
3.61361361361 1.0 -0.454687183165 -0.329806211617 
-1.85185185185 1.0 -0.960763202681 -0.505073517272 
-9.83983983984 1.0 0.403246556161 -0.338420362566 
2.35235235235 1.0 0.709818357066 0.543869468298 
2.25225225225 1.0 0.776656419186 0.625396058858 
-8.1981981982 1.0 -0.941340119153 -0.322164431058 
5.31531531532 1.0 -0.823679750423 -0.163465248598 
4.43443443443 1.0 -0.961618700226 -0.388853433843 
-7.13713713714 1.0 -0.753882673169 -0.302354776935 
-4.35435435435 1.0 0.936587366299 -0.208527106962 
-4.81481481481 1.0 0.994759058541 -0.224487541771 
-5.67567567568 1.0 0.570824460166 -0.257958715164 
9.03903903904 1.0 0.376243865658 0.543968915359 
-6.67667667668 1.0 -0.38341529066 -0.29064707301 
5.17517517518 1.0 -0.894812095251 -0.207690772967 
-9.65965965966 1.0 0.232727934358 -0.337259023569 
-1.63163163163 1.0 -0.998150103477 -0.577134252355 
-3.37337337337 1.0 0.229710988177 -0.208481092073 
9.33933933934 1.0 0.0853347124856 0.558492569287 
-7.51751751752 1.0 -0.943927941216 -0.310526137869 
4.55455455455 1.0 -0.987569983594 -0.369199774083 
-5.07507507508 1.0 0.934947206573 -0.234645490666 
4.21421421421 1.0 -0.878456163293 -0.409651249455 
5.35535535536 1.0 -0.800320725902 -0.15062362474 
7.05705705706 1.0 0.698909584547 0.320083251155 
9.11911911912 1.0 0.30092154409 0.548161416591 
6.25625625626 1.0 -0.0269257963344 0.12948372282 
-6.2962962963 1.0 -0.0131106134944 -0.279379466466 
7.21721721722 1.0 0.804023831509 0.34996637205 
-2.91291291291 1.0 -0.226691833081 -0.247342227798 
5.63563563564 1.0 -0.603233924101 -0.0599369129755 
5.8958958959 1.0 -0.377679973455 0.0226838186737 
-5.55555555556 1.0 0.665101514979 -0.253435082649 
-5.81581581582 1.0 0.450539443112 -0.263098467115 
5.33533533534 1.0 -0.812162990678 -0.157052905717 
5.5955955956 1.0 -0.634676409709 -0.0728750752374 
-5.93593593594 1.0 0.340312647942 -0.267371906612 
-9.6996996997 1.0 0.271471615699 -0.337527892658 
-7.61761761762 1.0 -0.972195835089 -0.312466731381 
-3.39339339339 1.0 0.249148316352 -0.207569518905 
3.79379379379 1.0 -0.606937230307 -0.378187811567 
1.83183183183 1.0 0.96612325186 0.907868716275 
-3.73373373373 1.0 0.558138856901 -0.199466604817 
5.1951951952 1.0 -0.885695580449 -0.201459829221 
-8.47847847848 1.0 -0.811257411747 -0.325987648893 
5.65565565566 1.0 -0.587146852786 -0.0534823171438 
-7.27727727728 1.0 -0.838264195546 -0.30551645413 
-2.45245245245 1.0 -0.635873830576 -0.329682989122 
-6.91691691692 1.0 -0.592155892373 -0.29701342507 
-9.97997997998 1.0 0.527114985665 -0.339240465154 
-9.7997997998 1.0 0.366292850383 -0.3381729364 
8.17817817818 1.0 0.947906971008 0.480115834249 
4.05405405405 1.0 -0.791012020637 -0.409913978344 
-7.87787787788 1.0 -0.99971449835 -0.317130497109 
9.91991991992 1.0 -0.475156566095 0.578699904974 
1.25125125125 1.0 0.949378423874 1.02570206427 
-1.87187187187 1.0 -0.955018091318 -0.498451721953 
1.73173173173 1.0 0.987077824457 0.954652777933 
-9.15915915916 1.0 -0.26250641876 -0.333327674909 
-5.47547547548 1.0 0.722706208904 -0.250366899659 
-2.13213213213 1.0 -0.846544793956 -0.415580702845 
9.7997997998 1.0 -0.366292850383 0.575241317828 
-1.89189189189 1.0 -0.948890220341 -0.491845734794 
-1.41141141141 1.0 -0.987325090799 -0.640496005591 
4.99499499499 1.0 -0.960331988856 -0.261863559542 
-1.19119119119 1.0 -0.928811026462 -0.682290583227 
-2.19219219219 1.0 -0.813066617154 -0.397853680166 
4.27427427427 1.0 -0.905553075921 -0.406153589083 
-6.51651651652 1.0 -0.231219739195 -0.28608154299 
-7.65765765766 1.0 -0.980790267476 -0.313219631884 
1.79179179179 1.0 0.975679725882 0.927720271978 
-0.790790790791 1.0 -0.710909644644 -0.655369088502 
-0.710710710711 1.0 -0.65237258226 -0.628516896005 
9.47947947948 1.0 -0.054674242632 0.564232658544 
5.47547547548 1.0 -0.722706208904 -0.111807291796 
-7.23723723724 1.0 -0.81576576016 -0.304631525758 
-1.43143143143 1.0 -0.99030442098 -0.635414257442 
-7.43743743744 1.0 -0.914492625181 -0.308912396104 
9.21921921922 1.0 0.204114170152 0.553067087633 
1.31131131131 1.0 0.966522242485 1.03236658182 
7.61761761762 1.0 0.972195835089 0.413681251421 
0.19019019019 1.0 0.189045659132 0.179013607326 
7.41741741742 1.0 0.906209755988 0.383706998627 
9.65965965966 1.0 -0.232727934358 0.570762460565 
3.27327327327 1.0 -0.131300397197 -0.174899314332 
-0.630630630631 1.0 -0.589654207656 -0.593487904588 
6.21621621622 1.0 -0.066919044364 0.118181733808 
1.97197197197 1.0 0.920602539794 0.82744451868 
0.550550550551 1.0 0.523156507537 0.593110903879 
0.0900900900901 1.0 0.0899682743046 0.0585835206193 
3.83383383383 1.0 -0.63826408348 -0.385895791774 
2.79279279279 1.0 0.341770182763 0.169476254148 
-1.27127127127 1.0 -0.955476737061 -0.670502378462 
4.07407407407 1.0 -0.803100948886 -0.410647024423 
0.770770770771 1.0 0.69668837635 0.796262909926 
4.75475475475 1.0 -0.999102704803 -0.326153549142 
-8.63863863864 1.0 -0.707630665292 -0.327949346006 
-5.1951951952 1.0 0.885695580449 -0.239396308649 
4.71471471471 1.0 -0.999997295481 -0.335655494952 
-0.35035035035 1.0 -0.343226895963 -0.405499774523 
-9.27927927928 1.0 -0.144985860003 -0.334373017516 
-9.91991991992 1.0 0.475156566095 -0.338897591489 
-1.51151151151 1.0 -0.998243169988 -0.613529971603 
-6.01601601602 1.0 0.264002216892 -0.270148264065 
8.53853853854 1.0 0.774699305584 0.511533641976 
-1.21121121121 1.0 -0.936042896216 -0.679765692463 
-6.43643643644 1.0 -0.152651959622 -0.283701297978 
-6.17617617618 1.0 0.106805021793 -0.275517844267 
2.63263263263 1.0 0.487269347053 0.30474798105 
-0.27027027027 1.0 -0.266991905564 -0.334048261986 
9.8998998999 1.0 -0.45744688336 0.578146641336 
-0.930930930931 1.0 -0.802176135594 -0.683736238015 
-6.41641641642 1.0 -0.132837305145 -0.283096067567 
-3.43343343343 1.0 0.28771565565 -0.205908785111 
5.73573573574 1.0 -0.520511228445 -0.0277943779597 
2.37237237237 1.0 0.695575258639 0.527178644689 
8.65865865866 1.0 0.693344009372 0.520393832278 
-1.83183183183 1.0 -0.96612325186 -0.511705366007 
8.43843843844 1.0 0.834011915114 0.503565567278 
4.51451451451 1.0 -0.980486642048 -0.376325141471 
-3.35335335335 1.0 0.210181594637 -0.209448421415 
-7.53753753754 1.0 -0.950347982805 -0.310921000805 
-8.85885885886 1.0 -0.536191852752 -0.330402197345 
2.69269269269 1.0 0.433974744115 0.253455900811 
9.45945945946 1.0 -0.034674546587 0.563449584902 
0.750750750751 1.0 0.682187883844 0.780063664534 
9.17917917918 1.0 0.243137181641 0.551148179906 
-5.11511511512 1.0 0.919995965877 -0.236228694298 
7.0970970971 1.0 0.726978798959 0.327802466137 
3.73373373373 1.0 -0.558138856901 -0.364583506131 
0.710710710711 1.0 0.65237258226 0.746216145058 
7.17717717718 1.0 0.779578080518 0.342742278423 
-5.51551551552 1.0 0.694460468753 -0.251905789861 
9.13913913914 1.0 0.281770446506 0.549171701975 
6.31631631632 1.0 0.0331249483513 0.146141917569 
5.81581581582 1.0 -0.450539443112 -0.00237964380955 
9.95995995996 1.0 -0.509997599178 0.57977955973 
-0.0500500500501 1.0 -0.0500291567086 -0.104787722612 
-8.21821821822 1.0 -0.934395989648 -0.322454821376 
-6.71671671672 1.0 -0.42007812671 -0.29174803186 
-3.21321321321 1.0 0.0715593456609 -0.217884511432 
5.95595595596 1.0 -0.32142063693 0.0412092323319 
6.8968968969 1.0 0.575905704393 0.287509050475 
-5.71571571572 1.0 0.537499969971 -0.259443205233 
-8.17817817818 1.0 -0.947906971008 -0.321871285379 
-0.570570570571 1.0 -0.540112324789 -0.561737419566 
-6.95695695696 1.0 -0.623937863975 -0.298019221511 
2.45245245245 1.0 0.635873830576 0.459489401105 
-3.75375375375 1.0 0.574637462441 -0.199361589782 
-9.11911911912 1.0 -0.30092154409 -0.332963902932 
6.95695695696 1.0 0.623937863975 0.300045538668 
7.07707707708 1.0 0.713087090062 0.323963806568 
4.37437437437 1.0 -0.943414910292 -0.396621290278 
1.91191191191 1.0 0.942382045726 0.863897655417 
3.97397397397 1.0 -0.739536372707 -0.404644913569 
7.45745745746 1.0 0.922408976872 0.389994043572 
9.97997997998 1.0 -0.527114985665 0.580306176207 
0.530530530531 1.0 0.505991015532 0.572194074512 
2.01201201201 1.0 0.904233186475 0.801616376198 
6.85685685686 1.0 0.542719485852 0.27893497744 
-7.2972972973 1.0 -0.849011685183 -0.305953464613 
-4.95495495495 1.0 0.970724838874 -0.229916366429 
-0.29029029029 1.0 -0.286230381945 -0.352585836565 
2.43243243243 1.0 0.651196684992 0.476528852103 
-1.97197197197 1.0 -0.920602539794 -0.465686543656 
4.65465465465 1.0 -0.998333836705 -0.349116034537 
6.81681681682 1.0 0.508663293061 0.270186772423 
6.0960960961 1.0 -0.185999691898 0.0833766721054 
3.21321321321 1.0 -0.0715593456609 -0.139090636244 
5.93593593594 1.0 -0.340312647942 0.0350620036299 
8.61861861862 1.0 0.721633711464 0.517522460474 
6.11611611612 1.0 -0.166293065952 0.0892678433786 
9.55955955956 1.0 -0.13437389375 0.567247442751 
0.910910910911 1.0 0.790062479764 0.89539577832 
-9.73973973974 1.0 0.309780130585 -0.337790510836 
1.33133133133 1.0 0.971465007816 1.03353385037 
4.13413413413 1.0 -0.837417761709 -0.411502835608 
8.31831831832 1.0 0.894118814814 0.493254001511 
-6.05605605606 1.0 0.225181436261 -0.271513858679 
4.25425425425 1.0 -0.896879023055 -0.40751249943 
-0.03003003003 1.0 -0.0300255167065 -0.0820561817517 
7.53753753754 1.0 0.950347982805 0.402125113633 
6.6966966967 1.0 0.401827232414 0.242891851955 
-1.65165165165 1.0 -0.996732988666 -0.570772744377 
1.13113113113 1.0 0.904894218889 0.997836313131 
8.8988988989 1.0 0.501973484202 0.536019193607 
-0.910910910911 1.0 -0.790062479764 -0.681063326262 
1.19119119119 1.0 0.928811026462 1.01421788913 
5.4954954955 1.0 -0.708725363073 -0.105316048166 
8.41841841842 1.0 0.844890020967 0.50190510782 
2.49249249249 1.0 0.604469813648 0.42524173411 
9.73973973974 1.0 -0.309780130585 0.573382587908 
-9.75975975976 1.0 0.328751980598 -0.337919507192 
-8.91891891892 1.0 -0.484559073218 -0.331024637357 
-7.997997998 1.0 -0.989647555109 -0.319105848884 
0.47047047047 1.0 0.453305691794 0.507439197188 
-0.590590590591 1.0 -0.556851671602 -0.572845389539 
-8.57857857858 1.0 -0.748766641479 -0.327231862085 
-7.77777777778 1.0 -0.997097890944 -0.315400325357 
-0.750750750751 1.0 -0.682187883844 -0.642947968 
-1.25125125125 1.0 -0.949378423874 -0.673860162688 
-2.39239239239 1.0 -0.681053382124 -0.344071144542 
-7.03703703704 1.0 -0.684451964588 -0.299984337168 
8.83883883884 1.0 0.552982096013 0.532359129836 
9.31931931932 1.0 0.105263273301 0.55762181999 
-7.5975975976 1.0 -0.967313252172 -0.31208531872 
-9.61961961962 1.0 0.193611192318 -0.336983802018 
4.01401401401 1.0 -0.765888052358 -0.407754021043 
6.03603603604 1.0 -0.244640851113 0.0654980576414 
-9.2992992993 1.0 -0.125149645879 -0.334540691918 
9.05905905906 1.0 0.357620745349 0.545040126858 
-1.07107107107 1.0 -0.877714248189 -0.690734807822 
-2.99299299299 1.0 -0.148053371305 -0.237808224478 
2.83283283283 1.0 0.303877337824 0.136642731674 
8.01801801802 1.0 0.986576173517 0.46352045231 
6.53653653654 1.0 0.250649611665 0.20404551491 
2.65265265265 1.0 0.469690351946 0.287599108861 
3.31331331331 1.0 -0.170877953796 -0.197409920842 
-9.37937937938 1.0 -0.0453829883483 -0.335193207771 
-8.83883883884 1.0 -0.552982096013 -0.330190397372 
5.43543543544 1.0 -0.749793457774 -0.124778650818 
5.77577577578 1.0 -0.485914794209 -0.0150477560112 
-5.05505505506 1.0 0.941862214566 -0.233854672589 
-2.85285285285 1.0 -0.284744420138 -0.255365762483 
5.6956956957 1.0 -0.554273288059 -0.0406094546361 
-5.87587587588 1.0 0.396140311588 -0.265251126023 
7.93793793794 1.0 0.996477739177 0.454545903568 
2.75275275275 1.0 0.379115173303 0.202781742982 
-4.69469469469 1.0 0.999843460211 -0.219973218492 
-6.7967967968 1.0 -0.491325964149 -0.293901835225 
8.4984984985 1.0 0.799390133963 0.508412215044 
6.43643643644 1.0 0.152651959622 0.178358042076 
7.73773773774 1.0 0.993251282848 0.429979763208 
-5.45545545546 1.0 0.736397402892 -0.249594086573 
0.730730730731 1.0 0.667413978747 0.763378274533 
6.51651651652 1.0 0.231219739195 0.19899387057 
-4.67467467467 1.0 0.999288899866 -0.219238115363 
4.23423423423 1.0 -0.887845512006 -0.40867969679 
6.07607607608 1.0 -0.205631771434 0.0774508501234 
0.610610610611 1.0 0.573367839051 0.653631494902 
5.61561561562 1.0 -0.61907922661 -0.0664016696658 
-2.27227227227 1.0 -0.763890524376 -0.375309924969 
3.19319319319 1.0 -0.0515776439174 -0.126623538694 
-7.47747747748 1.0 -0.929955638285 -0.309726162653 
-5.31531531532 1.0 0.823679750423 -0.244131176834 
9.81981981982 1.0 -0.384846824231 0.575841312405 
-2.53253253253 1.0 -0.572096837274 -0.311816774319 
-3.85385385385 1.0 0.653546911213 -0.199338134177 
-4.41441441441 1.0 0.955933085822 -0.210347040748 
-2.47247247247 1.0 -0.620296125676 -0.32507444193 
-8.13813813814 1.0 -0.959898466376 -0.321276652297 
-2.01201201201 1.0 -0.904233186475 -0.452833896885 
3.23323323323 1.0 -0.0915123672906 -0.151294802814 
1.75175175175 1.0 0.983672194447 0.946064780666 
-2.05205205205 1.0 -0.886414355831 -0.440178966882 
4.17417417417 1.0 -0.858625146533 -0.410991751726 
0.31031031031 1.0 0.305354140677 0.323273398531 
1.29129129129 1.0 0.961192106815 1.03067481432 
-0.950950950951 1.0 -0.813968289004 -0.685971738272 
-5.35535535536 1.0 0.800320725902 -0.245700400223 
-9.21921921922 1.0 -0.204114170152 -0.333858854759 
-8.07807807808 1.0 -0.974995298193 -0.320363563403 
-6.11611611612 1.0 0.166293065952 -0.273533416615 
2.93293293293 1.0 0.207148878373 0.0571010340546 
7.71771771772 1.0 0.990730428893 0.427347358128 
2.85285285285 1.0 0.284744420138 0.12042619788 
7.63763763764 1.0 0.976688773762 0.416482706924 
-0.43043043043 1.0 -0.417262010319 -0.46939815883 
3.95395395395 1.0 -0.725913266541 -0.402725653913 
7.8978978979 1.0 0.999035835857 0.449880978157 
7.85785785786 1.0 0.999992487454 0.44509436159 
4.83483483483 1.0 -0.99251286792 -0.306005468428 
5.53553553554 1.0 -0.679917243139 -0.0923314527627 
-9.01901901902 1.0 -0.39471619201 -0.332019806634 
4.03403403403 1.0 -0.778606064409 -0.408950857588 
-4.79479479479 1.0 0.996606561851 -0.223724365752 
-6.35635635636 1.0 -0.0731057736575 -0.281256001164 
-3.11311311311 1.0 -0.0284756907485 -0.225856092804 
5.0950950951 1.0 -0.927657483133 -0.232234861704 
6.05605605606 1.0 -0.225181436261 0.071491070745 
-3.81381381381 1.0 0.622725447279 -0.199250962352 
3.57357357357 1.0 -0.41867057176 -0.315922228075 
7.51751751752 1.0 0.943927941216 0.39914699123 
-8.73873873874 1.0 -0.633477463068 -0.329098257081 
-7.97797797798 1.0 -0.992322298019 -0.318784102411 
-0.23023023023 1.0 -0.228201684929 -0.295692675872 
-7.33733733734 1.0 -0.869481672757 -0.306816666209 
-2.35235235235 1.0 -0.709818357066 -0.3541255973 
6.55655655656 1.0 0.269979026825 0.209053894094 
-0.730730730731 1.0 -0.667413978747 -0.635986171824 
-1.33133133133 1.0 -0.971465007816 -0.65894570835 
-2.41241241241 1.0 -0.666258547712 -0.339181893842 
9.2992992993 1.0 0.125149645879 0.556737897628 
6.93693693694 1.0 0.608168751487 0.295909827518 
3.47347347347 1.0 -0.325821789448 -0.276128843813 
1.57157157157 1.0 0.999999699498 1.00837603716 
5.97597597598 1.0 -0.302399804444 0.0473273187248 
6.65665665666 1.0 0.36484968073 0.233442646571 
8.03803803804 1.0 0.983109384216 0.46569183766 
8.33833833834 1.0 0.884974675839 0.495031632194 
6.75675675676 1.0 0.456067581459 0.256736596072 
-2.23223223223 1.0 -0.789111039566 -0.386418643797 
-4.23423423423 1.0 0.887845512006 -0.205243186322 
-0.11011011011 1.0 -0.109887744787 -0.171371193711 
5.51551551552 1.0 -0.694460468753 -0.0988235147203 
2.99299299299 1.0 0.148053371305 0.011456605052 
-3.23323323323 1.0 0.0915123672906 -0.216492279012 
10.0 1.0 -0.544021110889 0.580824133207 
-9.07907907908 1.0 -0.338854295004 -0.332592268476 
2.13213213213 1.0 0.846544793956 0.717601967702 
3.93393393393 1.0 -0.711999223182 -0.400558712125 
-3.27327327327 1.0 0.131300397197 -0.213899886028 
-5.95595595596 1.0 0.32142063693 -0.268071566422 
1.47147147147 1.0 0.995071340501 1.02740138198 
-7.4974974975 1.0 -0.93712958481 -0.310127864782 
-3.17317317317 1.0 0.0315752704827 -0.220867310884 
-5.27527527528 1.0 0.845718424022 -0.242556696493 
9.93993993994 1.0 -0.492675811867 0.579244173299 
5.25525525526 1.0 -0.856231505045 -0.182578882177 
0.35035035035 1.0 0.343226895963 0.37052982525 
6.2962962963 1.0 0.0131106134944 0.140629073855 
-3.95395395395 1.0 0.725913266541 -0.200066910151 
-8.71871871872 1.0 -0.648840196822 -0.32887308419 
1.09109109109 1.0 0.887131000257 0.984168064157 
4.97497497497 1.0 -0.965721938658 -0.26762158609 
7.23723723724 1.0 0.81576576016 0.353517780283 
-3.63363363363 1.0 0.472425730458 -0.200547110155 
-8.4984984985 1.0 -0.799390133963 -0.326241414695 
-8.41841841842 1.0 -0.844890020967 -0.325211295729 
-6.03603603604 1.0 0.244640851113 -0.270832967128 
7.997997998 1.0 0.989647555109 0.461320468282 
-7.31731731732 1.0 -0.859418901282 -0.306386862717 
-2.31231231231 1.0 -0.737445499834 -0.364541671315 
3.35335335335 1.0 -0.210181594637 -0.218804065521 
-5.15515515516 1.0 0.903569980268 -0.237812763574 
8.13813813814 1.0 0.959898466376 0.47613025081 
-1.53153153153 1.0 -0.999229236959 -0.607720894799 
-0.990990990991 1.0 -0.836569314705 -0.689167640149 
1.05105105105 1.0 0.867945718946 0.968292227081 
-9.25925925926 1.0 -0.164763965562 -0.334203496217 
9.23923923924 1.0 0.184476035731 0.554005402312 
5.57557557558 1.0 -0.650019222236 -0.0793555770068 
2.89289289289 1.0 0.246143932464 0.0884383011817 
-4.43443443443 1.0 0.961618700226 -0.210976610105 
-4.59459459459 1.0 0.993070259711 -0.216359329285 
-9.71971971972 1.0 0.290684124469 -0.337659976818 
1.39139139139 1.0 0.983950052752 1.03393210406 
0.890890890891 1.0 0.777632176518 0.882807035495 
-8.97897897898 1.0 -0.431178912314 -0.33162797758 
-6.87687687688 1.0 -0.559424700424 -0.295991993748 
-9.95995995996 1.0 0.509997599178 -0.339127583762 
9.75975975976 1.0 -0.328751980598 0.574012080662 
2.33233233233 1.0 0.723776968945 0.560446043499 
2.31231231231 1.0 0.737445499834 0.576897630873 
8.27827827828 1.0 0.911328515751 0.489625704279 
-2.73273273273 1.0 -0.397563478837 -0.273773100339 
9.5995995996 1.0 -0.173932497848 0.568686389113 
8.21821821822 1.0 0.934395989648 0.48399647713 
-7.83783783784 1.0 -0.999869691753 -0.316447752368 
-7.05705705706 1.0 -0.698909584547 -0.300466015693 
2.95295295295 1.0 0.187522900919 0.0416969138171 
-5.85585585586 1.0 0.41444188151 -0.264537059402 
-3.55355355355 1.0 0.400406942668 -0.202140242142 
5.2952952953 1.0 -0.834866389361 -0.169858499098 
-3.29329329329 1.0 0.151119458915 -0.21269722325 
-4.45445445445 1.0 0.966918909573 -0.211616838345 
-0.530530530531 1.0 -0.505991015532 -0.537948986863 
-7.95795795796 1.0 -0.994599330244 -0.31845939022 
4.31431431431 1.0 -0.921809046742 -0.402876389974 
0.850850850851 1.0 0.75184168035 0.856033903321 
4.77477477477 1.0 -0.998054637396 -0.321254488783 
-8.33833833834 1.0 -0.884974675839 -0.324140351812 
3.91391391391 1.0 -0.69779981921 -0.398140773912 
-2.11211211211 1.0 -0.857031446499 -0.421632970066 
3.55355355355 1.0 -0.400406942668 -0.308545469465 
-3.09309309309 1.0 -0.0484805492288 -0.227661213339 
3.75375375375 1.0 -0.574637462441 -0.369393838112 
9.67967967968 1.0 -0.252150304413 0.571433077577 
1.63163163163 1.0 0.998150103477 0.991456148032 
1.61161161161 1.0 0.999167171889 0.997539911052 
1.93193193193 1.0 0.935496175869 0.852063457988 
-5.37537537538 1.0 0.788157702332 -0.246482726552 
8.77877877878 1.0 0.601996584369 0.528538918323 
8.45845845846 1.0 0.822799547447 0.505203396593 
-4.17417417417 1.0 0.858625146533 -0.203809357551 
9.6996996997 1.0 -0.271471615699 0.572093216387 
7.47747747748 1.0 0.929955638285 0.393081750887 
8.37837837838 1.0 0.865626143701 0.498515235402 
4.09409409409 1.0 -0.81486800406 -0.411153686232 
8.67867867868 1.0 0.678779469621 0.521799611717 
-9.23923923924 1.0 -0.184476035731 -0.334032113501 
5.13513513514 1.0 -0.911965725448 -0.220043852583 
7.95795795796 1.0 0.994599330244 0.456833497037 
-0.650650650651 1.0 -0.605704250039 -0.603024149909 
-1.99199199199 1.0 -0.912600742763 -0.459237542181 
4.61461461461 1.0 -0.995223893414 -0.357520217817 
2.23223223223 1.0 0.789111039566 0.641241666103 
5.21521521522 1.0 -0.87622408965 -0.195195924159 
-1.61161161161 1.0 -0.999167171889 -0.583426197733 
6.17617617618 1.0 -0.106805021793 0.106726964471 
-7.6976976977 1.0 -0.987812502254 -0.313959427832 
6.4964964965 1.0 0.211697196671 0.193899116607 
-6.57657657658 1.0 -0.289200237681 -0.287824028136 
-7.73773773774 1.0 -0.993251282848 -0.314686273946 
-6.47647647648 1.0 -0.19208980849 -0.284899557015 
-3.79379379379 1.0 0.606937230307 -0.19925472309 
3.41341341341 1.0 -0.268485788917 -0.248763611652 
0.15015015015 1.0 0.149586594914 0.130686221714 
2.91291291291 1.0 0.226691833081 0.0726841735846 
3.39339339339 1.0 -0.249148316352 -0.239063689275 
-6.65665665666 1.0 -0.36484968073 -0.290090551017 
-1.45145145145 1.0 -0.992886849216 -0.630166341448 
3.71371371371 1.0 -0.541416556108 -0.359494635004 
6.5965965966 1.0 0.308305540605 0.218940327554 
-4.11411411411 1.0 0.826308470068 -0.202536229002 
-8.51851851852 1.0 -0.787202470352 -0.32649270112 
-6.25625625626 1.0 0.0269257963344 -0.278108273643 
2.51251251251 1.0 0.588401237484 0.408055387104 
8.25825825826 1.0 0.919387180273 0.487774480752 
-3.15315315315 1.0 0.0115602420643 -0.222460380487 
2.73273273273 1.0 0.397563478837 0.219587540093 
-8.65865865866 1.0 -0.693344009372 -0.328183771759 
8.87887887888 1.0 0.519186710331 0.534816603264 
2.57257257257 1.0 0.53880679503 0.356377245815 
4.11411411411 1.0 -0.826308470068 -0.411437698524 
-7.17717717718 1.0 -0.779578080518 -0.303276605686 
-5.53553553554 1.0 0.679917243139 -0.252671680414 
-1.59159159159 1.0 -0.999783786273 -0.589639879275 
-1.75175175175 1.0 -0.983672194447 -0.538209603525 
3.51351351351 1.0 -0.363405633971 -0.292919486915 
-4.13413413413 1.0 0.837417761709 -0.20294166864 
8.75875875876 1.0 0.617860839267 0.527228892922 
-9.93993993994 1.0 0.492675811867 -0.339013296392 
-6.97697697698 1.0 -0.639456909771 -0.298516289386 
7.65765765766 1.0 0.980790267476 0.419249739035 
-0.31031031031 1.0 -0.305354140677 -0.370680761149 
5.45545545546 1.0 -0.736397402892 -0.11829544165 
-4.97497497497 1.0 0.965721938658 -0.23070122427 
-4.65465465465 1.0 0.998333836705 -0.218508822418 
-5.91591591592 1.0 0.359068265792 -0.266668588809 
9.15915915916 1.0 0.26250641876 0.550167228202 
-7.25725725726 1.0 -0.827180739833 -0.305075813659 
-3.91391391391 1.0 0.69779981921 -0.19969215455 
-1.39139139139 1.0 -0.983950052752 -0.645400908226 
-9.81981981982 1.0 0.384846824231 -0.338297393784 
-4.51451451451 1.0 0.980486642048 -0.213596892113 
-3.45345345345 1.0 0.306830209454 -0.205157219281 
6.7967967968 1.0 0.491325964149 0.265747159289 
0.11011011011 1.0 0.109887744787 0.0825363253995 
1.87187187187 1.0 0.955018091318 0.88657293478 
9.4994994995 1.0 -0.0746520259067 0.565003831663 
-2.07207207207 1.0 -0.876970223046 -0.433935290373 
5.7957957958 1.0 -0.468320967329 -0.00870328136499 
-0.890890890891 1.0 -0.777632176518 -0.677944124942 
0.790790790791 1.0 0.710909644644 0.811967283188 
-2.17217217217 1.0 -0.824557973258 -0.403688440908 
-9.77977977978 1.0 0.347592070824 -0.338046978277 
-0.550550550551 1.0 -0.523156507537 -0.550104987523 
-6.4964964965 1.0 -0.211697196671 -0.285492584015 
-0.41041041041 1.0 -0.398985690337 -0.454160945148 
-1.35135135135 1.0 -0.97601842181 -0.654636766915 
6.37637637638 1.0 0.0930562402792 0.162436471983 
4.81481481481 1.0 -0.994759058541 -0.311177122325 
8.1981981982 1.0 0.941340119153 0.48206912878 
9.1991991992 1.0 0.223670498102 0.552114739589 
-6.15615615616 1.0 0.126687794244 -0.274860304174 
-2.83283283283 1.0 -0.303877337824 -0.258212057428 
0.650650650651 1.0 0.605704250039 0.691973628621 
9.3993993994 1.0 0.0253758371902 0.561027428314 
-3.61361361361 1.0 0.454687183165 -0.200881475733 
-6.55655655656 1.0 -0.269979026825 -0.287247262645 
5.67567567568 1.0 -0.570824460166 -0.0470393538072 
5.3953953954 1.0 -0.775678794758 -0.13772264315 
-9.0990990991 1.0 -0.319952035985 -0.332779076126 
-7.91791791792 1.0 -0.997956771974 -0.317800991296 
5.23523523524 1.0 -0.866401418913 -0.188901482118 
-8.37837837838 1.0 -0.865626143701 -0.324680999706 
4.73473473473 1.0 -0.99975034402 -0.330955026181 
-3.13313313313 1.0 -0.00845941955823 -0.224122893753 
-3.87387387387 1.0 0.668567805308 -0.19942725447 
2.05205205205 1.0 0.886414355831 0.774650577033 
9.37937937938 1.0 0.0453829883483 0.560195210489 
6.3963963964 1.0 0.112969411094 0.167785512164 
9.63963963964 1.0 -0.213212289782 0.570081231096 
8.97897897898 1.0 0.431178912314 0.540660199088 
-4.39439439439 1.0 0.949864345085 -0.20972860633 
3.01301301301 1.0 0.128225638051 -0.0033647927091 
3.69369369369 1.0 -0.524477262156 -0.354125178302 
2.21221221221 1.0 0.801249393857 0.656909671768 
-0.17017017017 1.0 -0.169350063744 -0.235156098038 
-3.33333333333 1.0 0.190567962875 -0.210472731128 
3.65365365365 1.0 -0.489974935275 -0.342537114252 
-4.71471471471 1.0 0.999997295481 -0.22071379355 
1.71171171171 1.0 0.990087845702 0.962841311583 
6.57657657658 1.0 0.289200237681 0.214018871224 
3.67367367367 1.0 -0.507327764109 -0.348473246501 
-3.41341341341 1.0 0.268485788917 -0.206712485712 
-7.75775775776 1.0 -0.995374053792 -0.315044889282 
-2.59259259259 1.0 -0.521834495241 -0.299413951911 
9.61961961962 1.0 -0.193611192318 0.569389253187 
9.07907907908 1.0 0.338854295004 0.546095819061 
-6.13613613614 1.0 0.146519791772 -0.274198822283 
-1.13113113113 1.0 -0.904894218889 -0.688017051213 
2.55255255255 1.0 0.555563147622 0.373612262167 
8.81881881882 1.0 0.569550710787 0.531103813098 
-4.63463463463 1.0 0.996978653508 -0.217785687306 
9.01901901902 1.0 0.39471619201 0.542881989069 
-4.57457457457 1.0 0.990518615549 -0.21565685039 
-0.770770770771 1.0 -0.69668837635 -0.649407141691 
9.41941941942 1.0 0.00535851570584 0.561847124946 
-6.45645645646 1.0 -0.172405433055 -0.284302461541 
-2.15215215215 1.0 -0.835718856574 -0.409598290328 
3.53353353353 1.0 -0.381982835353 -0.300878013457 
-3.01301301301 1.0 -0.128225638051 -0.235625305242 
-8.23823823824 1.0 -0.927077365617 -0.322742475174 
9.77977977978 1.0 -0.347592070824 0.574631615338 
0.990990990991 1.0 0.836569314705 0.940339137565 
3.49349349349 1.0 -0.34468278404 -0.284669738183 
-9.31931931932 1.0 -0.105263273301 -0.334706533852 
-5.75575575576 1.0 0.503313872361 -0.260915130566 
-9.53953953954 1.0 0.114509838728 -0.336413888354 
-4.87487487487 1.0 0.986828185163 -0.226797739521 
1.81181181181 1.0 0.971096090611 0.917978993139 
1.35135135135 1.0 0.97601842181 1.03418085197 
-6.07607607608 1.0 0.205631771434 -0.272190913158 
-5.13513513514 1.0 0.911965725448 -0.237020709679 
-1.31131131131 1.0 -0.966522242485 -0.663033803472 
2.15215215215 1.0 0.835718856574 0.702745966511 
-7.57757757758 1.0 -0.96204298189 -0.311700572164 
1.15115115115 1.0 0.91323356617 1.00384473848 
3.09309309309 1.0 0.0484805492288 -0.0604986709538 
7.4974974975 1.0 0.93712958481 0.396132635571 
6.27627627628 1.0 -0.00690897593668 0.135076202922 
-5.8958958959 1.0 0.377679973455 -0.265961649222 
-8.75875875876 1.0 -0.617860839267 -0.329321159313 
-1.79179179179 1.0 -0.975679725882 -0.524974980011 
-9.8998998999 1.0 0.45744688336 -0.338780457416 
4.79479479479 1.0 -0.996606561851 -0.316261231083 
-5.6956956957 1.0 0.554273288059 -0.258702500522 
2.53253253253 1.0 0.572096837274 0.390841930425 
5.37537537538 1.0 -0.788157702332 -0.144179515418 
-0.690690690691 1.0 -0.637069722791 -0.620535843627 
1.11111111111 1.0 0.89619220103 0.991277808835 
-3.47347347347 1.0 0.325821789448 -0.204456600669 
4.15415415415 1.0 -0.848191426515 -0.411352906749 
-4.05405405405 1.0 0.791012020637 -0.201441709501 
8.93893893894 1.0 0.466950456861 0.538373148625 
6.33633633634 1.0 0.0531260071326 0.151614340693 
-6.27627627628 1.0 0.00690897593668 -0.278745881252 
-1.95195195195 1.0 -0.928235370545 -0.472176552756 
7.77777777778 1.0 0.997097890944 0.435146220274 
-5.77577577578 1.0 0.485914794209 -0.261646236548 
8.05805805806 1.0 0.979248576653 0.467834924671 
1.21121121121 1.0 0.936042896216 1.01858677495 
2.67267267267 1.0 0.451923110669 0.270498278918 
-3.71371371371 1.0 0.541416556108 -0.199607307034 
-1.81181181181 1.0 -0.971096090611 -0.518341268848 
0.39039039039 1.0 0.380549461752 0.417084628253 
5.55555555556 1.0 -0.665101514979 -0.0858415812308 
-2.09209209209 1.0 -0.867174611281 -0.427752195674 
9.27927927928 1.0 0.144985860003 0.555840634234 
1.49149149149 1.0 0.996857019318 1.02454265454 
5.15515515516 1.0 -0.903569980268 -0.21388628575 
-3.51351351351 1.0 0.363405633971 -0.203203510122 
7.83783783784 1.0 0.999869691753 0.44265465169 
3.25325325325 1.0 -0.111428711879 -0.163232208322 
-2.63263263263 1.0 -0.487269347053 -0.291619420791 
-4.55455455455 1.0 0.987569983594 -0.214962017752 
3.07307307307 1.0 0.0684659772958 -0.0465508441219 
7.6976976977 1.0 0.987812502254 0.424681757582 
4.59459459459 1.0 -0.993070259711 -0.361540637584 
-10.0 1.0 0.544021110889 -0.339351952043 
-9.87987987988 1.0 0.439553861488 -0.338661882454 
-3.65365365365 1.0 0.489974935275 -0.200253559048 
-1.73173173173 1.0 -0.987077824457 -0.544796781239 
-0.0700700700701 1.0 -0.0700127456343 -0.127263329873 
-5.97597597598 1.0 0.302399804444 -0.268767533934 
3.87387387387 1.0 -0.668567805308 -0.392539070188 
0.670670670671 1.0 0.62151153354 0.710502704879 
7.1971971972 1.0 0.791959659904 0.346374618131 
-8.2982982983 1.0 -0.902904601864 -0.323589205018 
7.87787787788 1.0 0.99971449835 0.447503034608 
0.930930930931 1.0 0.802176135594 0.90744675731 
-5.0950950951 1.0 0.927657483133 -0.235436893903 
-6.83683683684 1.0 -0.525796755923 -0.294954828105 
2.47247247247 1.0 0.620296125676 0.442390050016 
-1.93193193193 1.0 -0.935496175869 -0.478702995449 
-7.0970970971 1.0 -0.726978798959 -0.301417955989 
7.31731731732 1.0 0.859418901282 0.367324943244 
-5.43543543544 1.0 0.749793457774 -0.248819158478 
-0.830830830831 1.0 -0.738491823944 -0.665825442324 
-2.97297297297 1.0 -0.167821766571 -0.240070247064 
0.29029029029 1.0 0.286230381945 0.299434977211 
-6.1961961962 1.0 0.0868794431893 -0.276171425923 
3.85385385385 1.0 -0.653546911213 -0.389349113762 
7.55755755756 1.0 0.956387136503 0.405067300527 
7.43743743744 1.0 0.914492625181 0.386869222381 
7.3973973974 1.0 0.897563688968 0.380507086394 
-6.77677677678 1.0 -0.473791717778 -0.293369376446 
-3.49349349349 1.0 0.34468278404 -0.203805752648 
-9.05905905906 1.0 -0.357620745349 -0.332403464644 
0.23023023023 1.0 0.228201684929 0.227339548526 
8.3983983984 1.0 0.855429505195 0.50022175298 
2.81281281281 1.0 0.322888465175 0.152995800698 
6.47647647648 1.0 0.19208980849 0.188761427675 
