-9.85985985986 1.0 0.421484671785 0.299276515513 
6.35635635636 1.0 0.0731057736575 0.154660547586 
-2.81281281281 1.0 -0.322888465175 -0.360918781833 
-2.95295295295 1.0 -0.187522900919 -0.145710804149 
1.89189189189 1.0 0.948890220341 0.954186888579 
4.67467467467 1.0 -0.999288899866 -0.987293762236 
-6.3963963964 1.0 -0.112969411094 -0.105972882603 
-5.4954954955 1.0 0.708725363073 0.743554311853 
-8.7987987988 1.0 -0.585891056576 -0.573612350015 
-9.55955955956 1.0 0.13437389375 0.0478790596811 
-8.53853853854 1.0 -0.774699305584 -0.746961189509 
-6.53653653654 1.0 -0.250649611665 -0.25361044749 
7.33733733734 1.0 0.869481672757 0.879004901577 
6.83683683684 1.0 0.525796755923 0.601294068794 
1.45145145145 1.0 0.992886849216 0.991634929167 
-7.71771771772 1.0 -0.990730428893 -0.990682503369 
1.65165165165 1.0 0.996732988666 0.996947408734 
-0.0900900900901 1.0 -0.0899682743046 -0.0936524748521 
1.23123123123 1.0 0.942899611382 0.942804139982 
3.59359359359 1.0 -0.436766402789 -0.432876298623 
0.870870870871 1.0 0.764890207772 0.770696996164 
-7.63763763764 1.0 -0.976688773762 -0.982206754644 
0.37037037037 1.0 0.361960713579 0.373808521575 
9.35935935936 1.0 0.0653719505576 0.110339618479 
3.13313313313 1.0 0.00845941955822 0.0282038909622 
7.81781781782 1.0 0.999346160464 0.930003451667 
-1.17117117117 1.0 -0.921206900567 -1.12862444766 
-2.37237237237 1.0 -0.695575258639 -0.956334968761 
-6.33633633634 1.0 -0.0531260071326 -0.0419838087023 
8.07807807808 1.0 0.974995298193 0.878718178503 
-7.81781781782 1.0 -0.999346160464 -0.99227849633 
-4.29429429429 1.0 0.913864194148 1.07852936376 
-4.77477477477 1.0 0.998054637396 1.07116543159 
-5.7957957958 1.0 0.468320967329 0.502023871505 
-8.6986986987 1.0 -0.66394288333 -0.644124682594 
8.23823823824 1.0 0.927077365617 0.823930915618 
-0.13013013013 1.0 -0.1297631736 -0.136531931219 
0.13013013013 1.0 0.1297631736 0.13754931208 
-8.61861861862 1.0 -0.721633711464 -0.697204947 
-7.07707707708 1.0 -0.713087090062 -0.74012100552 
8.91891891892 1.0 0.484559073218 0.441633362265 
2.29229229229 1.0 0.750818471552 0.769292314654 
-8.87887887888 1.0 -0.519186710331 -0.514282941648 
8.95895895896 1.0 0.449154692451 0.413459499894 
-0.19019019019 1.0 -0.189045659132 -0.201082255922 
-4.33433433433 1.0 0.929384449502 1.08509422804 
-0.39039039039 1.0 -0.380549461752 -0.416076528195 
-4.53453453453 1.0 0.984225545624 1.09756503202 
4.47447447447 1.0 -0.971831589603 -0.963792466111 
-8.15815815816 1.0 -0.9540939133 -0.927777382838 
4.19419419419 1.0 -0.868714740054 -0.866440846727 
4.91491491491 1.0 -0.979561626072 -0.963891106639 
-5.5955955956 1.0 0.634676409709 0.669441440668 
-9.03903903904 1.0 -0.376243865658 -0.389257561133 
-1.05105105105 1.0 -0.867945718946 -1.04343506575 
-0.870870870871 1.0 -0.764890207772 -0.894470831859 
5.11511511512 1.0 -0.919995965877 -0.901522288245 
-8.55855855856 1.0 -0.761885650774 -0.734852089892 
2.27227227227 1.0 0.763890524376 0.781703659147 
3.15315315315 1.0 -0.0115602420643 0.00751211401833 
3.99399399399 1.0 -0.752863081707 -0.753070204071 
-8.3983983984 1.0 -0.855429505195 -0.825032672359 
-4.89489489489 1.0 0.983391971377 1.04210060718 
7.11711711712 1.0 0.740579143612 0.785026684426 
0.830830830831 1.0 0.738491823944 0.745066574927 
-1.55155155155 1.0 -0.999814825028 -1.30048295071 
0.03003003003 1.0 0.0300255167065 0.0336802866305 
8.73873873874 1.0 0.633477463068 0.561990804126 
-8.8988988989 1.0 -0.501973484202 -0.499088747592 
-9.51951951952 1.0 0.094599889559 0.0137695359916 
-9.41941941942 1.0 -0.00535851570584 -0.0716322533413 
-6.23623623624 1.0 0.046931825201 0.064513384467 
3.77377377377 1.0 -0.590905760288 -0.590519940257 
-6.8968968969 1.0 -0.575905704393 -0.59930806534 
-4.83483483483 1.0 0.99251286792 1.05792720096 
0.21021021021 1.0 0.208665487323 0.218628890202 
-1.77177177177 1.0 -0.979872320608 -1.31483660565 
-8.67867867868 1.0 -0.678779469621 -0.65768800122 
0.970970970971 1.0 0.825434213842 0.829337695441 
-1.71171171171 1.0 -0.990087845702 -1.31801234011 
-0.49049049049 1.0 -0.471058607419 -0.52190329856 
6.01601601602 1.0 -0.264002216892 -0.203734738026 
-8.77877877878 1.0 -0.601996584369 -0.588056710518 
7.7977977978 1.0 0.998422103411 0.931824630493 
-0.670670670671 1.0 -0.62151153354 -0.705867765933 
0.950950950951 1.0 0.813968289004 0.818245939424 
-8.11811811812 1.0 -0.965318303844 -0.940605468045 
-9.57957957958 1.0 0.154184093352 0.0649070053214 
7.25725725726 1.0 0.827180739833 0.850109544015 
-4.75475475475 1.0 0.999102704803 1.07499874262 
-2.77277277277 1.0 -0.360514923027 -0.421652888837 
3.17317317317 1.0 -0.0315752704827 -0.013192236385 
-2.49249249249 1.0 -0.604469813648 -0.8148730515 
-3.31331331331 1.0 0.170877953796 0.375166993454 
-3.77377377377 1.0 0.590905760288 0.847154198285 
-5.73573573574 1.0 0.520511228445 0.55479916804 
-3.89389389389 1.0 0.683320745574 0.927016026112 
-5.33533533534 1.0 0.812162990678 0.847935819597 
-9.45945945946 1.0 0.034674546587 -0.0374698631275 
-5.41541541542 1.0 0.762889004574 0.797962813833 
-7.67767767768 1.0 -0.984498672401 -0.98725462571 
-3.93393393393 1.0 0.711999223182 0.949848706369 
-9.17917917918 1.0 -0.243137181641 -0.274597777966 
9.71971971972 1.0 -0.290684124469 -0.182229052866 
-7.8978978979 1.0 -0.999035835857 -0.98655818464 
1.51151151151 1.0 0.998243169988 0.997161169799 
-8.27827827828 1.0 -0.911328515751 -0.881700792999 
6.87687687688 1.0 0.559424700424 0.631679079379 
4.45445445445 1.0 -0.966918909573 -0.959308290196 
-0.01001001001 1.0 -0.0100098428432 -0.00849573564561 
-1.11111111111 1.0 -0.89619220103 -1.08759690581 
-3.99399399399 1.0 0.752863081707 0.980687528071 
-4.09409409409 1.0 0.81486800406 1.02336323029 
0.0500500500501 1.0 0.0500291567086 0.0546458925152 
7.15715715716 1.0 0.766884055736 0.805499783413 
-2.93293293293 1.0 -0.207148878373 -0.176489062993 
-6.93693693694 1.0 -0.608168751487 -0.632849437912 
7.57757757758 1.0 0.96204298189 0.929949154099 
4.33433433433 1.0 -0.929384449502 -0.924356882801 
-6.21621621622 1.0 0.066919044364 0.085694130448 
8.57857857858 1.0 0.748766641479 0.658723821784 
8.0980980981 1.0 0.970351253498 0.872776866193 
1.53153153153 1.0 0.999229236959 0.998254540442 
8.998998999 1.0 0.413030320922 0.384822373726 
6.41641641642 1.0 0.132837305145 0.21660614739 
-6.61661661662 1.0 -0.327287278425 -0.335770013481 
7.67767767768 1.0 0.984498672401 0.935891895707 
6.996996997 1.0 0.654719669029 0.714753308632 
5.05505505506 1.0 -0.941862214566 -0.924283270622 
-3.03303303303 1.0 -0.108346513523 -0.0234539656649 
-5.63563563564 1.0 0.603233924101 0.637949488142 
-6.6966966967 1.0 -0.401827232414 -0.415436309569 
-8.43843843844 1.0 -0.834011915114 -0.803973093735 
-0.33033033033 1.0 -0.32435551719 -0.351846460016 
-7.01701701702 1.0 -0.669720024621 -0.696161409173 
5.87587587588 1.0 -0.396140311588 -0.346061817215 
-5.57557557558 1.0 0.650019222236 0.684796446921 
-4.49449449449 1.0 0.976354771373 1.09768375647 
0.570570570571 1.0 0.540112324789 0.550949962567 
8.11811811812 1.0 0.965318303844 0.866568910484 
9.25925925926 1.0 0.164763965562 0.189115345355 
-5.01501501502 1.0 0.954557149695 1.00274738064 
-4.01401401401 1.0 0.765888052358 0.990079812976 
-4.31431431431 1.0 0.921809046742 1.08198898736 
9.83983983984 1.0 -0.403246556161 -0.281013479142 
1.77177177177 1.0 0.979872320608 0.982203333729 
-3.83383383383 1.0 0.63826408348 0.889251645816 
4.41441441441 1.0 -0.955933085822 -0.949186014624 
-6.63663663664 1.0 -0.346137843492 -0.355947593205 
-8.5985985986 1.0 -0.735347535638 -0.709968741726 
-0.810810810811 1.0 -0.724845989014 -0.840090197835 
-2.33233233233 1.0 -0.723776968945 -0.998827855976 
3.37337337337 1.0 -0.229710988177 -0.218674304879 
4.69469469469 1.0 -0.999843460211 -0.98749789162 
5.01501501502 1.0 -0.954557149695 -0.937536816193 
-6.996996997 1.0 -0.654719669029 -0.680823325008 
2.39239239239 1.0 0.681053382124 0.702610874678 
-3.53353353353 1.0 0.381982835353 0.633689313559 
-4.73473473473 1.0 0.99975034402 1.07854045386 
-6.81681681682 1.0 -0.508663293061 -0.528775804547 
-1.69169169169 1.0 -0.992701051804 -1.31785319953 
5.03503503504 1.0 -0.948399735659 -0.931102855089 
3.03303303303 1.0 0.108346513523 0.131122008414 
-4.61461461461 1.0 0.995223893414 1.09358459588 
5.75575575576 1.0 -0.503313872361 -0.461341215885 
-3.97397397397 1.0 0.739536372707 0.970855313976 
1.67167167167 1.0 0.994916395419 0.995420186146 
-7.45745745746 1.0 -0.922408976872 -0.939152407881 
5.07507507508 1.0 -0.934947206573 -0.917079157274 
6.13613613614 1.0 -0.146519791772 -0.0776440242749 
-7.15715715716 1.0 -0.766884055736 -0.793716223332 
6.97697697698 1.0 0.639456909771 0.701776049211 
3.89389389389 1.0 -0.683320745574 -0.683755882756 
-4.25425425425 1.0 0.896879023055 1.07052835539 
7.27727727728 1.0 0.838264195546 0.857899475578 
1.69169169169 1.0 0.992701051804 0.993519979832 
9.0990990991 1.0 0.319952035985 0.311368469621 
-4.91491491491 1.0 0.979561626072 1.03625318712 
-3.69369369369 1.0 0.524477262156 0.784097322161 
-1.57157157157 1.0 -0.999999699498 -1.30464973327 
3.11311311311 1.0 0.0284756907485 0.0488729601805 
9.51951951952 1.0 -0.094599889559 -0.0184341427518 
-3.57357357357 1.0 0.41867057176 0.674341640143 
-1.15115115115 1.0 -0.91323356617 -1.11531132342 
-4.15415415415 1.0 0.848191426515 1.04398477123 
-7.1971971972 1.0 -0.791959659904 -0.818269118321 
5.995995996 1.0 -0.2832577738 -0.224460226791 
8.35835835836 1.0 0.875475849797 0.772633156973 
0.01001001001 1.0 0.0100098428432 0.0126310160798 
8.85885885886 1.0 0.536191852752 0.482969486839 
-5.61561561562 1.0 0.61907922661 0.653824890983 
1.07107107107 1.0 0.877714248189 0.879849821566 
-1.47147147147 1.0 -0.995071340501 -1.27850438865 
1.99199199199 1.0 0.912600742763 0.920897019742 
9.43943943944 1.0 -0.0146609534063 0.0463053567746 
-6.5965965966 1.0 -0.308305540605 -0.315436477004 
-7.7977977978 1.0 -0.998422103411 -0.992746353419 
3.33333333333 1.0 -0.190567962875 -0.178051151994 
-0.850850850851 1.0 -0.75184168035 -0.876578370174 
6.73673673674 1.0 0.438160658811 0.519856967423 
-1.23123123123 1.0 -0.942899611382 -1.16628293795 
2.61261261261 1.0 0.504653050544 0.530848786393 
-7.3973973974 1.0 -0.897563688968 -0.917359917479 
-0.510510510511 1.0 -0.488622728493 -0.542818884216 
1.55155155155 1.0 0.999814825028 0.998973195992 
-9.5995995996 1.0 0.173932497848 0.0819119787368 
-9.35935935936 1.0 -0.0653719505576 -0.122796050199 
8.51851851852 1.0 0.787202470352 0.69213754037 
2.59259259259 1.0 0.521834495241 0.547768192381 
6.67667667668 1.0 0.38341529066 0.467510577823 
2.03203203203 1.0 0.895503224543 0.905100079718 
7.01701701702 1.0 0.669720024621 0.727374120626 
1.59159159159 1.0 0.999783786273 0.99928624359 
-8.81881881882 1.0 -0.569550710787 -0.559007552927 
7.75775775776 1.0 0.995374053792 0.934500289742 
6.63663663664 1.0 0.346137843492 0.431288811692 
-4.07407407407 1.0 0.803100948886 1.01567384366 
-2.79279279279 1.0 -0.341770182763 -0.391363984757 
-7.55755755756 1.0 -0.956387136503 -0.967199716739 
-7.35735735736 1.0 -0.879195966573 -0.900773365307 
-5.21521521522 1.0 0.87622408965 0.914471739129 
5.83583583584 1.0 -0.432577348176 -0.385295545584 
-9.13913913914 1.0 -0.281770446506 -0.307750292838 
4.85485485485 1.0 -0.989868890237 -0.975027391791 
-2.61261261261 1.0 -0.504653050544 -0.655164357067 
0.810810810811 1.0 0.724845989014 0.731801390522 
-1.49149149149 1.0 -0.996857019318 -1.28477867576 
-3.25325325325 1.0 0.111428711879 0.29524991455 
-3.59359359359 1.0 0.436766402789 0.693906742187 
8.47847847848 1.0 0.811257411747 0.713470812756 
-1.91191191191 1.0 -0.942382045726 -1.28524214766 
9.53953953954 1.0 -0.114509838728 -0.034708524709 
-0.45045045045 1.0 -0.435371096772 -0.479800001826 
-2.29229229229 1.0 -0.750818471552 -1.0388241672 
-3.19319319319 1.0 0.0515776439174 0.211906833299 
-7.37737737738 1.0 -0.888557889358 -0.909271682842 
6.15615615616 1.0 -0.126687794244 -0.0564475398041 
-8.0980980981 1.0 -0.970351253498 -0.946524518641 
1.43143143143 1.0 0.99030442098 0.989045408548 
-8.93893893894 1.0 -0.466950456861 -0.468302590983 
-2.87287287287 1.0 -0.265497380359 -0.268917370913 
-0.47047047047 1.0 -0.453305691794 -0.500894500631 
-5.3953953954 1.0 0.775678794758 0.810874441216 
1.01101101101 1.0 0.84736912878 0.85054171402 
0.630630630631 1.0 0.589654207656 0.599702753575 
8.55855855856 1.0 0.761885650774 0.670045540673 
-5.03503503504 1.0 0.948399735659 0.995194487276 
0.41041041041 1.0 0.398985690337 0.410881197727 
4.29429429429 1.0 -0.913864194148 -0.909671220662 
8.63863863864 1.0 0.707630665292 0.623697665521 
8.71871871872 1.0 0.648840196822 0.574649241276 
-3.07307307307 1.0 -0.0684659772958 0.0368083821998 
-5.65565565566 1.0 0.587146852786 0.621818136209 
-6.0960960961 1.0 0.185999691898 0.211100255779 
-8.25825825826 1.0 -0.919387180273 -0.890143903168 
2.87287287287 1.0 0.265497380359 0.291562951843 
-9.4994994995 1.0 0.0746520259067 -0.00330424156363 
-2.51251251251 1.0 -0.588401237484 -0.789415224771 
7.03703703704 1.0 0.684451964588 0.739635199982 
-2.21221221221 1.0 -0.801249393857 -1.11103511133 
1.17117117117 1.0 0.921206900567 0.921838510897 
2.07207207207 1.0 0.876970223046 0.887908871857 
1.03103103103 1.0 0.857829327634 0.860647302938 
-8.01801801802 1.0 -0.986576173517 -0.966799461815 
-9.33933933934 1.0 -0.0853347124856 -0.1398120777 
3.43343343343 1.0 -0.28771565565 -0.27883554563 
3.05305305305 1.0 0.0884239650333 0.110643632113 
1.27127127127 1.0 0.955476737061 0.954983756466 
-3.05305305305 1.0 -0.0884239650333 0.006769674569 
-0.37037037037 1.0 -0.361960713579 -0.394713155767 
0.590590590591 1.0 0.556851671602 0.567445157568 
4.35435435435 1.0 -0.936587366299 -0.931134115729 
5.27527527528 1.0 -0.845718424022 -0.824217815825 
0.510510510511 1.0 0.488622728493 0.500060394681 
6.23623623624 1.0 -0.046931825201 0.0284221145219 
-1.67167167167 1.0 -0.994916395419 -1.3170976661 
-6.31631631632 1.0 -0.0331249483513 -0.0206403734392 
0.33033033033 1.0 0.32435551719 0.336001634792 
-4.85485485485 1.0 0.989868890237 1.05293822733 
8.2982982983 1.0 0.902904601864 0.799314488109 
2.77277277277 1.0 0.360514923027 0.387427784857 
-1.01101101101 1.0 -0.84736912878 -1.01236792547 
-4.27427427427 1.0 0.905553075921 1.07471073855 
-0.610610610611 1.0 -0.573367839051 -0.645731701035 
-8.03803803804 1.0 -0.983109384216 -0.962249382657 
-4.99499499499 1.0 0.960331988856 1.01001665294 
-6.73673673674 1.0 -0.438160658811 -0.454119423446 
7.37737737738 1.0 0.888557889358 0.891193858548 
-1.29129129129 1.0 -0.961192106815 -1.20033662401 
-2.03203203203 1.0 -0.895503224543 -1.2340083363 
3.45345345345 1.0 -0.306830209454 -0.298643380705 
-8.05805805806 1.0 -0.979248576653 -0.957350747702 
4.87487487487 1.0 -0.986828185163 -0.971706149754 
3.63363363363 1.0 -0.472425730458 -0.469535294423 
-4.47447447447 1.0 0.971831589603 1.09726520212 
-7.93793793794 1.0 -0.996477739177 -0.981433993528 
4.93493493493 1.0 -0.975338684403 -0.959398145263 
-7.41741741742 1.0 -0.906209755988 -0.925036768739 
-5.23523523524 1.0 0.866401418913 0.904087710633 
-9.67967967968 1.0 0.252150304413 0.149628334503 
-8.45845845846 1.0 -0.822799547447 -0.793059083099 
5.41541541542 1.0 -0.762889004574 -0.737477838934 
-9.43943943944 1.0 0.0146609534063 -0.0545535404346 
2.19219219219 1.0 0.813066617154 0.828151990264 
-2.55255255255 1.0 -0.555563147622 -0.737046322896 
-2.65265265265 1.0 -0.469690351946 -0.59861275416 
5.91591591592 1.0 -0.359068265792 -0.306123312442 
4.49449449449 1.0 -0.976354771373 -0.967890747145 
-9.1991991992 1.0 -0.223670498102 -0.257923312216 
8.7987987988 1.0 0.585891056576 0.523118201671 
0.25025025025 1.0 0.247646422081 0.258365969296 
-0.25025025025 1.0 -0.247646422081 -0.265751484984 
-2.89289289289 1.0 -0.246143932464 -0.238119176942 
-4.21421421421 1.0 0.878456163293 1.06105263769 
-7.11711711712 1.0 -0.740579143612 -0.767653873466 
2.11211211211 1.0 0.857031446499 0.869340903697 
6.45645645646 1.0 0.172405433055 0.257256693376 
0.690690690691 1.0 0.637069722791 0.64618217742 
-1.37137137137 1.0 -0.980180659514 -1.23972539994 
1.37137137137 1.0 0.980180659514 0.979043018806 
3.81381381381 1.0 -0.622725447279 -0.622750891002 
9.87987987988 1.0 -0.439553861488 -0.313908275459 
0.27027027027 1.0 0.266991905564 0.278013354603 
7.2972972973 1.0 0.849011685183 0.865311770326 
8.5985985986 1.0 0.735347535638 0.647222953823 
-6.75675675676 1.0 -0.456067581459 -0.473137160731 
-6.85685685686 1.0 -0.542719485852 -0.564594047132 
8.6986986987 1.0 0.66394288333 0.58715253506 
7.13713713714 1.0 0.753882673169 0.795449952295 
3.29329329329 1.0 -0.151119458915 -0.13710951195 
1.85185185185 1.0 0.960763202681 0.964985584994 
-7.21721721722 1.0 -0.804023831509 -0.829968658085 
5.71571571572 1.0 -0.537499969971 -0.498008882814 
6.71671671672 1.0 0.42007812671 0.502683801549 
-5.25525525526 1.0 0.856231505045 0.893421180068 
-7.85785785786 1.0 -0.999992487454 -0.990181890001 
4.57457457457 1.0 -0.990518615549 -0.980409147548 
2.97297297297 1.0 0.167821766571 0.192085892845 
-6.37637637638 1.0 -0.0930562402792 -0.0846610758684 
-9.3993993994 1.0 -0.0253758371902 -0.088701773937 
-5.995995996 1.0 0.2832577738 0.312389579494 
-9.63963963964 1.0 0.213212289782 0.115838113213 
-2.69269269269 1.0 -0.433974744115 -0.540709648456 
-0.15015015015 1.0 -0.149586594914 -0.158024425827 
-2.67267267267 1.0 -0.451923110669 -0.569817904357 
4.39439439439 1.0 -0.949864345085 -0.943550002453 
6.1961961962 1.0 -0.0868794431893 -0.0140055147234 
-8.35835835836 1.0 -0.875475849797 -0.845033845314 
-1.03103103103 1.0 -0.857829327634 -1.02805833912 
-2.25225225225 1.0 -0.776656419186 -1.07624719778 
0.43043043043 1.0 0.417262010319 0.429128284951 
-8.998998999 1.0 -0.413030320922 -0.421206441497 
2.17217217217 1.0 0.824557973258 0.838949384668 
-8.31831831832 1.0 -0.894118814814 -0.863936436462 
-8.95895895896 1.0 -0.449154692451 -0.452720980804 
-2.43243243243 1.0 -0.651196684992 -0.888119868573 
2.09209209209 1.0 0.867174611281 0.878795833172 
4.95495495495 1.0 -0.970724838874 -0.954515576797 
1.41141141141 1.0 0.987325090799 0.986083082987 
-3.67367367367 1.0 0.507327764109 0.767075693866 
2.41241241241 1.0 0.666258547712 0.688376077806 
2.71271271271 1.0 0.415852445773 0.442792454808 
-9.47947947948 1.0 0.054674242632 -0.0203853925035 
-4.03403403403 1.0 0.778606064409 0.99903783161 
6.91691691692 1.0 0.592155892373 0.660742931573 
6.77677677678 1.0 0.473791717778 0.553338490659 
-0.21021021021 1.0 -0.208665487323 -0.222634361924 
0.49049049049 1.0 0.471058607419 0.482646641482 
7.35735735736 1.0 0.879195966573 0.885286971999 
0.45045045045 1.0 0.435371096772 0.447175188928 
4.63463463463 1.0 -0.996978653508 -0.985711714232 
-5.17517517518 1.0 0.894812095251 0.934391578189 
-4.37437437437 1.0 0.943414910292 1.09025931699 
9.85985985986 1.0 -0.421484671785 -0.297465704791 
4.53453453453 1.0 -0.984225545624 -0.974926326711 
-2.71271271271 1.0 -0.415852445773 -0.511313153696 
-2.75275275275 1.0 -0.379115173303 -0.451758504404 
-5.2952952953 1.0 0.834866389361 0.87124163657 
7.5975975976 1.0 0.967313252172 0.931836219737 
-2.57257257257 1.0 -0.53880679503 -0.710175021775 
8.15815815816 1.0 0.9540939133 0.853368020458 
7.91791791792 1.0 0.997956771974 0.916202638116 
-4.93493493493 1.0 0.975338684403 1.03012070371 
-4.19419419419 1.0 0.868714740054 1.0557491591 
4.89489489489 1.0 -0.983391971377 -0.967993927006 
1.95195195195 1.0 0.928235370545 0.935283564009 
-1.09109109109 1.0 -0.887131000257 -1.07321298908 
6.61661661662 1.0 0.327287278425 0.412806035136 
7.97797797798 1.0 0.992322298019 0.904294527012 
9.57957957958 1.0 -0.154184093352 -0.0673457715639 
5.85585585586 1.0 -0.41444188151 -0.365771724738 
-5.83583583584 1.0 0.432577348176 0.465711264154 
0.17017017017 1.0 0.169350063744 0.178340964596 
0.0700700700701 1.0 0.0700127456343 0.0755216884424 
-0.970970970971 1.0 -0.825434213842 -0.980080387984 
3.61361361361 1.0 -0.454687183165 -0.451311451679 
-1.85185185185 1.0 -0.960763202681 -1.30181660429 
-9.83983983984 1.0 0.403246556161 0.282885813368 
2.35235235235 1.0 0.709818357066 0.730193701379 
2.25225225225 1.0 0.776656419186 0.79379849926 
-8.1981981982 1.0 -0.941340119153 -0.913659261144 
5.31531531532 1.0 -0.823679750423 -0.801206625283 
4.43443443443 1.0 -0.961618700226 -0.954439139348 
-7.13713713714 1.0 -0.753882673169 -0.78087140879 
-4.35435435435 1.0 0.936587366299 1.08784956169 
-4.81481481481 1.0 0.994759058541 1.06262864573 
-5.67567567568 1.0 0.570824460166 0.605433959764 
9.03903903904 1.0 0.376243865658 0.355747325474 
-6.67667667668 1.0 -0.38341529066 -0.395791447837 
5.17517517518 1.0 -0.894812095251 -0.875337148822 
-9.65965965966 1.0 0.232727934358 0.132751991678 
-1.63163163163 1.0 -0.998150103477 -1.31382851534 
-3.37337337337 1.0 0.229710988177 0.451286002585 
9.33933933934 1.0 0.0853347124856 0.126216946254 
-7.51751751752 1.0 -0.943927941216 -0.957222569293 
4.55455455455 1.0 -0.987569983594 -0.977862156519 
-5.07507507508 1.0 0.934947206573 0.979238365584 
4.21421421421 1.0 -0.878456163293 -0.875823684029 
5.35535535536 1.0 -0.800320725902 -0.776764478215 
7.05705705706 1.0 0.698909584547 0.751533555601 
9.11911911912 1.0 0.30092154409 0.296383580503 
6.25625625626 1.0 -0.0269257963344 0.049600538424 
-6.2962962963 1.0 -0.0131106134944 0.000691743414785 
7.21721721722 1.0 0.804023831509 0.833396599184 
-2.91291291291 1.0 -0.226691833081 -0.207300756327 
5.63563563564 1.0 -0.603233924101 -0.568303205612 
5.8958958959 1.0 -0.377679973455 -0.326175661233 
-5.55555555556 1.0 0.665101514979 0.699887426205 
-5.81581581582 1.0 0.450539443112 0.483977172948 
5.33533533534 1.0 -0.812162990678 -0.789162820322 
5.5955955956 1.0 -0.634676409709 -0.601810005295 
-5.93593593594 1.0 0.340312647942 0.371289925699 
-9.6996996997 1.0 0.271471615699 0.166463669545 
-7.61761761762 1.0 -0.972195835089 -0.979070964408 
-3.39339339339 1.0 0.249148316352 0.475761749674 
3.79379379379 1.0 -0.606937230307 -0.606774341421 
1.83183183183 1.0 0.96612325186 0.969839427817 
-3.73373373373 1.0 0.558138856901 0.816626524832 
5.1951951952 1.0 -0.885695580449 -0.865855550025 
-8.47847847848 1.0 -0.811257411747 -0.781895738791 
5.65565565566 1.0 -0.587146852786 -0.551128969724 
-7.27727727728 1.0 -0.838264195546 -0.862714614032 
-2.45245245245 1.0 -0.635873830576 -0.864242584954 
-6.91691691692 1.0 -0.592155892373 -0.616229450089 
-9.97997997998 1.0 0.527114985665 0.396076313951 
-9.7997997998 1.0 0.366292850383 0.249908577458 
8.17817817818 1.0 0.947906971008 0.846382561101 
4.05405405405 1.0 -0.791012020637 -0.790725254842 
-7.87787787788 1.0 -0.99971449835 -0.988559305472 
9.91991991992 1.0 -0.475156566095 -0.346755308719 
1.25125125125 1.0 0.949378423874 0.94907494692 
-1.87187187187 1.0 -0.955018091318 -1.29694978091 
1.73173173173 1.0 0.987077824457 0.988603239498 
-9.15915915916 1.0 -0.26250641876 -0.291208384379 
-5.47547547548 1.0 0.722706208904 0.757568220085 
-2.13213213213 1.0 -0.846544793956 -1.17252923723 
9.7997997998 1.0 -0.366292850383 -0.248089365446 
-1.89189189189 1.0 -0.948890220341 -1.29142668336 
-1.41141141141 1.0 -0.987325090799 -1.25668371238 
4.99499499499 1.0 -0.960331988856 -0.943584165796 
-1.19119119119 1.0 -0.928811026462 -1.14156324114 
-2.19219219219 1.0 -0.813066617154 -1.12742551272 
4.27427427427 1.0 -0.905553075921 -0.901766078689 
-6.51651651652 1.0 -0.231219739195 -0.232763783933 
-7.65765765766 1.0 -0.980790267476 -0.984934105651 
1.79179179179 1.0 0.975679725882 0.978449499508 
-0.790790790791 1.0 -0.710909644644 -0.821511172404 
-0.710710710711 1.0 -0.65237258226 -0.745155149799 
9.47947947948 1.0 -0.054674242632 0.0140126705004 
5.47547547548 1.0 -0.722706208904 -0.695137690238 
-7.23723723724 1.0 -0.81576576016 -0.841278393167 
-1.43143143143 1.0 -0.99030442098 -1.26444822684 
-7.43743743744 1.0 -0.914492625181 -0.932301194946 
9.21921921922 1.0 0.204114170152 0.22015720667 
1.31131131131 1.0 0.966522242485 0.965708746323 
7.61761761762 1.0 0.972195835089 0.933371242731 
0.19019019019 1.0 0.189045659132 0.198550850127 
7.41741741742 1.0 0.906209755988 0.901886621305 
9.65965965966 1.0 -0.232727934358 -0.132900098131 
3.27327327327 1.0 -0.131300397197 -0.116544750457 
-0.630630630631 1.0 -0.589654207656 -0.665927075063 
6.21621621622 1.0 -0.066919044364 0.00721609654931 
1.97197197197 1.0 0.920602539794 0.928267546759 
0.550550550551 1.0 0.523156507537 0.534217310551 
0.0900900900901 1.0 0.0899682743046 0.0963015661252 
3.83383383383 1.0 -0.63826408348 -0.638443286507 
2.79279279279 1.0 0.341770182763 0.368593396191 
-1.27127127127 1.0 -0.955476737061 -1.1894005136 
4.07407407407 1.0 -0.803100948886 -0.802596525064 
0.770770770771 1.0 0.69668837635 0.704392178905 
4.75475475475 1.0 -0.999102704803 -0.985760221911 
-8.63863863864 1.0 -0.707630665292 -0.684233391252 
-5.1951951952 1.0 0.885695580449 0.924573076838 
4.71471471471 1.0 -0.999997295481 -0.987310445685 
-0.35035035035 1.0 -0.343226895963 -0.373300748518 
-9.27927927928 1.0 -0.144985860003 -0.190682268114 
-9.91991991992 1.0 0.475156566095 0.348023229595 
-1.51151151151 1.0 -0.998243169988 -1.29053891498 
-6.01601601602 1.0 0.264002216892 0.292423168385 
8.53853853854 1.0 0.774699305584 0.681184616753 
-1.21121121121 1.0 -0.936042896216 -1.15411898221 
-6.43643643644 1.0 -0.152651959622 -0.148487189065 
-6.17617617618 1.0 0.106805021793 0.12785478071 
2.63263263263 1.0 0.487269347053 0.513690445235 
-0.27027027027 1.0 -0.266991905564 -0.287302949901 
9.8998998999 1.0 -0.45744688336 -0.330338898628 
-0.930930930931 1.0 -0.802176135594 -0.946640940478 
-6.41641641642 1.0 -0.132837305145 -0.127251985356 
-3.43343343343 1.0 0.28771565565 0.523311517657 
5.73573573574 1.0 -0.520511228445 -0.479795135235 
2.37237237237 1.0 0.695575258639 0.716551434508 
8.65865865866 1.0 0.693344009372 0.611680152371 
-1.83183183183 1.0 -0.96612325186 -1.30603268075 
8.43843843844 1.0 0.834011915114 0.734016967638 
4.51451451451 1.0 -0.980486642048 -0.971602290474 
-3.35335335335 1.0 0.210181594637 0.426354807238 
-7.53753753754 1.0 -0.950347982805 -0.962417918897 
-8.85885885886 1.0 -0.536191852752 -0.52933761817 
2.69269269269 1.0 0.433974744115 0.460843696819 
9.45945945946 1.0 -0.034674546587 0.0301796538766 
0.750750750751 1.0 0.682187883844 0.690256865915 
9.17917917918 1.0 0.243137181641 0.250896022427 
-5.11511511512 1.0 0.919995965877 0.962149071711 
7.0970970971 1.0 0.726978798959 0.774231574666 
3.73373373373 1.0 -0.558138856901 -0.557203910544 
0.710710710711 1.0 0.65237258226 0.661147256321 
7.17717717718 1.0 0.779578080518 0.815174844926 
-5.51551551552 1.0 0.694460468753 0.729268359079 
9.13913913914 1.0 0.281770446506 0.281307845653 
6.31631631632 1.0 0.0331249483513 0.112850535848 
5.81581581582 1.0 -0.450539443112 -0.404623666605 
9.95995995996 1.0 -0.509997599178 -0.379536564155 
-0.0500500500501 1.0 -0.0500291567086 -0.0509567499855 
-8.21821821822 1.0 -0.934395989648 -0.906127888692 
-6.71671671672 1.0 -0.42007812671 -0.43488241541 
-3.21321321321 1.0 0.0715593456609 0.240042401441 
5.95595595596 1.0 -0.32142063693 -0.265561295509 
6.8968968969 1.0 0.575905704393 0.646378748063 
-5.71571571572 1.0 0.537499969971 0.571920772086 
-8.17817817818 1.0 -0.947906971008 -0.920877300414 
-0.570570570571 1.0 -0.540112324789 -0.604930384955 
-6.95695695696 1.0 -0.623937863975 -0.649160123054 
2.45245245245 1.0 0.635873830576 0.659040741772 
-3.75375375375 1.0 0.574637462441 0.832139054226 
-9.11911911912 1.0 -0.30092154409 -0.3242186284 
6.95695695696 1.0 0.623937863975 0.688445925715 
7.07707707708 1.0 0.713087090062 0.763066486041 
4.37437437437 1.0 -0.943414910292 -0.93753227916 
1.91191191191 1.0 0.942382045726 0.948244920357 
3.97397397397 1.0 -0.739536372707 -0.73985122035 
7.45745745746 1.0 0.922408976872 0.911093991063 
9.97997997998 1.0 -0.527114985665 -0.395897016215 
0.530530530531 1.0 0.505991015532 0.517252377966 
2.01201201201 1.0 0.904233186475 0.913173872946 
6.85685685686 1.0 0.542719485852 0.616649043142 
-7.2972972973 1.0 -0.849011685183 -0.872834908122 
-4.95495495495 1.0 0.970724838874 1.02370356853 
-0.29029029029 1.0 -0.286230381945 -0.308840555511 
2.43243243243 1.0 0.651196684992 0.673851247966 
-1.97197197197 1.0 -0.920602539794 -1.26267429781 
4.65465465465 1.0 -0.998333836705 -0.986698277895 
6.81681681682 1.0 0.508663293061 0.585619897897 
6.0960960961 1.0 -0.185999691898 -0.119928452159 
3.21321321321 1.0 -0.0715593456609 -0.0545978605603 
5.93593593594 1.0 -0.340312647942 -0.285915035588 
8.61861861862 1.0 0.721633711464 0.635546414517 
6.11611611612 1.0 -0.166293065952 -0.0988082739933 
9.55955955956 1.0 -0.13437389375 -0.0510132919573 
0.910910910911 1.0 0.790062479764 0.795100460299 
-9.73973973974 1.0 0.309780130585 0.199997773855 
1.33133133133 1.0 0.971465007816 0.970521918312 
4.13413413413 1.0 -0.837417761709 -0.836119404536 
8.31831831832 1.0 0.894118814814 0.790645235555 
-6.05605605606 1.0 0.225181436261 0.252036841697 
4.25425425425 1.0 -0.896879023055 -0.893488452918 
-0.03003003003 1.0 -0.0300255167065 -0.0296937455863 
7.53753753754 1.0 0.950347982805 0.925108452103 
6.6966966967 1.0 0.401827232414 0.485232378371 
-1.65165165165 1.0 -0.996732988666 -1.31575347663 
1.13113113113 1.0 0.904894218889 0.906088048309 
8.8988988989 1.0 0.501973484202 0.455538582004 
-0.910910910911 1.0 -0.790062479764 -0.929510552543 
1.19119119119 1.0 0.928811026462 0.929183919328 
5.4954954955 1.0 -0.708725363073 -0.68036652027 
8.41841841842 1.0 0.844890020967 0.743985937307 
2.49249249249 1.0 0.604469813648 0.62858091532 
9.73973973974 1.0 -0.309780130585 -0.198689603505 
-9.75975975976 1.0 0.328751980598 0.216689947064 
-8.91891891892 1.0 -0.484559073218 -0.483760235834 
-7.997997998 1.0 -0.989647555109 -0.970996908625 
0.47047047047 1.0 0.453305691794 0.465016447696 
-0.590590590591 1.0 -0.556851671602 -0.625396855517 
-8.57857857858 1.0 -0.748766641479 -0.72251953352 
-7.77777777778 1.0 -0.997097890944 -0.992823355517 
-0.750750750751 1.0 -0.682187883844 -0.783724695489 
-1.25125125125 1.0 -0.949378423874 -1.17804636553 
-2.39239239239 1.0 -0.681053382124 -0.934180437464 
-7.03703703704 1.0 -0.684451964588 -0.7111613346 
8.83883883884 1.0 0.552982096013 0.496488680226 
9.31931931932 1.0 0.105263273301 0.14203607488 
-7.5975975976 1.0 -0.967313252172 -0.975525313575 
-9.61961961962 1.0 0.193611192318 0.0988902395741 
4.01401401401 1.0 -0.765888052358 -0.765958259432 
6.03603603604 1.0 -0.244640851113 -0.182907443322 
-9.2992992993 1.0 -0.125149645879 -0.173759702983 
9.05905905906 1.0 0.357620745349 0.341053431603 
-1.07107107107 1.0 -0.877714248189 -1.0584894928 
-2.99299299299 1.0 -0.148053371305 -0.0843597894149 
2.83283283283 1.0 0.303877337824 0.330400844405 
8.01801801802 1.0 0.986576173517 0.89490492065 
6.53653653654 1.0 0.250649611665 0.336608739557 
2.65265265265 1.0 0.469690351946 0.496299262554 
3.31331331331 1.0 -0.170877953796 -0.157615056075 
-9.37937937938 1.0 -0.0453829883483 -0.105757818775 
-8.83883883884 1.0 -0.552982096013 -0.544247563729 
5.43543543544 1.0 -0.749793457774 -0.723698033356 
5.77577577578 1.0 -0.485914794209 -0.442655522807 
-5.05505505506 1.0 0.941862214566 0.9873581129 
-2.85285285285 1.0 -0.284744420138 -0.299668205308 
5.6956956957 1.0 -0.554273288059 -0.515974316573 
-5.87587587588 1.0 0.396140311588 0.428543461329 
7.93793793794 1.0 0.996477739177 0.912528337246 
2.75275275275 1.0 0.379115173303 0.406077350062 
-4.69469469469 1.0 0.999843460211 1.08474370788 
-6.7967967968 1.0 -0.491325964149 -0.510475048448 
8.4984984985 1.0 0.799390133963 0.70290078607 
6.43643643644 1.0 0.152651959622 0.237003569873 
7.73773773774 1.0 0.993251282848 0.93534804817 
-5.45545545546 1.0 0.736397402892 0.771308518712 
0.730730730731 1.0 0.667413978747 0.675840368665 
6.51651651652 1.0 0.231219739195 0.317041073804 
-4.67467467467 1.0 0.999288899866 1.08740224391 
4.23423423423 1.0 -0.887845512006 -0.884840293576 
6.07607607608 1.0 -0.205631771434 -0.14099279985 
0.610610610611 1.0 0.573367839051 0.583697775133 
5.61561561562 1.0 -0.61907922661 -0.585199162638 
-2.27227227227 1.0 -0.763890524376 -1.05786155035 
3.19319319319 1.0 -0.0515776439174 -0.0338989716469 
-7.47747747748 1.0 -0.929955638285 -0.945589867249 
-5.31531531532 1.0 0.823679750423 0.859729296879 
9.81981981982 1.0 -0.384846824231 -0.264553917597 
-2.53253253253 1.0 -0.572096837274 -0.763466495113 
-3.85385385385 1.0 0.653546911213 0.902315139142 
-4.41441441441 1.0 0.955933085822 1.09405864955 
-2.47247247247 1.0 -0.620296125676 -0.839821396215 
-8.13813813814 1.0 -0.959898466376 -0.934354941231 
-2.01201201201 1.0 -0.904233186475 -1.244246079 
3.23323323323 1.0 -0.0915123672906 -0.0752786412719 
1.75175175175 1.0 0.983672194447 0.985588242784 
-2.05205205205 1.0 -0.886414355831 -1.22308555533 
4.17417417417 1.0 -0.858625146533 -0.856694149178 
0.31031031031 1.0 0.305354140677 0.316836918987 
1.29129129129 1.0 0.961192106815 0.960528878275 
-0.950950950951 1.0 -0.813968289004 -0.963500386534 
-5.35535535536 1.0 0.800320725902 0.83586174321 
-9.21921921922 1.0 -0.204114170152 -0.241189787831 
-8.07807807808 1.0 -0.974995298193 -0.952107714693 
-6.11611611612 1.0 0.166293065952 0.190446935327 
2.93293293293 1.0 0.207148878373 0.232241609385 
7.71771771772 1.0 0.990730428893 0.93586470232 
2.85285285285 1.0 0.284744420138 0.311058497031 
7.63763763764 1.0 0.976688773762 0.934556960601 
-0.43043043043 1.0 -0.417262010319 -0.458627254673 
3.95395395395 1.0 -0.725913266541 -0.726305645088 
7.8978978979 1.0 0.999035835857 0.919577012919 
7.85785785786 1.0 0.999992487454 0.925411563791 
4.83483483483 1.0 -0.99251286792 -0.977957340076 
5.53553553554 1.0 -0.679917243139 -0.649867414834 
-9.01901901902 1.0 -0.39471619201 -0.40528374899 
4.03403403403 1.0 -0.778606064409 -0.778511253885 
-4.79479479479 1.0 0.996606561851 1.06704170896 
-6.35635635636 1.0 -0.0731057736575 -0.0633276986964 
-3.11311311311 1.0 -0.0284756907485 0.0962387051412 
5.0950950951 1.0 -0.927657483133 -0.909491721612 
6.05605605606 1.0 -0.225181436261 -0.161989650385 
-3.81381381381 1.0 0.622725447279 0.875706536341 
3.57357357357 1.0 -0.41867057176 -0.414238256279 
7.51751751752 1.0 0.943927941216 0.922149866916 
-8.73873873874 1.0 -0.633477463068 -0.616443109966 
-7.97797797798 1.0 -0.992322298019 -0.974837731786 
-0.23023023023 1.0 -0.228201684929 -0.244193021054 
-7.33733733734 1.0 -0.869481672757 -0.891866529286 
-2.35235235235 1.0 -0.709818357066 -0.977888098386 
6.55655655656 1.0 0.269979026825 0.355978952776 
-0.730730730731 1.0 -0.667413978747 -0.764533713578 
-1.33133133133 1.0 -0.971465007816 -1.22091967663 
-2.41241241241 1.0 -0.666258547712 -0.911437438334 
9.2992992993 1.0 0.125149645879 0.15779412103 
6.93693693694 1.0 0.608168751487 0.674766823211 
3.47347347347 1.0 -0.325821789448 -0.318312038846 
1.57157157157 1.0 0.999999699498 0.999317080822 
5.97597597598 1.0 -0.302399804444 -0.245072747459 
6.65665665666 1.0 0.36484968073 0.449526570472 
8.03803803804 1.0 0.983109384216 0.889785934279 
8.33833833834 1.0 0.884974675839 0.781750235872 
6.75675675676 1.0 0.456067581459 0.536744291806 
-2.23223223223 1.0 -0.789111039566 -1.09397384169 
-4.23423423423 1.0 0.887845512006 1.06597732618 
-0.11011011011 1.0 -0.109887744787 -0.115072451279 
5.51551551552 1.0 -0.694460468753 -0.665274664384 
2.99299299299 1.0 0.148053371305 0.171852655667 
-3.23323323323 1.0 0.0915123672906 0.26782896691 
10.0 1.0 -0.544021110889 -0.41223446931 
-9.07907907908 1.0 -0.338854295004 -0.356914909024 
2.13213213213 1.0 0.846544793956 0.859546497277 
3.93393393393 1.0 -0.711999223182 -0.712438023329 
-3.27327327327 1.0 0.131300397197 0.322289565231 
-5.95595595596 1.0 0.32142063693 0.351830291782 
1.47147147147 1.0 0.995071340501 0.993851039015 
-7.4974974975 1.0 -0.93712958481 -0.951613274962 
-3.17317317317 1.0 0.0315752704827 0.183439799838 
-5.27527527528 1.0 0.845718424022 0.882472388159 
9.93993993994 1.0 -0.492675811867 -0.363155267441 
5.25525525526 1.0 -0.856231505045 -0.835179284503 
0.35035035035 1.0 0.343226895963 0.354994051935 
6.2962962963 1.0 0.0131106134944 0.0918266845604 
-3.95395395395 1.0 0.725913266541 0.960577555567 
-8.71871871872 1.0 -0.648840196822 -0.630374630928 
1.09109109109 1.0 0.887131000257 0.888940777353 
4.97497497497 1.0 -0.965721938658 -0.949244016579 
7.23723723724 1.0 0.81576576016 0.841941877614 
-3.63363363363 1.0 0.472425730458 0.731509464475 
-8.4984984985 1.0 -0.799390133963 -0.770488199445 
-8.41841841842 1.0 -0.844890020967 -0.814632654251 
-6.03603603604 1.0 0.244640851113 0.272302930526 
7.997997998 1.0 0.989647555109 0.89974235371 
-7.31731731732 1.0 -0.859418901282 -0.882553008007 
-2.31231231231 1.0 -0.737445499834 -1.01914323124 
3.35335335335 1.0 -0.210181594637 -0.198407612221 
-5.15515515516 1.0 0.903569980268 0.943927131974 
8.13813813814 1.0 0.959898466376 0.86009804919 
-1.53153153153 1.0 -0.999229236959 -1.29577651887 
-0.990990990991 1.0 -0.836569314705 -0.996372417708 
1.05105105105 1.0 0.867945718946 0.870417687621 
-9.25925925926 1.0 -0.164763965562 -0.20756456693 
9.23923923924 1.0 0.184476035731 0.20467267029 
5.57557557558 1.0 -0.650019222236 -0.618129160118 
2.89289289289 1.0 0.246143932464 0.271922570303 
-4.43443443443 1.0 0.961618700226 1.09545611786 
-4.59459459459 1.0 0.993070259711 1.09504099616 
-9.71971971972 1.0 0.290684124469 0.183254593749 
1.39139139139 1.0 0.983950052752 0.982748673689 
0.890890890891 1.0 0.777632176518 0.783054075532 
-8.97897897898 1.0 -0.431178912314 -0.437020554582 
-6.87687687688 1.0 -0.559424700424 -0.582093454609 
-9.95995995996 1.0 0.509997599178 0.380139912142 
9.75975975976 1.0 -0.328751980598 -0.215154799278 
2.33233233233 1.0 0.723776968945 0.743533763114 
2.31231231231 1.0 0.737445499834 0.756567846853 
8.27827827828 1.0 0.911328515751 0.807754314096 
-2.73273273273 1.0 -0.397563478837 -0.481654076947 
9.5995995996 1.0 -0.173932497848 -0.0837033116189 
8.21821821822 1.0 0.934395989648 0.831660281897 
-7.83783783784 1.0 -0.999869691753 -0.991422669082 
-7.05705705706 1.0 -0.698909584547 -0.725816602126 
2.95295295295 1.0 0.187522900919 0.212218602613 
-5.85585585586 1.0 0.41444188151 0.447231490446 
-3.55355355355 1.0 0.400406942668 0.654268584903 
5.2952952953 1.0 -0.834866389361 -0.812892641747 
-3.29329329329 1.0 0.151119458915 0.348933185546 
-4.45445445445 1.0 0.966918909573 1.09652378559 
-0.530530530531 1.0 -0.505991015532 -0.563633687967 
-7.95795795796 1.0 -0.994599330244 -0.978318029444 
4.31431431431 1.0 -0.921809046742 -0.917202055869 
0.850850850851 1.0 0.75184168035 0.758033152565 
4.77477477477 1.0 -0.998054637396 -0.984397279755 
-8.33833833834 1.0 -0.884974675839 -0.854624955031 
3.91391391391 1.0 -0.69779981921 -0.698253111933 
-2.11211211211 1.0 -0.857031446499 -1.18619794266 
3.55355355355 1.0 -0.400406942668 -0.39540593161 
-3.09309309309 1.0 -0.0484805492288 0.0666389067438 
3.75375375375 1.0 -0.574637462441 -0.573994213676 
9.67967967968 1.0 -0.252150304413 -0.14933179374 
1.63163163163 1.0 0.998150103477 0.998101107105 
1.61161161161 1.0 0.999167171889 0.99888083526 
1.93193193193 1.0 0.935496175869 0.941943263875 
-5.37537537538 1.0 0.788157702332 0.823507703225 
8.77877877878 1.0 0.601996584369 0.536221943423 
8.45845845846 1.0 0.822799547447 0.723844063873 
-4.17417417417 1.0 0.858625146533 1.05006165032 
9.6996996997 1.0 -0.271471615699 -0.165775618061 
7.47747747748 1.0 0.929955638285 0.91514474225 
8.37837837838 1.0 0.865626143701 0.763297654556 
4.09409409409 1.0 -0.81486800406 -0.814121517755 
8.67867867868 1.0 0.678779469621 0.599497304466 
-9.23923923924 1.0 -0.184476035731 -0.224401966018 
5.13513513514 1.0 -0.911965725448 -0.893172305966 
7.95795795796 1.0 0.994599330244 0.908557747316 
-0.650650650651 1.0 -0.605704250039 -0.685975079476 
-1.99199199199 1.0 -0.912600742763 -1.25380060359 
4.61461461461 1.0 -0.995223893414 -0.984334402735 
2.23223223223 1.0 0.789111039566 0.805573576043 
5.21521521522 1.0 -0.87622408965 -0.856000567723 
-1.61161161161 1.0 -0.999167171889 -1.31133079823 
6.17617617618 1.0 -0.106805021793 -0.0352307205609 
-7.6976976977 1.0 -0.987812502254 -0.98917010379 
6.4964964965 1.0 0.211697196671 0.297286183107 
-6.57657657658 1.0 -0.289200237681 -0.294957973463 
-7.73773773774 1.0 -0.993251282848 -0.991793956316 
-6.47647647648 1.0 -0.19208980849 -0.190780899556 
-3.79379379379 1.0 0.606937230307 0.861675424113 
3.41341341341 1.0 -0.268485788917 -0.258898210473 
0.15015015015 1.0 0.149586594914 0.158005139326 
2.91291291291 1.0 0.226691833081 0.252145887953 
3.39339339339 1.0 -0.249148316352 -0.238841165809 
-6.65665665666 1.0 -0.36484968073 -0.375958328505 
-1.45145145145 1.0 -0.992886849216 -1.2717246838 
3.71371371371 1.0 -0.541416556108 -0.540156000842 
6.5965965966 1.0 0.308305540605 0.394087245503 
-4.11411411411 1.0 0.826308470068 1.03064110333 
-8.51851851852 1.0 -0.787202470352 -0.75884162394 
-6.25625625626 1.0 0.0269257963344 0.0432791668572 
2.51251251251 1.0 0.588401237484 0.612941109387 
8.25825825826 1.0 0.919387180273 0.815961023308 
-3.15315315315 1.0 0.0115602420643 0.154659742551 
2.73273273273 1.0 0.397563478837 0.424534655067 
-8.65865865866 1.0 -0.693344009372 -0.671059324108 
8.87887887888 1.0 0.519186710331 0.46931836953 
2.57257257257 1.0 0.53880679503 0.564442757232 
4.11411411411 1.0 -0.826308470068 -0.825296871428 
-7.17717717718 1.0 -0.779578080518 -0.806183599534 
-5.53553553554 1.0 0.679917243139 0.71471209438 
-1.59159159159 1.0 -0.999783786273 -1.30826845853 
-1.75175175175 1.0 -0.983672194447 -1.31651133365 
3.51351351351 1.0 -0.363405633971 -0.357193749192 
-4.13413413413 1.0 0.837417761709 1.03751309183 
8.75875875876 1.0 0.617860839267 0.549180588543 
-9.93993993994 1.0 0.492675811867 0.364121397458 
-6.97697697698 1.0 -0.639456909771 -0.665153871188 
7.65765765766 1.0 0.980790267476 0.93539620498 
-0.31031031031 1.0 -0.305354140677 -0.330357384151 
5.45545545546 1.0 -0.736397402892 -0.709583128865 
-4.97497497497 1.0 0.965721938658 1.01700212451 
-4.65465465465 1.0 0.998333836705 1.08976315781 
-5.91591591592 1.0 0.359068265792 0.39056640396 
9.15915915916 1.0 0.26250641876 0.266144314987 
-7.25725725726 1.0 -0.827180739833 -0.852194791874 
-3.91391391391 1.0 0.69779981921 0.938663310557 
-1.39139139139 1.0 -0.983950052752 -1.24843985818 
-9.81981981982 1.0 0.384846824231 0.266428866517 
-4.51451451451 1.0 0.980486642048 1.09778267708 
-3.45345345345 1.0 0.306830209454 0.546370100937 
6.7967967968 1.0 0.491325964149 0.5696325838 
0.11011011011 1.0 0.109887744787 0.116979453173 
1.87187187187 1.0 0.955018091318 0.959767604522 
9.4994994995 1.0 -0.0746520259067 -0.00219283969758 
-2.07207207207 1.0 -0.876970223046 -1.21147651437 
5.7957957958 1.0 -0.468320967329 -0.423746706652 
-0.890890890891 1.0 -0.777632176518 -0.912117699722 
0.790790790791 1.0 0.710909644644 0.718241820882 
-2.17217217217 1.0 -0.824557973258 -1.14314040626 
-9.77977977978 1.0 0.347592070824 0.233327921639 
-0.550550550551 1.0 -0.523156507537 -0.584340082745 
-6.4964964965 1.0 -0.211697196671 -0.211816841294 
-0.41041041041 1.0 -0.398985690337 -0.437383652323 
-1.35135135135 1.0 -0.97601842181 -1.23054908668 
6.37637637638 1.0 0.0930562402792 0.175423246033 
4.81481481481 1.0 -0.994759058541 -0.9804957485 
8.1981981982 1.0 0.941340119153 0.839145405046 
9.1991991992 1.0 0.223670498102 0.23556598579 
-6.15615615616 1.0 0.126687794244 0.148814926619 
-2.83283283283 1.0 -0.303877337824 -0.330344436952 
0.650650650651 1.0 0.605704250039 0.615455092734 
9.3993993994 1.0 0.0253758371902 0.0784218099187 
-3.61361361361 1.0 0.454687183165 0.712962825776 
-6.55655655656 1.0 -0.269979026825 -0.27434558018 
5.67567567568 1.0 -0.570824460166 -0.533683553121 
5.3953953954 1.0 -0.775678794758 -0.750918213881 
-9.0990990991 1.0 -0.319952035985 -0.340608481393 
-7.91791791792 1.0 -0.997956771974 -0.984181914234 
5.23523523524 1.0 -0.866401418913 -0.845774368943 
-8.37837837838 1.0 -0.865626143701 -0.835168081977 
4.73473473473 1.0 -0.99975034402 -0.986731259133 
-3.13313313313 1.0 -0.00845941955823 0.125585984779 
-3.87387387387 1.0 0.668567805308 0.914901649111 
2.05205205205 1.0 0.886414355831 0.896677698005 
9.37937937938 1.0 0.0453829883483 0.0944069571579 
6.3963963964 1.0 0.112969411094 0.196075598636 
9.63963963964 1.0 -0.213212289782 -0.116483072662 
8.97897897898 1.0 0.431178912314 0.39919725508 
-4.39439439439 1.0 0.949864345085 1.09232767169 
3.01301301301 1.0 0.128225638051 0.151528209653 
3.69369369369 1.0 -0.524477262156 -0.52285767347 
2.21221221221 1.0 0.801249393857 0.817025748617 
-0.17017017017 1.0 -0.169350063744 -0.179543396982 
-3.33333333333 1.0 0.190567962875 0.400978159996 
3.65365365365 1.0 -0.489974935275 -0.487539598347 
-4.71471471471 1.0 0.999997295481 1.0817892548 
1.71171171171 1.0 0.990087845702 0.991247422937 
6.57657657658 1.0 0.289200237681 0.375141710608 
3.67367367367 1.0 -0.507327764109 -0.505316333426 
-3.41341341341 1.0 0.268485788917 0.499772976022 
-7.75775775776 1.0 -0.995374053792 -0.99250675684 
-2.59259259259 1.0 -0.521834495241 -0.682873726571 
9.61961961962 1.0 -0.193611192318 -0.100083281587 
9.07907907908 1.0 0.338854295004 0.326259447196 
-6.13613613614 1.0 0.146519791772 0.16968210458 
-1.13113113113 1.0 -0.904894218889 -1.10163257759 
2.55255255255 1.0 0.555563147622 0.580866760343 
8.81881881882 1.0 0.569550710787 0.509872680248 
-4.63463463463 1.0 0.996978653508 1.09182460463 
9.01901901902 1.0 0.39471619201 0.37033801575 
-4.57457457457 1.0 0.990518615549 1.09619152011 
-0.770770770771 1.0 -0.69668837635 -0.802719920272 
9.41941941942 1.0 0.00535851570584 0.0623870061592 
-6.45645645646 1.0 -0.172405433055 -0.169667251793 
-2.15215215215 1.0 -0.835718856574 -1.15817598268 
3.53353353353 1.0 -0.381982835353 -0.376388110337 
-3.01301301301 1.0 -0.128225638051 -0.0538386274146 
-8.23823823824 1.0 -0.927077365617 -0.898287860163 
9.77977977978 1.0 -0.347592070824 -0.231622193813 
0.990990990991 1.0 0.836569314705 0.840104084904 
3.49349349349 1.0 -0.34468278404 -0.337831967602 
-9.31931931932 1.0 -0.105263273301 -0.156801459302 
-5.75575575576 1.0 0.503313872361 0.537439564611 
-9.53953953954 1.0 0.114509838728 0.030831946941 
-4.87487487487 1.0 0.986828185163 1.04766247692 
1.81181181181 1.0 0.971096090611 0.974327812233 
1.35135135135 1.0 0.97601842181 0.974967074905 
-6.07607607608 1.0 0.205631771434 0.231633127033 
-5.13513513514 1.0 0.911965725448 0.953179652642 
-1.31131131131 1.0 -0.966522242485 -1.21084593365 
2.15215215215 1.0 0.835718856574 0.84941512235 
-7.57757757758 1.0 -0.96204298189 -0.971568573942 
1.15115115115 1.0 0.91323356617 0.914139115612 
3.09309309309 1.0 0.0484805492288 0.0695092531955 
7.4974974975 1.0 0.93712958481 0.918829354419 
6.27627627628 1.0 -0.00690897593668 0.0707393810779 
-5.8958958959 1.0 0.377679973455 0.409653051953 
-8.75875875876 1.0 -0.617860839267 -0.602335382856 
-1.79179179179 1.0 -0.975679725882 -1.31253636178 
-9.8998998999 1.0 0.45744688336 0.331847942385 
4.79479479479 1.0 -0.996606561851 -0.982642435123 
-5.6956956957 1.0 0.554273288059 0.588800310272 
2.53253253253 1.0 0.572096837274 0.597034663799 
5.37537537538 1.0 -0.788157702332 -0.764015054239 
-0.690690690691 1.0 -0.637069722791 -0.725597137408 
1.11111111111 1.0 0.89619220103 0.897687748028 
-3.47347347347 1.0 0.325821789448 0.568942321805 
4.15415415415 1.0 -0.848191426515 -0.846586109933 
-4.05405405405 1.0 0.791012020637 1.00756727499 
8.93893893894 1.0 0.466950456861 0.427605932657 
6.33633633634 1.0 0.0531260071326 0.133799082394 
-6.27627627628 1.0 0.00690897593668 0.0220017955068 
-1.95195195195 1.0 -0.928235370545 -1.27087008631 
7.77777777778 1.0 0.997097890944 0.933324705507 
-5.77577577578 1.0 0.485914794209 0.519846276629 
8.05805805806 1.0 0.979248576653 0.884389111736 
1.21121121121 1.0 0.936042896216 0.936173150751 
2.67267267267 1.0 0.451923110669 0.478681521614 
-3.71371371371 1.0 0.541416556108 0.800613512566 
-1.81181181181 1.0 -0.971096090611 -1.30960387459 
0.39039039039 1.0 0.380549461752 0.392439429588 
5.55555555556 1.0 -0.665101514979 -0.634150314482 
-2.09209209209 1.0 -0.867174611281 -1.19918062098 
9.27927927928 1.0 0.144985860003 0.173488183884 
1.49149149149 1.0 0.996857019318 0.995693245958 
5.15515515516 1.0 -0.903569980268 -0.884443354072 
-3.51351351351 1.0 0.363405633971 0.612606267297 
7.83783783784 1.0 0.999869691753 0.927864603514 
3.25325325325 1.0 -0.111428711879 -0.0959310334275 
-2.63263263263 1.0 -0.487269347053 -0.627069577829 
-4.55455455455 1.0 0.987569983594 1.09703372972 
3.07307307307 1.0 0.0684659772958 0.0901027784552 
7.6976976977 1.0 0.987812502254 0.936047035083 
4.59459459459 1.0 -0.993070259711 -0.9825667317 
-10.0 1.0 0.544021110889 0.411928217332 
-9.87987987988 1.0 0.439553861488 0.315598143737 
-3.65365365365 1.0 0.489974935275 0.749546837112 
-1.73173173173 1.0 -0.987077824457 -1.31756751511 
-0.0700700700701 1.0 -0.0700127456343 -0.0722784429121 
-5.97597597598 1.0 0.302399804444 0.332194441991 
3.87387387387 1.0 -0.668567805308 -0.668951525401 
0.670670670671 1.0 0.62151153354 0.630949856835 
7.1971971972 1.0 0.791959659904 0.824474059598 
-8.2982982983 1.0 -0.902904601864 -0.872963349906 
7.87787787788 1.0 0.99971449835 0.92264784948 
0.930930930931 1.0 0.802176135594 0.80683232256 
-5.0950950951 1.0 0.927657483133 0.970835329264 
-6.83683683684 1.0 -0.525796755923 -0.546818522911 
2.47247247247 1.0 0.620296125676 0.643949072701 
-1.93193193193 1.0 -0.935496175869 -1.27839140033 
-7.0970970971 1.0 -0.726978798959 -0.754068633891 
7.31731731732 1.0 0.859418901282 0.872346739783 
-5.43543543544 1.0 0.749793457774 0.784773801777 
-0.830830830831 1.0 -0.738491823944 -0.85844870573 
-2.97297297297 1.0 -0.167821766571 -0.114992374025 
0.29029029029 1.0 0.286230381945 0.297505587093 
-6.1961961962 1.0 0.0868794431893 0.106811253644 
3.85385385385 1.0 -0.653546911213 -0.653845449498 
7.55755755756 1.0 0.956387136503 0.927707408506 
7.43743743744 1.0 0.914492625181 0.906675201504 
7.3973973974 1.0 0.897563688968 0.896726652468 
-6.77677677678 1.0 -0.473791717778 -0.49192563543 
-3.49349349349 1.0 0.34468278404 0.591022622687 
-9.05905905906 1.0 -0.357620745349 -0.373132936998 
0.23023023023 1.0 0.228201684929 0.238569210781 
8.3983983984 1.0 0.855429505195 0.753747371499 
2.81281281281 1.0 0.322888465175 0.349581811005 
6.47647647648 1.0 0.19208980849 0.277354508633 
