-9.85985985986 1.0 0.421484671785 -0.445417620785 
6.35635635636 1.0 0.0731057736575 0.168584618245 
-2.81281281281 1.0 -0.322888465175 -0.30801246473 
-2.95295295295 1.0 -0.187522900919 -0.202221254978 
1.89189189189 1.0 0.948890220341 0.936239634996 
4.67467467467 1.0 -0.999288899866 -1.05116805785 
-6.3963963964 1.0 -0.112969411094 -0.176274187566 
-5.4954954955 1.0 0.708725363073 0.0204185021169 
-8.7987987988 1.0 -0.585891056576 -0.415054097251 
-9.55955955956 1.0 0.13437389375 -0.439034868606 
-8.53853853854 1.0 -0.774699305584 -0.403381633885 
-6.53653653654 1.0 -0.250649611665 -0.201154963477 
7.33733733734 1.0 0.869481672757 0.623176213427 
6.83683683684 1.0 0.525796755923 0.479492632653 
1.45145145145 1.0 0.992886849216 0.988026548704 
-7.71771771772 1.0 -0.990730428893 -0.349335644698 
1.65165165165 1.0 0.996732988666 0.98531795915 
-0.0900900900901 1.0 -0.0899682743046 -0.122471388228 
1.23123123123 1.0 0.942899611382 0.948477008778 
3.59359359359 1.0 -0.436766402789 -0.438114940217 
0.870870870871 1.0 0.764890207772 0.785588771808 
-7.63763763764 1.0 -0.976688773762 -0.342301060767 
0.37037037037 1.0 0.361960713579 0.375633575891 
9.35935935936 1.0 0.0653719505576 0.122091473298 
3.13313313313 1.0 0.00845941955822 0.0430017095336 
7.81781781782 1.0 0.999346160464 0.613466110199 
-1.17117117117 1.0 -0.921206900567 -0.997955363755 
-2.37237237237 1.0 -0.695575258639 -0.646148324727 
-6.33633633634 1.0 -0.0531260071326 -0.165093863422 
8.07807807808 1.0 0.974995298193 0.564475808919 
-7.81781781782 1.0 -0.999346160464 -0.357627258342 
-4.29429429429 1.0 0.913864194148 0.255553142722 
-4.77477477477 1.0 0.998054637396 0.189379044921 
-5.7957957958 1.0 0.468320967329 -0.0511911801783 
-8.6986986987 1.0 -0.66394288333 -0.410815629657 
8.23823823824 1.0 0.927077365617 0.523321565432 
-0.13013013013 1.0 -0.1297631736 -0.167410861546 
0.13013013013 1.0 0.1297631736 0.123290919694 
-8.61861861862 1.0 -0.721633711464 -0.407202970798 
-7.07707707708 1.0 -0.713087090062 -0.281724660515 
8.91891891892 1.0 0.484559073218 0.29187472994 
2.29229229229 1.0 0.750818471552 0.753978864221 
-8.87887887888 1.0 -0.519186710331 -0.418235288059 
8.95895895896 1.0 0.449154692451 0.276649497208 
-0.19019019019 1.0 -0.189045659132 -0.234459690015 
-4.33433433433 1.0 0.929384449502 0.252967116704 
-0.39039039039 1.0 -0.380549461752 -0.450501576195 
-4.53453453453 1.0 0.984225545624 0.231041119008 
4.47447447447 1.0 -0.971831589603 -1.03523645475 
-8.15815815816 1.0 -0.9540939133 -0.382027989751 
4.19419419419 1.0 -0.868714740054 -0.928672949857 
4.91491491491 1.0 -0.979561626072 -1.00315586397 
-5.5955955956 1.0 0.634676409709 -0.00389402453664 
-9.03903903904 1.0 -0.376243865658 -0.42407925112 
-1.05105105105 1.0 -0.867945718946 -0.955093231109 
-0.870870870871 1.0 -0.764890207772 -0.860270850419 
5.11511511512 1.0 -0.919995965877 -0.910812847051 
-8.55855855856 1.0 -0.761885650774 -0.404357128011 
2.27227227227 1.0 0.763890524376 0.765843631542 
3.15315315315 1.0 -0.0115602420643 0.0222935749906 
3.99399399399 1.0 -0.752863081707 -0.79824498923 
-8.3983983984 1.0 -0.855429505195 -0.39615868088 
-4.89489489489 1.0 0.983391971377 0.164204466325 
7.11711711712 1.0 0.740579143612 0.581918879724 
0.830830830831 1.0 0.738491823944 0.760151684098 
-1.55155155155 1.0 -0.999814825028 -1.02802813252 
0.03003003003 1.0 0.0300255167065 0.0123653698725 
8.73873873874 1.0 0.633477463068 0.359029252059 
-8.8988988989 1.0 -0.501973484202 -0.419002741295 
-9.51951951952 1.0 0.094599889559 -0.438073450928 
-9.41941941942 1.0 -0.00535851570584 -0.435544089826 
-6.23623623624 1.0 0.046931825201 -0.145774626829 
3.77377377377 1.0 -0.590905760288 -0.612950986693 
-6.8968968969 1.0 -0.575905704393 -0.257494478102 
-4.83483483483 1.0 0.99251286792 0.177075394454 
0.21021021021 1.0 0.208665487323 0.210065223632 
-1.77177177177 1.0 -0.979872320608 -0.977744900278 
-8.67867867868 1.0 -0.678779469621 -0.409931441449 
0.970970970971 1.0 0.825434213842 0.842904012564 
-1.71171171171 1.0 -0.990087845702 -0.99595938241 
-0.49049049049 1.0 -0.471058607419 -0.551248751777 
6.01601601602 1.0 -0.264002216892 -0.135548485588 
-8.77877877878 1.0 -0.601996584369 -0.414230204986 
7.7977977978 1.0 0.998422103411 0.616149377132 
-0.670670670671 1.0 -0.62151153354 -0.714227005504 
0.950950950951 1.0 0.813968289004 0.832168447587 
-8.11811811812 1.0 -0.965318303844 -0.379438842819 
-9.57957957958 1.0 0.154184093352 -0.439505190248 
7.25725725726 1.0 0.827180739833 0.611927403169 
-4.75475475475 1.0 0.999102704803 0.1933387595 
-2.77277277277 1.0 -0.360514923027 -0.339006830812 
3.17317317317 1.0 -0.0315752704827 0.00149871279982 
-2.49249249249 1.0 -0.604469813648 -0.556819808381 
-3.31331331331 1.0 0.170877953796 0.0328598367618 
-3.77377377377 1.0 0.590905760288 0.214607163973 
-5.73573573574 1.0 0.520511228445 -0.0372283131927 
-3.89389389389 1.0 0.683320745574 0.238132180506 
-5.33533533534 1.0 0.812162990678 0.0597718094531 
-9.45945945946 1.0 0.034674546587 -0.43657790891 
-5.41541541542 1.0 0.762889004574 0.0400587041913 
-7.67767767768 1.0 -0.984498672401 -0.345864061968 
-3.93393393393 1.0 0.711999223182 0.243920314925 
-9.17917917918 1.0 -0.243137181641 -0.428671885959 
9.71971971972 1.0 -0.290684124469 -0.0146319698205 
-7.8978978979 1.0 -0.999035835857 -0.363877774834 
1.51151151151 1.0 0.998243169988 0.991003108833 
-8.27827827828 1.0 -0.911328515751 -0.389384504289 
6.87687687688 1.0 0.559424700424 0.497719943227 
4.45445445445 1.0 -0.966918909573 -1.03082632298 
-0.01001001001 1.0 -0.0100098428432 -0.0324827179068 
-1.11111111111 1.0 -0.89619220103 -0.978574605932 
-3.99399399399 1.0 0.752863081707 0.25076817179 
-4.09409409409 1.0 0.81486800406 0.25754112681 
0.0500500500501 1.0 0.0500291567086 0.0347102475832 
7.15715715716 1.0 0.766884055736 0.59187625712 
-2.93293293293 1.0 -0.207148878373 -0.217000686238 
-6.93693693694 1.0 -0.608168751487 -0.263097575103 
7.57757757758 1.0 0.96204298189 0.633526344408 
4.33433433433 1.0 -0.929384449502 -0.993833547988 
-6.21621621622 1.0 0.066919044364 -0.141808886373 
8.57857857858 1.0 0.748766641479 0.416021357032 
8.0980980981 1.0 0.970351253498 0.559738422111 
1.53153153153 1.0 0.999229236959 0.991265908995 
8.998998999 1.0 0.413030320922 0.261345188141 
6.41641641642 1.0 0.132837305145 0.216174593732 
-6.61661661662 1.0 -0.327287278425 -0.214616163869 
7.67767767768 1.0 0.984498672401 0.628510797753 
6.996996997 1.0 0.654719669029 0.545150077195 
5.05505505506 1.0 -0.941862214566 -0.943158636605 
-3.03303303303 1.0 -0.108346513523 -0.144551629484 
-5.63563563564 1.0 0.603233924101 -0.0135139647307 
-6.6966966967 1.0 -0.401827232414 -0.227532831042 
-8.43843843844 1.0 -0.834011915114 -0.398294637617 
-0.33033033033 1.0 -0.32435551719 -0.387360901132 
-7.01701701702 1.0 -0.669720024621 -0.273926511986 
5.87587587588 1.0 -0.396140311588 -0.271130942065 
-5.57557557558 1.0 0.650019222236 0.000940707384046 
-4.49449449449 1.0 0.976354771373 0.236509953311 
0.570570570571 1.0 0.540112324789 0.562042210721 
8.11811811812 1.0 0.965318303844 0.554878680091 
9.25925925926 1.0 0.164763965562 0.160814249829 
-5.01501501502 1.0 0.954557149695 0.137095301832 
-4.01401401401 1.0 0.765888052358 0.25257633172 
-4.31431431431 1.0 0.921809046742 0.254343162418 
9.83983983984 1.0 -0.403246556161 -0.058624206146 
1.77177177177 1.0 0.979872320608 0.96680708748 
-3.83383383383 1.0 0.63826408348 0.227547471472 
4.41441441441 1.0 -0.955933085822 -1.02048970519 
-6.63663663664 1.0 -0.346137843492 -0.217896133685 
-8.5985985986 1.0 -0.735347535638 -0.406267623875 
-0.810810810811 1.0 -0.724845989014 -0.820758150913 
-2.33233233233 1.0 -0.723776968945 -0.674816997249 
3.37337337337 1.0 -0.229710988177 -0.209215887044 
4.69469469469 1.0 -0.999843460211 -1.04993519979 
5.01501501502 1.0 -0.954557149695 -0.962566295786 
-6.996996997 1.0 -0.654719669029 -0.271265924514 
2.39239239239 1.0 0.681053382124 0.690589891475 
-3.53353353353 1.0 0.381982835353 0.138144099349 
-4.73473473473 1.0 0.99975034402 0.197221994719 
-6.81681681682 1.0 -0.508663293061 -0.245903242592 
-1.69169169169 1.0 -0.992701051804 -1.00130176386 
5.03503503504 1.0 -0.948399735659 -0.953082750295 
3.03303303303 1.0 0.108346513523 0.14495753396 
-4.61461461461 1.0 0.995223893414 0.218713275386 
5.75575575576 1.0 -0.503313872361 -0.387968328771 
-3.97397397397 1.0 0.739536372707 0.248725303364 
1.67167167167 1.0 0.994916395419 0.983092066278 
-7.45745745746 1.0 -0.922408976872 -0.325083980367 
5.07507507508 1.0 -0.934947206573 -0.932800809111 
6.13613613614 1.0 -0.146519791772 -0.0227481053909 
-7.15715715716 1.0 -0.766884055736 -0.291702006383 
6.97697697698 1.0 0.639456909771 0.537994579148 
3.89389389389 1.0 -0.683320745574 -0.718724597982 
-4.25425425425 1.0 0.896879023055 0.257457083021 
7.27727727728 1.0 0.838264195546 0.615129912684 
1.69169169169 1.0 0.992701051804 0.980519352627 
9.0990990991 1.0 0.319952035985 0.22282454927 
-4.91491491491 1.0 0.979561626072 0.159802930772 
-3.69369369369 1.0 0.524477262156 0.193571284966 
-1.57157157157 1.0 -0.999999699498 -1.02538344147 
3.11311311311 1.0 0.0284756907485 0.0636147616956 
9.51951951952 1.0 -0.094599889559 0.0606303034979 
-3.57357357357 1.0 0.41867057176 0.153687734926 
-1.15115115115 1.0 -0.91323356617 -0.991950257284 
-4.15415415415 1.0 0.848191426515 0.258999026957 
-7.1971971972 1.0 -0.791959659904 -0.296514692945 
5.995995996 1.0 -0.2832577738 -0.154730300812 
8.35835835836 1.0 0.875475849797 0.488110139143 
0.01001001001 1.0 0.0100098428432 -0.0100362629654 
8.85885885886 1.0 0.536191852752 0.31453406712 
-5.61561561562 1.0 0.61907922661 -0.00871260174272 
1.07107107107 1.0 0.877714248189 0.891026961757 
-1.47147147147 1.0 -0.995071340501 -1.034547275 
1.99199199199 1.0 0.912600742763 0.901937664248 
9.43943943944 1.0 -0.0146609534063 0.091258132932 
-6.5965965966 1.0 -0.308305540605 -0.211302149518 
-7.7977977978 1.0 -0.998422103411 -0.356012250241 
3.33333333333 1.0 -0.190567962875 -0.16690255209 
-0.850850850851 1.0 -0.75184168035 -0.84752670235 
6.73673673674 1.0 0.438160658811 0.428602718873 
-1.23123123123 1.0 -0.942899611382 -1.01325067 
2.61261261261 1.0 0.504653050544 0.528444771454 
-7.3973973974 1.0 -0.897563688968 -0.318893935384 
-0.510510510511 1.0 -0.488622728493 -0.570613653975 
1.55155155155 1.0 0.999814825028 0.991167049197 
-9.5995995996 1.0 0.173932497848 -0.439968715659 
-9.35935935936 1.0 -0.0653719505576 -0.433936084741 
8.51851851852 1.0 0.787202470352 0.43650570405 
2.59259259259 1.0 0.521834495241 0.544411755853 
6.67667667668 1.0 0.38341529066 0.394434877435 
2.03203203203 1.0 0.895503224543 0.886043381859 
7.01701701702 1.0 0.669720024621 0.552008993651 
1.59159159159 1.0 0.999783786273 0.989892164746 
-8.81881881882 1.0 -0.569550710787 -0.415866399982 
7.75775775776 1.0 0.995374053792 0.620995980714 
6.63663663664 1.0 0.346137843492 0.370160054476 
-4.07407407407 1.0 0.803100948886 0.256631982841 
-2.79279279279 1.0 -0.341770182763 -0.323480175182 
-7.55755755756 1.0 -0.956387136503 -0.334893028583 
-7.35735735736 1.0 -0.879195966573 -0.314636210344 
-5.21521521522 1.0 0.87622408965 0.0892505471495 
5.83583583584 1.0 -0.432577348176 -0.310155150954 
-9.13913913914 1.0 -0.281770446506 -0.42740644526 
4.85485485485 1.0 -0.989868890237 -1.02184774169 
-2.61261261261 1.0 -0.504653050544 -0.464112501948 
0.810810810811 1.0 0.724845989014 0.746906407128 
-1.49149149149 1.0 -0.996857019318 -1.0335340786 
-3.25325325325 1.0 0.111428711879 -0.00140709574003 
-3.59359359359 1.0 0.436766402789 0.161037070782 
8.47847847848 1.0 0.811257411747 0.449843242979 
-1.91191191191 1.0 -0.942382045726 -0.923112606246 
9.53953953954 1.0 -0.114509838728 0.0530131303997 
-0.45045045045 1.0 -0.435371096772 -0.511698256646 
-2.29229229229 1.0 -0.750818471552 -0.70281171011 
-3.19319319319 1.0 0.0515776439174 -0.0378585433936 
-7.37737737738 1.0 -0.888557889358 -0.316778339623 
6.15615615616 1.0 -0.126687794244 -0.0044233869371 
-8.0980980981 1.0 -0.970351253498 -0.37811764548 
1.43143143143 1.0 0.99030442098 0.986299333464 
-8.93893893894 1.0 -0.466950456861 -0.420505261057 
-2.87287287287 1.0 -0.265497380359 -0.262063265221 
-0.47047047047 1.0 -0.453305691794 -0.531606351806 
-5.3953953954 1.0 0.775678794758 0.0449839172243 
1.01101101101 1.0 0.84736912878 0.863269161257 
0.630630630631 1.0 0.589654207656 0.612549350527 
8.55855855856 1.0 0.761885650774 0.422910052226 
-5.03503503504 1.0 0.948399735659 0.132433526902 
0.41041041041 1.0 0.398985690337 0.414946306965 
4.29429429429 1.0 -0.913864194148 -0.977572974003 
8.63863863864 1.0 0.707630665292 0.395019414567 
8.71871871872 1.0 0.648840196822 0.366315971893 
-3.07307307307 1.0 -0.0684659772958 -0.116704906979 
-5.65565565566 1.0 0.587146852786 -0.0182970951297 
-6.0960960961 1.0 0.185999691898 -0.117315144973 
-8.25825825826 1.0 -0.919387180273 -0.388200023344 
2.87287287287 1.0 0.265497380359 0.300844547988 
-9.4994994995 1.0 0.0746520259067 -0.437582158899 
-2.51251251251 1.0 -0.588401237484 -0.541545936566 
7.03703703704 1.0 0.684451964588 0.55857301993 
-2.21221221221 1.0 -0.801249393857 -0.756508086946 
1.17117117117 1.0 0.921206900567 0.929770796958 
2.07207207207 1.0 0.876970223046 0.868935778418 
1.03103103103 1.0 0.857829327634 0.872895240744 
-8.01801801802 1.0 -0.986576173517 -0.372650358678 
-9.33933933934 1.0 -0.0853347124856 -0.433384379264 
3.43343343343 1.0 -0.28771565565 -0.272508762269 
3.05305305305 1.0 0.0884239650333 0.124803508731 
1.27127127127 1.0 0.955476737061 0.959053873372 
-3.05305305305 1.0 -0.0884239650333 -0.130539117076 
-0.37037037037 1.0 -0.361960713579 -0.429653576639 
0.590590590591 1.0 0.556851671602 0.579177744589 
4.35435435435 1.0 -0.936587366299 -1.00123685411 
5.27527527528 1.0 -0.845718424022 -0.807074354378 
0.510510510511 1.0 0.488622728493 0.50890466535 
6.23623623624 1.0 -0.046931825201 0.0671767092279 
-1.67167167167 1.0 -0.994916395419 -1.00627187235 
-6.31631631632 1.0 -0.0331249483513 -0.161298335955 
0.33033033033 1.0 0.32435551719 0.335422384739 
-4.85485485485 1.0 0.989868890237 0.172843812095 
8.2982982983 1.0 0.902904601864 0.506134172561 
2.77277277277 1.0 0.360514923027 0.392560099955 
-1.01101101101 1.0 -0.84736912878 -0.93716411333 
-4.27427427427 1.0 0.905553075921 0.256592602744 
-0.610610610611 1.0 -0.573367839051 -0.662883163879 
-8.03803803804 1.0 -0.983109384216 -0.37404498884 
-4.99499499499 1.0 0.960331988856 0.141720645618 
-6.73673673674 1.0 -0.438160658811 -0.233789152038 
7.37737737738 1.0 0.888557889358 0.627271266567 
-1.29129129129 1.0 -0.961192106815 -1.02449650469 
-2.03203203203 1.0 -0.895503224543 -0.863869958532 
3.45345345345 1.0 -0.306830209454 -0.293515245552 
-8.05805805806 1.0 -0.979248576653 -0.375420934615 
4.87487487487 1.0 -0.986828185163 -1.01610046031 
3.63363363363 1.0 -0.472425730458 -0.478292562097 
-4.47447447447 1.0 0.971831589603 0.239056144369 
-7.93793793794 1.0 -0.996477739177 -0.366880569623 
4.93493493493 1.0 -0.975338684403 -0.995967822413 
-7.41741741742 1.0 -0.906209755988 -0.320983243343 
-5.23523523524 1.0 0.866401418913 0.0843584984528 
-9.67967967968 1.0 0.252150304413 -0.441756734132 
-8.45845845846 1.0 -0.822799547447 -0.399340572661 
5.41541541542 1.0 -0.762889004574 -0.698311633956 
-9.43943943944 1.0 0.0146609534063 -0.43606474725 
2.19219219219 1.0 0.813066617154 0.810518879635 
-2.55255255255 1.0 -0.555563147622 -0.510755234043 
-2.65265265265 1.0 -0.469690351946 -0.432831800503 
5.91591591592 1.0 -0.359068265792 -0.232156586654 
4.49449449449 1.0 -0.976354771373 -1.0391380835 
-9.1991991992 1.0 -0.223670498102 -0.429291087704 
8.7987987988 1.0 0.585891056576 0.336935902505 
0.25025025025 1.0 0.247646422081 0.252567730188 
-0.25025025025 1.0 -0.247646422081 -0.300757484544 
-2.89289289289 1.0 -0.246143932464 -0.246931050932 
-4.21421421421 1.0 0.878456163293 0.258643273385 
-7.11711711712 1.0 -0.740579143612 -0.286772609887 
2.11211211211 1.0 0.857031446499 0.850633584751 
6.45645645646 1.0 0.172405433055 0.246637444029 
0.690690690691 1.0 0.637069722791 0.660279909187 
-1.37137137137 1.0 -0.980180659514 -1.03328690902 
1.37137137137 1.0 0.980180659514 0.978891547177 
3.81381381381 1.0 -0.622725447279 -0.649334781297 
9.87987987988 1.0 -0.439553861488 -0.0730592799725 
0.27027027027 1.0 0.266991905564 0.273563848892 
7.2972972973 1.0 0.849011685183 0.618070130466 
8.5985985986 1.0 0.735347535638 0.409075173626 
-6.75675675676 1.0 -0.456067581459 -0.236867269656 
-6.85685685686 1.0 -0.542719485852 -0.251763528458 
8.6986986987 1.0 0.66394288333 0.373560442924 
7.13713713714 1.0 0.753882673169 0.587038563345 
3.29329329329 1.0 -0.151119458915 -0.124594156044 
1.85185185185 1.0 0.960763202681 0.947735922715 
-7.21721721722 1.0 -0.804023831509 -0.298877854796 
5.71571571572 1.0 -0.537499969971 -0.426561375825 
6.71671671672 1.0 0.42007812671 0.417514600184 
-5.25525525526 1.0 0.856231505045 0.07945547239 
-7.85785785786 1.0 -0.999992487454 -0.360793953468 
4.57457457457 1.0 -0.990518615549 -1.0496269182 
2.97297297297 1.0 0.167821766571 0.204592981837 
-6.37637637638 1.0 -0.0930562402792 -0.172581843755 
-9.3993993994 1.0 -0.0253758371902 -0.435015831488 
-5.995995996 1.0 0.2832577738 -0.0960154022601 
-9.63963963964 1.0 0.213212289782 -0.440875756052 
-2.69269269269 1.0 -0.433974744115 -0.401498801702 
-0.15015015015 1.0 -0.149586594914 -0.189821698939 
-2.67267267267 1.0 -0.451923110669 -0.417166666743 
4.39439439439 1.0 -0.949864345085 -1.01456861848 
6.1961961962 1.0 -0.0868794431893 0.0317338251302 
-8.35835835836 1.0 -0.875475849797 -0.393962693319 
-1.03103103103 1.0 -0.857829327634 -0.946355624731 
-2.25225225225 1.0 -0.776656419186 -0.730064023596 
0.43043043043 1.0 0.417262010319 0.434246490341 
-8.998998999 1.0 -0.413030320922 -0.422680211807 
2.17217217217 1.0 0.824557973258 0.820980682992 
-8.31831831832 1.0 -0.894118814814 -0.391705151669 
-8.95895895896 1.0 -0.449154692451 -0.421240614274 
-2.43243243243 1.0 -0.651196684992 -0.60203750133 
2.09209209209 1.0 0.867174611281 0.859932846379 
4.95495495495 1.0 -0.970724838874 -0.988309305479 
1.41141141141 1.0 0.987325090799 0.984202013651 
-3.67367367367 1.0 0.507327764109 0.187623571556 
2.41241241241 1.0 0.666258547712 0.677114757143 
2.71271271271 1.0 0.415852445773 0.445162820767 
-9.47947947948 1.0 0.054674242632 -0.437083678625 
-4.03403403403 1.0 0.778606064409 0.25415368348 
6.91691691692 1.0 0.592155892373 0.514733950225 
6.77677677678 1.0 0.473791717778 0.449870445371 
-0.21021021021 1.0 -0.208665487323 -0.256660234325 
0.49049049049 1.0 0.471058607419 0.490635247948 
7.35735735736 1.0 0.879195966573 0.62534848461 
0.45045045045 1.0 0.435371096772 0.453299397806 
4.63463463463 1.0 -0.996978653508 -1.05209485256 
-5.17517517518 1.0 0.894812095251 0.0989936096299 
-4.37437437437 1.0 0.943414910292 0.249734597639 
9.85985985986 1.0 -0.421484671785 -0.0658568040556 
4.53453453453 1.0 -0.984225545624 -1.04540864701 
-2.71271271271 1.0 -0.415852445773 -0.385838557074 
-2.75275275275 1.0 -0.379115173303 -0.35458227286 
-5.2952952953 1.0 0.834866389361 0.0696242442188 
7.5975975976 1.0 0.967313252172 0.632931451193 
-2.57257257257 1.0 -0.53880679503 -0.495258418192 
8.15815815816 1.0 0.9540939133 0.544804460478 
7.91791791792 1.0 0.997956771974 0.597589021362 
-4.93493493493 1.0 0.975338684403 0.155350863083 
-4.19419419419 1.0 0.868714740054 0.258956087161 
4.89489489489 1.0 -0.983391971377 -1.00986833948 
1.95195195195 1.0 0.928235370545 0.916599604419 
-1.09109109109 1.0 -0.887131000257 -0.971203194462 
6.61661661662 1.0 0.327287278425 0.357579010141 
7.97797797798 1.0 0.992322298019 0.586217051292 
9.57957957958 1.0 -0.154184093352 0.0378332423051 
5.85585585586 1.0 -0.41444188151 -0.290642760743 
-5.83583583584 1.0 0.432577348176 -0.0603759925364 
0.17017017017 1.0 0.169350063744 0.166946268501 
0.0700700700701 1.0 0.0700127456343 0.056986643498 
-0.970970970971 1.0 -0.825434213842 -0.917424983884 
3.61361361361 1.0 -0.454687183165 -0.458282636453 
-1.85185185185 1.0 -0.960763202681 -0.948535164325 
-9.83983983984 1.0 0.403246556161 -0.445034246489 
2.35235235235 1.0 0.709818357066 0.716749598237 
2.25225225225 1.0 0.776656419186 0.777432222628 
-8.1981981982 1.0 -0.941340119153 -0.384547544987 
5.31531531532 1.0 -0.823679750423 -0.777547981546 
4.43443443443 1.0 -0.961618700226 -1.02590989472 
-7.13713713714 1.0 -0.753882673169 -0.289252012872 
-4.35435435435 1.0 0.936587366299 0.251429451168 
-4.81481481481 1.0 0.994759058541 0.181243989208 
-5.67567567568 1.0 0.570824460166 -0.023061014808 
9.03903903904 1.0 0.376243865658 0.245975095729 
-6.67667667668 1.0 -0.38341529066 -0.224354353301 
5.17517517518 1.0 -0.894812095251 -0.874765549232 
-9.65965965966 1.0 0.232727934358 -0.441319457115 
-1.63163163163 1.0 -0.998150103477 -1.01507732562 
-3.37337337337 1.0 0.229710988177 0.0648215520196 
9.33933933934 1.0 0.0853347124856 0.129823802287 
-7.51751751752 1.0 -0.943927941216 -0.331044084934 
4.55455455455 1.0 -0.987569983594 -1.04777480829 
-5.07507507508 1.0 0.934947206573 0.123011123483 
4.21421421421 1.0 -0.878456163293 -0.939373438669 
5.35535535536 1.0 -0.800320725902 -0.746740472707 
7.05705705706 1.0 0.698909584547 0.564843989335 
9.11911911912 1.0 0.30092154409 0.215088415497 
6.25625625626 1.0 -0.0269257963344 0.0846095501325 
-6.2962962963 1.0 -0.0131106134944 -0.157468547841 
7.21721721722 1.0 0.804023831509 0.604723375242 
-2.91291291291 1.0 -0.226691833081 -0.231907043245 
5.63563563564 1.0 -0.603233924101 -0.502624534284 
5.8958958959 1.0 -0.377679973455 -0.251631617915 
-5.55555555556 1.0 0.665101514979 0.00579049248544 
-5.81581581582 1.0 0.450539443112 -0.05579643248 
5.33533533534 1.0 -0.812162990678 -0.762299197396 
5.5955955956 1.0 -0.634676409709 -0.539895714762 
-5.93593593594 1.0 0.340312647942 -0.0828665747245 
-9.6996996997 1.0 0.271471615699 -0.442187677148 
-7.61761761762 1.0 -0.972195835089 -0.340484672193 
-3.39339339339 1.0 0.249148316352 0.0749460688271 
3.79379379379 1.0 -0.606937230307 -0.631274351026 
1.83183183183 1.0 0.96612325186 0.952997578125 
-3.73373373373 1.0 0.558138856901 0.204636720608 
5.1951951952 1.0 -0.885695580449 -0.861965028547 
-8.47847847848 1.0 -0.811257411747 -0.400372058315 
5.65565565566 1.0 -0.587146852786 -0.483780217419 
-7.27727727728 1.0 -0.838264195546 -0.305797462542 
-2.45245245245 1.0 -0.635873830576 -0.587075286509 
-6.91691691692 1.0 -0.592155892373 -0.260311912442 
-9.97997997998 1.0 0.527114985665 -0.447603516084 
-9.7997997998 1.0 0.366292850383 -0.444250452266 
8.17817817818 1.0 0.947906971008 0.539596067026 
4.05405405405 1.0 -0.791012020637 -0.841627486963 
-7.87787787788 1.0 -0.99971449835 -0.362346107427 
9.91991991992 1.0 -0.475156566095 -0.0873714888258 
1.25125125125 1.0 0.949378423874 0.953954698038 
-1.87187187187 1.0 -0.955018091318 -0.940386986595 
1.73173173173 1.0 0.987077824457 0.974342760627 
-9.15915915916 1.0 -0.26250641876 -0.428043713018 
-5.47547547548 1.0 0.722706208904 0.0253166123668 
-2.13213213213 1.0 -0.846544793956 -0.806721179745 
9.7997997998 1.0 -0.366292850383 -0.0440711331332 
-1.89189189189 1.0 -0.948890220341 -0.931910993387 
-1.41141141141 1.0 -0.987325090799 -1.0350698051 
4.99499499499 1.0 -0.960331988856 -0.97160270594 
-1.19119119119 1.0 -0.928811026462 -1.00350635995 
-2.19219219219 1.0 -0.813066617154 -0.769407164003 
4.27427427427 1.0 -0.905553075921 -0.968725039374 
-6.51651651652 1.0 -0.231219739195 -0.197703943429 
-7.65765765766 1.0 -0.980790267476 -0.344094109692 
1.79179179179 1.0 0.975679725882 0.962535613625 
-0.790790790791 1.0 -0.710909644644 -0.806743912491 
-0.710710710711 1.0 -0.65237258226 -0.746625888794 
9.47947947948 1.0 -0.054674242632 0.0759143669655 
5.47547547548 1.0 -0.722706208904 -0.647486204527 
-7.23723723724 1.0 -0.81576576016 -0.301212544448 
-1.43143143143 1.0 -0.99030442098 -1.0353185978 
-7.43743743744 1.0 -0.914492625181 -0.323046509566 
9.21921921922 1.0 0.204114170152 0.176328925925 
1.31131131131 1.0 0.966522242485 0.968118506625 
7.61761761762 1.0 0.972195835089 0.632128870923 
0.19019019019 1.0 0.189045659132 0.188577888628 
7.41741741742 1.0 0.906209755988 0.63038171063 
9.65965965966 1.0 -0.232727934358 0.00771644379727 
3.27327327327 1.0 -0.131300397197 -0.103467530209 
-0.630630630631 1.0 -0.589654207656 -0.680352119817 
6.21621621622 1.0 -0.066919044364 0.0495487736737 
1.97197197197 1.0 0.920602539794 0.909423876613 
0.550550550551 1.0 0.523156507537 0.544614273801 
0.0900900900901 1.0 0.0899682743046 0.0791830448206 
3.83383383383 1.0 -0.63826408348 -0.667121039139 
2.79279279279 1.0 0.341770182763 0.374609803811 
-1.27127127127 1.0 -0.955476737061 -1.02119484951 
4.07407407407 1.0 -0.803100948886 -0.855311104869 
0.770770770771 1.0 0.69668837635 0.719378865045 
4.75475475475 1.0 -0.999102704803 -1.04317607745 
-8.63863863864 1.0 -0.707630665292 -0.408125277549 
-5.1951951952 1.0 0.885695580449 0.0941296074163 
4.71471471471 1.0 -0.999997295481 -1.0481910774 
-0.35035035035 1.0 -0.343226895963 -0.408602342644 
-9.27927927928 1.0 -0.144985860003 -0.431680602983 
-9.91991991992 1.0 0.475156566095 -0.44653460833 
-1.51151151151 1.0 -0.998243169988 -1.03210732201 
-6.01601601602 1.0 0.264002216892 -0.10033789288 
8.53853853854 1.0 0.774699305584 0.429738949161 
-1.21121121121 1.0 -0.936042896216 -1.00860434699 
-6.43643643644 1.0 -0.152651959622 -0.18355541641 
-6.17617617618 1.0 0.106805021793 -0.133776692823 
2.63263263263 1.0 0.487269347053 0.512243700356 
-0.27027027027 1.0 -0.266991905564 -0.322627335456 
9.8998998999 1.0 -0.45744688336 -0.0802310350481 
-0.930930930931 1.0 -0.802176135594 -0.895890700208 
-6.41641641642 1.0 -0.132837305145 -0.179932051617 
-3.43343343343 1.0 0.28771565565 0.0943833393288 
5.73573573574 1.0 -0.520511228445 -0.407301278359 
2.37237237237 1.0 0.695575258639 0.703802266111 
8.65865865866 1.0 0.693344009372 0.387914291703 
-1.83183183183 1.0 -0.96612325186 -0.956350210484 
8.43843843844 1.0 0.834011915114 0.462903238762 
4.51451451451 1.0 -0.980486642048 -1.04252933103 
-3.35335335335 1.0 0.210181594637 0.0544301635669 
-7.53753753754 1.0 -0.950347982805 -0.332980838579 
-8.85885885886 1.0 -0.536191852752 -0.417456845371 
2.69269269269 1.0 0.433974744115 0.462267786405 
9.45945945946 1.0 -0.034674546587 0.0835792927251 
0.750750750751 1.0 0.682187883844 0.70510375143 
9.17917917918 1.0 0.243137181641 0.191842827682 
-5.11511511512 1.0 0.919995965877 0.11347367805 
7.0970970971 1.0 0.726978798959 0.576514760681 
3.73373373373 1.0 -0.558138856901 -0.575561034614 
0.710710710711 1.0 0.65237258226 0.675550130451 
7.17717717718 1.0 0.779578080518 0.596434510346 
-5.51551551552 1.0 0.694460468753 0.0155306005279 
9.13913913914 1.0 0.281770446506 0.207345122805 
6.31631631632 1.0 0.0331249483513 0.135660984219 
5.81581581582 1.0 -0.450539443112 -0.329656077884 
9.95995995996 1.0 -0.509997599178 -0.101556261199 
-0.0500500500501 1.0 -0.0500291567086 -0.0774613829068 
-8.21821821822 1.0 -0.934395989648 -0.385781746409 
-6.71671671672 1.0 -0.42007812671 -0.230677719434 
-3.21321321321 1.0 0.0715593456609 -0.0254738502866 
5.95595595596 1.0 -0.32142063693 -0.193325898019 
6.8968968969 1.0 0.575905704393 0.506378284197 
-5.71571571572 1.0 0.537499969971 -0.0325275053521 
-8.17817817818 1.0 -0.947906971008 -0.38329636177 
-0.570570570571 1.0 -0.540112324789 -0.626929642471 
-6.95695695696 1.0 -0.623937863975 -0.265851663164 
2.45245245245 1.0 0.635873830576 0.649385504461 
-3.75375375375 1.0 0.574637462441 0.20975783609 
-9.11911911912 1.0 -0.30092154409 -0.426759957555 
6.95695695696 1.0 0.623937863975 0.530540956663 
7.07707707708 1.0 0.713087090062 0.57082387046 
4.37437437437 1.0 -0.943414910292 -1.00814982757 
1.91191191191 1.0 0.942382045726 0.93000992057 
3.97397397397 1.0 -0.739536372707 -0.783037004222 
7.45745745746 1.0 0.922408976872 0.632534630455 
9.97997997998 1.0 -0.527114985665 -0.108599508707 
0.530530530531 1.0 0.505991015532 0.526899751011 
2.01201201201 1.0 0.904233186475 0.894143370443 
6.85685685686 1.0 0.542719485852 0.488758229013 
-7.2972972973 1.0 -0.849011685183 -0.308048171953 
-4.95495495495 1.0 0.970724838874 0.150851213746 
-0.29029029029 1.0 -0.286230381945 -0.344360104617 
2.43243243243 1.0 0.651196684992 0.663379177463 
-1.97197197197 1.0 -0.920602539794 -0.894838965136 
4.65465465465 1.0 -0.998333836705 -1.05188828962 
6.81681681682 1.0 0.508663293061 0.469922841457 
6.0960960961 1.0 -0.185999691898 -0.0598439179144 
3.21321321321 1.0 -0.0715593456609 -0.0403165817589 
5.93593593594 1.0 -0.340312647942 -0.21271750945 
8.61861861862 1.0 0.721633711464 0.402073778463 
6.11611611612 1.0 -0.166293065952 -0.0412247584423 
9.55955955956 1.0 -0.13437389375 0.0454138014525 
0.910910910911 1.0 0.790062479764 0.809601427764 
-9.73973973974 1.0 0.309780130585 -0.443030915499 
1.33133133133 1.0 0.971465007816 0.972085218324 
4.13413413413 1.0 -0.837417761709 -0.89391152697 
8.31831831832 1.0 0.894118814814 0.500215435882 
-6.05605605606 1.0 0.225181436261 -0.108889770594 
4.25425425425 1.0 -0.896879023055 -0.959405435653 
-0.03003003003 1.0 -0.0300255167065 -0.054961864168 
7.53753753754 1.0 0.950347982805 0.634078773272 
6.6966966967 1.0 0.401827232414 0.406124904534 
-1.65165165165 1.0 -0.996732988666 -1.01086520135 
1.13113113113 1.0 0.904894218889 0.915406255673 
8.8988988989 1.0 0.501973484202 0.299453409556 
-0.910910910911 1.0 -0.790062479764 -0.884456667034 
1.19119119119 1.0 0.928811026462 0.936385116977 
5.4954954955 1.0 -0.708725363073 -0.63006502406 
8.41841841842 1.0 0.844890020967 0.469322936354 
2.49249249249 1.0 0.604469813648 0.620633513865 
9.73973973974 1.0 -0.309780130585 -0.0220316638791 
-9.75975975976 1.0 0.328751980598 -0.443443385098 
-8.91891891892 1.0 -0.484559073218 -0.419759350904 
-7.997997998 1.0 -0.989647555109 -0.371236824049 
0.47047047047 1.0 0.453305691794 0.472097940505 
-0.590590590591 1.0 -0.556851671602 -0.645072383729 
-8.57857857858 1.0 -0.748766641479 -0.405319066848 
-7.77777777778 1.0 -0.997097890944 -0.354375821804 
-0.750750750751 1.0 -0.682187883844 -0.777484148555 
-1.25125125125 1.0 -0.949378423874 -1.01744690559 
-2.39239239239 1.0 -0.681053382124 -0.631583330463 
-7.03703703704 1.0 -0.684451964588 -0.276556352778 
8.83883883884 1.0 0.552982096013 0.322032422853 
9.31931931932 1.0 0.105263273301 0.137563443174 
-7.5975975976 1.0 -0.967313252172 -0.338644700277 
-9.61961961962 1.0 0.193611192318 -0.440425539712 
4.01401401401 1.0 -0.765888052358 -0.813085539194 
6.03603603604 1.0 -0.244640851113 -0.116458455261 
-9.2992992993 1.0 -0.125149645879 -0.432256751085 
9.05905905906 1.0 0.357620745349 0.238269407458 
-1.07107107107 1.0 -0.877714248189 -0.96337596547 
-2.99299299299 1.0 -0.148053371305 -0.173079344365 
2.83283283283 1.0 0.303877337824 0.33811072045 
8.01801801802 1.0 0.986576173517 0.577922459133 
6.53653653654 1.0 0.250649611665 0.304353411761 
2.65265265265 1.0 0.469690351946 0.495811663698 
3.31331331331 1.0 -0.170877953796 -0.145742544539 
-9.37937937938 1.0 -0.0453829883483 -0.434479865743 
-8.83883883884 1.0 -0.552982096013 -0.416667265736 
5.43543543544 1.0 -0.749793457774 -0.681621067492 
5.77577577578 1.0 -0.485914794209 -0.368574921996 
-5.05505505506 1.0 0.941862214566 0.12773794679 
-2.85285285285 1.0 -0.284744420138 -0.27729408688 
5.6956956957 1.0 -0.554273288059 -0.445736194853 
-5.87587587588 1.0 0.396140311588 -0.0694554473542 
7.93793793794 1.0 0.996477739177 0.593945430102 
2.75275275275 1.0 0.379115173303 0.410305094519 
-4.69469469469 1.0 0.999843460211 0.204744838447 
-6.7967967968 1.0 -0.491325964149 -0.242924157441 
8.4984984985 1.0 0.799390133963 0.443207939219 
6.43643643644 1.0 0.152651959622 0.231535917433 
7.73773773774 1.0 0.993251282848 0.623152290958 
-5.45545545546 1.0 0.736397402892 0.0302236060141 
0.730730730731 1.0 0.667413978747 0.690492824005 
6.51651651652 1.0 0.231219739195 0.2903364204 
-4.67467467467 1.0 0.999288899866 0.208377198312 
4.23423423423 1.0 -0.887845512006 -0.949619637439 
6.07607607608 1.0 -0.205631771434 -0.0785959059366 
0.610610610611 1.0 0.573367839051 0.596015261854 
5.61561561562 1.0 -0.61907922661 -0.521333826454 
-2.27227227227 1.0 -0.763890524376 -0.716534843748 
3.19319319319 1.0 -0.0515776439174 -0.0193742829416 
-7.47747747748 1.0 -0.929955638285 -0.327095902204 
-5.31531531532 1.0 0.823679750423 0.0646997784079 
9.81981981982 1.0 -0.384846824231 -0.0513621037227 
-2.53253253253 1.0 -0.572096837274 -0.526187757567 
-3.85385385385 1.0 0.653546911213 0.231333610717 
-4.41441441441 1.0 0.955933085822 0.24589095986 
-2.47247247247 1.0 -0.620296125676 -0.571999509835 
-8.13813813814 1.0 -0.959898466376 -0.380742220227 
-2.01201201201 1.0 -0.904233186475 -0.874482422313 
3.23323323323 1.0 -0.0915123672906 -0.061319120544 
1.75175175175 1.0 0.983672194447 0.970743610735 
-2.05205205205 1.0 -0.886414355831 -0.852976360236 
4.17417417417 1.0 -0.858625146533 -0.917524594912 
0.31031031031 1.0 0.305354140677 0.314999984787 
1.29129129129 1.0 0.961192106815 0.963774956304 
-0.950950950951 1.0 -0.813968289004 -0.906881074774 
-5.35535535536 1.0 0.800320725902 0.0548420674651 
-9.21921921922 1.0 -0.204114170152 -0.429901440375 
-8.07807807808 1.0 -0.974995298193 -0.376778414519 
-6.11611611612 1.0 0.166293065952 -0.121479594524 
2.93293293293 1.0 0.207148878373 0.243595101322 
7.71771771772 1.0 0.990730428893 0.625125897624 
2.85285285285 1.0 0.284744420138 0.31957110562 
7.63763763764 1.0 0.976688773762 0.631122182508 
-0.43043043043 1.0 -0.417262010319 -0.49153652734 
3.95395395395 1.0 -0.725913266541 -0.767471104633 
7.8978978979 1.0 0.999035835857 0.601081084017 
7.85785785786 1.0 0.999992487454 0.607597082756 
4.83483483483 1.0 -0.99251286792 -1.02710600454 
5.53553553554 1.0 -0.679917243139 -0.594573987028 
-9.01901901902 1.0 -0.39471619201 -0.423384733022 
4.03403403403 1.0 -0.778606064409 -0.827549378832 
-4.79479479479 1.0 0.996606561851 0.185346319746 
-6.35635635636 1.0 -0.0731057736575 -0.168855053299 
-3.11311311311 1.0 -0.0284756907485 -0.0896020912559 
5.0950950951 1.0 -0.927657483133 -0.922016406254 
6.05605605606 1.0 -0.225181436261 -0.0974708027852 
-3.81381381381 1.0 0.622725447279 0.223499490648 
3.57357357357 1.0 -0.41867057176 -0.417801332594 
7.51751751752 1.0 0.943927941216 0.634029178736 
-8.73873873874 1.0 -0.633477463068 -0.412547033106 
-7.97797797798 1.0 -0.992322298019 -0.369804163333 
-0.23023023023 1.0 -0.228201684929 -0.278763973286 
-7.33733733734 1.0 -0.869481672757 -0.312467302301 
-2.35235235235 1.0 -0.709818357066 -0.66056252918 
6.55655655656 1.0 0.269979026825 0.318089397956 
-0.730730730731 1.0 -0.667413978747 -0.76225137371 
-1.33133133133 1.0 -0.971465007816 -1.02976992708 
-2.41241241241 1.0 -0.666258547712 -0.616876642462 
9.2992992993 1.0 0.125149645879 0.145309209816 
6.93693693694 1.0 0.608168751487 0.522787822182 
3.47347347347 1.0 -0.325821789448 -0.314457445744 
1.57157157157 1.0 0.999999699498 0.990708465684 
5.97597597598 1.0 -0.302399804444 -0.173993102687 
6.65665665666 1.0 0.36484968073 0.382446011961 
8.03803803804 1.0 0.983109384216 0.57357099637 
8.33833833834 1.0 0.884974675839 0.494206517675 
6.75675675676 1.0 0.456067581459 0.439388256722 
-2.23223223223 1.0 -0.789111039566 -0.743391099822 
-4.23423423423 1.0 0.887845512006 0.258142124437 
-0.11011011011 1.0 -0.109887744787 -0.144956399906 
5.51551551552 1.0 -0.694460468753 -0.61242365466 
2.99299299299 1.0 0.148053371305 0.184859047742 
-3.23323323323 1.0 0.0915123672906 -0.0133215598359 
10.0 1.0 -0.544021110889 -0.115609312267 
-9.07907907908 1.0 -0.338854295004 -0.425438814157 
2.13213213213 1.0 0.846544793956 0.841040288364 
3.93393393393 1.0 -0.711999223182 -0.751557046635 
-3.27327327327 1.0 0.131300397197 0.0102644328519 
-5.95595595596 1.0 0.32142063693 -0.0872793067292 
1.47147147147 1.0 0.995071340501 0.989385165856 
-7.4974974975 1.0 -0.93712958481 -0.329082521577 
-3.17317317317 1.0 0.0315752704827 -0.0504699046638 
-5.27527527528 1.0 0.845718424022 0.0745434222276 
9.93993993994 1.0 -0.492675811867 -0.0944800790041 
5.25525525526 1.0 -0.856231505045 -0.821331795279 
0.35035035035 1.0 0.343226895963 0.355636321926 
6.2962962963 1.0 0.0131106134944 0.118859049662 
-3.95395395395 1.0 0.725913266541 0.246443919517 
-8.71871871872 1.0 -0.648840196822 -0.411687439823 
1.09109109109 1.0 0.887131000257 0.899530141572 
4.97497497497 1.0 -0.965721938658 -0.980185703826 
7.23723723724 1.0 0.81576576016 0.608459551016 
-3.63363363363 1.0 0.472425730458 0.174891345034 
-8.4984984985 1.0 -0.799390133963 -0.401389276965 
-8.41841841842 1.0 -0.844890020967 -0.397234069009 
-6.03603603604 1.0 0.244640851113 -0.104629473266 
7.997997998 1.0 0.989647555109 0.582138892068 
-7.31731731732 1.0 -0.859418901282 -0.310271370826 
-2.31231231231 1.0 -0.737445499834 -0.688902936091 
3.35335335335 1.0 -0.210181594637 -0.188063840729 
-5.15515515516 1.0 0.903569980268 0.103840424871 
8.13813813814 1.0 0.959898466376 0.549899673424 
-1.53153153153 1.0 -0.999229236959 -1.03027073191 
-0.990990990991 1.0 -0.836569314705 -0.927520009656 
1.05105105105 1.0 0.867945718946 0.8821482797 
-9.25925925926 1.0 -0.164763965562 -0.431096079578 
9.23923923924 1.0 0.184476035731 0.168571024223 
5.57557557558 1.0 -0.650019222236 -0.558297869655 
2.89289289289 1.0 0.246143932464 0.28193613026 
-4.43443443443 1.0 0.961618700226 0.243750933358 
-4.59459459459 1.0 0.993070259711 0.221958862246 
-9.71971971972 1.0 0.290684124469 -0.442612375035 
1.39139139139 1.0 0.983950052752 0.981733184336 
0.890890890891 1.0 0.777632176518 0.7977745475 
-8.97897897898 1.0 -0.431178912314 -0.421965551438 
-6.87687687688 1.0 -0.559424700424 -0.254645079432 
-9.95995995996 1.0 0.509997599178 -0.44725242945 
9.75975975976 1.0 -0.328751980598 -0.0294052286191 
2.33233233233 1.0 0.723776968945 0.729429630744 
2.31231231231 1.0 0.737445499834 0.74184012671 
8.27827827828 1.0 0.911328515751 0.511959972078 
-2.73273273273 1.0 -0.397563478837 -0.370196274801 
9.5995995996 1.0 -0.173932497848 0.0302723563791 
8.21821821822 1.0 0.934395989648 0.528851676685 
-7.83783783784 1.0 -0.999869691753 -0.359221081389 
-7.05705705706 1.0 -0.698909584547 -0.279155662665 
2.95295295295 1.0 0.187522900919 0.224173728333 
-5.85585585586 1.0 0.41444188151 -0.0649292052814 
-3.55355355355 1.0 0.400406942668 0.146056691814 
5.2952952953 1.0 -0.834866389361 -0.79247642856 
-3.29329329329 1.0 0.151119458915 0.0216882343168 
-4.45445445445 1.0 0.966918909573 0.241471226958 
-0.530530530531 1.0 -0.505991015532 -0.589689534462 
-7.95795795796 1.0 -0.994599330244 -0.368352153398 
4.31431431431 1.0 -0.921809046742 -0.985944086626 
0.850850850851 1.0 0.75184168035 0.77304684227 
4.77477477477 1.0 -0.998054637396 -1.03990951014 
-8.33833833834 1.0 -0.884974675839 -0.39284171307 
3.91391391391 1.0 -0.69779981921 -0.735304812088 
-2.11211211211 1.0 -0.857031446499 -0.818673670347 
3.55355355355 1.0 -0.400406942668 -0.397353652466 
-3.09309309309 1.0 -0.0484805492288 -0.10305673934 
3.75375375375 1.0 -0.574637462441 -0.594376054535 
9.67967967968 1.0 -0.252150304413 0.000242848863438 
1.63163163163 1.0 0.998150103477 0.987194754005 
1.61161161161 1.0 0.999167171889 0.988720217384 
1.93193193193 1.0 0.935496175869 0.923462429532 
-5.37537537538 1.0 0.788157702332 0.0499122288599 
8.77877877878 1.0 0.601996584369 0.344337219085 
8.45845845846 1.0 0.822799547447 0.456409169511 
-4.17417417417 1.0 0.858625146533 0.259076139603 
9.6996996997 1.0 -0.271471615699 -0.00720688071484 
7.47747747748 1.0 0.929955638285 0.633260631624 
8.37837837838 1.0 0.865626143701 0.481928987015 
4.09409409409 1.0 -0.81486800406 -0.868591744097 
8.67867867868 1.0 0.678779469621 0.380760586558 
-9.23923923924 1.0 -0.184476035731 -0.430503064611 
5.13513513514 1.0 -0.911965725448 -0.899197827341 
7.95795795796 1.0 0.994599330244 0.590153664171 
-0.650650650651 1.0 -0.605704250039 -0.697469765819 
-1.99199199199 1.0 -0.912600742763 -0.884807472385 
4.61461461461 1.0 -0.995223893414 -1.0517870247 
2.23223223223 1.0 0.789111039566 0.788742433016 
5.21521521522 1.0 -0.87622408965 -0.848786513028 
-1.61161161161 1.0 -0.999167171889 -1.01890390127 
6.17617617618 1.0 -0.106805021793 0.013740225728 
-7.6976976977 1.0 -0.987812502254 -0.347611159832 
6.4964964965 1.0 0.211697196671 0.276042081898 
-6.57657657658 1.0 -0.289200237681 -0.207953998348 
-7.73773773774 1.0 -0.993251282848 -0.351037757092 
-6.47647647648 1.0 -0.19208980849 -0.190698635493 
-3.79379379379 1.0 0.606937230307 0.219186915264 
3.41341341341 1.0 -0.268485788917 -0.251449290048 
0.15015015015 1.0 0.149586594914 0.14518049029 
2.91291291291 1.0 0.226691833081 0.262851145187 
3.39339339339 1.0 -0.249148316352 -0.230347991772 
-6.65665665666 1.0 -0.36484968073 -0.221142160213 
-1.45145145145 1.0 -0.992886849216 -1.0351432869 
3.71371371371 1.0 -0.541416556108 -0.556517506472 
6.5965965966 1.0 0.308305540605 0.344705148161 
-4.11411411411 1.0 0.826308470068 0.258235840258 
-8.51851851852 1.0 -0.787202470352 -0.402392409216 
-6.25625625626 1.0 0.0269257963344 -0.14970657617 
2.51251251251 1.0 0.588401237484 0.605880147971 
8.25825825826 1.0 0.919387180273 0.517690044446 
-3.15315315315 1.0 0.0115602420643 -0.0633018933431 
2.73273273273 1.0 0.397563478837 0.427840655885 
-8.65865865866 1.0 -0.693344009372 -0.409034712297 
8.87887887888 1.0 0.519186710331 0.307007120568 
2.57257257257 1.0 0.53880679503 0.560141644244 
4.11411411411 1.0 -0.826308470068 -0.881461193709 
-7.17717717718 1.0 -0.779578080518 -0.294122821913 
-5.53553553554 1.0 0.679917243139 0.0106541863013 
-1.59159159159 1.0 -0.999783786273 -1.02234066624 
-1.75175175175 1.0 -0.983672194447 -0.984176237136 
3.51351351351 1.0 -0.363405633971 -0.356103239524 
-4.13413413413 1.0 0.837417761709 0.258720373976 
8.75875875876 1.0 0.617860839267 0.351702329718 
-9.93993993994 1.0 0.492675811867 -0.446896151775 
-6.97697697698 1.0 -0.639456909771 -0.268574377893 
7.65765765766 1.0 0.980790267476 0.629914965532 
-0.31031031031 1.0 -0.305354140677 -0.36594240393 
5.45545545546 1.0 -0.736397402892 -0.664675429414 
-4.97497497497 1.0 0.965721938658 0.146306867928 
-4.65465465465 1.0 0.998333836705 0.211918583446 
-5.91591591592 1.0 0.359068265792 -0.0784246797597 
9.15915915916 1.0 0.26250641876 0.199596119785 
-7.25725725726 1.0 -0.827180739833 -0.303519000407 
-3.91391391391 1.0 0.69779981921 0.241150894221 
-1.39139139139 1.0 -0.983950052752 -1.03439362683 
-9.81981981982 1.0 0.384846824231 -0.444645217316 
-4.51451451451 1.0 0.980486642048 0.233836882528 
-3.45345345345 1.0 0.306830209454 0.103691309783 
6.7967967968 1.0 0.491325964149 0.460048745707 
0.11011011011 1.0 0.109887744787 0.101288159099 
1.87187187187 1.0 0.955018091318 0.942149121505 
9.4994994995 1.0 -0.0746520259067 0.0682643726293 
-2.07207207207 1.0 -0.876970223046 -0.841808046376 
5.7957957958 1.0 -0.468320967329 -0.349133407942 
-0.890890890891 1.0 -0.777632176518 -0.872582180101 
0.790790790791 1.0 0.710909644644 0.733314306784 
-2.17217217217 1.0 -0.824557973258 -0.782080674103 
-9.77977977978 1.0 0.347592070824 -0.443849869255 
-0.550550550551 1.0 -0.523156507537 -0.608465167232 
-6.4964964965 1.0 -0.211697196671 -0.194218514661 
-0.41041041041 1.0 -0.398985690337 -0.47113346241 
-1.35135135135 1.0 -0.97601842181 -1.03174663361 
6.37637637638 1.0 0.0930562402792 0.184693366931 
4.81481481481 1.0 -0.994759058541 -1.03187137709 
8.1981981982 1.0 0.941340119153 0.534277485902 
9.1991991992 1.0 0.223670498102 0.184086640635 
-6.15615615616 1.0 0.126687794244 -0.129710616718 
-2.83283283283 1.0 -0.303877337824 -0.292613775667 
0.650650650651 1.0 0.605704250039 0.628774798267 
9.3993993994 1.0 0.0253758371902 0.106653371353 
-3.61361361361 1.0 0.454687183165 0.168104814108 
-6.55655655656 1.0 -0.269979026825 -0.204571627411 
5.67567567568 1.0 -0.570824460166 -0.464813291416 
5.3953953954 1.0 -0.775678794758 -0.714735801065 
-9.0990990991 1.0 -0.319952035985 -0.426104123249 
-7.91791791792 1.0 -0.997956771974 -0.365389185935 
5.23523523524 1.0 -0.866401418913 -0.835239015262 
-8.37837837838 1.0 -0.865626143701 -0.39506828549 
4.73473473473 1.0 -0.99975034402 -1.04593737087 
-3.13313313313 1.0 -0.00845941955823 -0.0763481677292 
-3.87387387387 1.0 0.668567805308 0.234860823984 
2.05205205205 1.0 0.886414355831 0.877640067593 
9.37937937938 1.0 0.0453829883483 0.114367617456 
6.3963963964 1.0 0.112969411094 0.200558601117 
9.63963963964 1.0 -0.213212289782 0.0152131081869 
8.97897897898 1.0 0.431178912314 0.269006385414 
-4.39439439439 1.0 0.949864345085 0.247886969939 
3.01301301301 1.0 0.128225638051 0.164978346025 
3.69369369369 1.0 -0.524477262156 -0.537257134547 
2.21221221221 1.0 0.801249393857 0.799772056075 
-0.17017017017 1.0 -0.169350063744 -0.212175731568 
-3.33333333333 1.0 0.190567962875 0.0437750894655 
3.65365365365 1.0 -0.489974935275 -0.49813285264 
-4.71471471471 1.0 0.999997295481 0.201025218943 
1.71171171171 1.0 0.990087845702 0.977602134161 
6.57657657658 1.0 0.289200237681 0.331541006778 
3.67367367367 1.0 -0.507327764109 -0.517791653376 
-3.41341341341 1.0 0.268485788917 0.0848008475818 
-7.75775775776 1.0 -0.995374053792 -0.352717736599 
-2.59259259259 1.0 -0.521834495241 -0.479707441179 
9.61961961962 1.0 -0.193611192318 0.0227320251096 
9.07907907908 1.0 0.338854295004 0.230552047933 
-6.13613613614 1.0 0.146519791772 -0.125611504671 
-1.13113113113 1.0 -0.904894218889 -0.985490196218 
2.55255255255 1.0 0.555563147622 0.575631531034 
8.81881881882 1.0 0.569550710787 0.329500330671 
-4.63463463463 1.0 0.996978653508 0.215365219747 
9.01901901902 1.0 0.39471619201 0.253667552298 
-4.57457457457 1.0 0.990518615549 0.225098037506 
-0.770770770771 1.0 -0.69668837635 -0.792317191896 
9.41941941942 1.0 0.00535851570584 0.0989498471725 
-6.45645645646 1.0 -0.172405433055 -0.187144275593 
-2.15215215215 1.0 -0.835718856574 -0.794521123433 
3.53353353353 1.0 -0.381982835353 -0.376783703513 
-3.01301301301 1.0 -0.128225638051 -0.158734450723 
-8.23823823824 1.0 -0.927077365617 -0.386999171334 
9.77977977978 1.0 -0.347592070824 -0.036751949832 
0.990990990991 1.0 0.836569314705 0.85327153054 
3.49349349349 1.0 -0.34468278404 -0.335323949949 
-9.31931931932 1.0 -0.105263273301 -0.432824638711 
-5.75575575576 1.0 0.503313872361 -0.0419063825204 
-9.53953953954 1.0 0.114509838728 -0.438557654621 
-4.87487487487 1.0 0.986828185163 0.168552453857 
1.81181181181 1.0 0.971096090611 0.957931627355 
1.35135135135 1.0 0.97601842181 0.975675915342 
-6.07607607608 1.0 0.205631771434 -0.113118436216 
-5.13513513514 1.0 0.911965725448 0.108667864215 
-1.31131131131 1.0 -0.966522242485 -1.0273540696 
2.15215215215 1.0 0.835718856574 0.831155234305 
-7.57757757758 1.0 -0.96204298189 -0.336780900699 
1.15115115115 1.0 0.91323356617 0.922777734952 
3.09309309309 1.0 0.0484805492288 0.0841246183405 
7.4974974975 1.0 0.93712958481 0.633757642694 
6.27627627628 1.0 -0.00690897593668 0.101839499621 
-5.8958958959 1.0 0.377679973455 -0.0739541262964 
-8.75875875876 1.0 -0.617860839267 -0.413394568929 
-1.79179179179 1.0 -0.975679725882 -0.970960147844 
-9.8998998999 1.0 0.45744688336 -0.44616772337 
4.79479479479 1.0 -0.996606561851 -1.03614029646 
-5.6956956957 1.0 0.554273288059 -0.0278047849855 
2.53253253253 1.0 0.572096837274 0.590878606319 
5.37537537538 1.0 -0.788157702332 -0.730882408396 
-0.690690690691 1.0 -0.637069722791 -0.730615142358 
1.11111111111 1.0 0.89619220103 0.907656842763 
-3.47347347347 1.0 0.325821789448 0.112722835922 
4.15415415415 1.0 -0.848191426515 -0.905935107505 
-4.05405405405 1.0 0.791012020637 0.255504212774 
8.93893893894 1.0 0.466950456861 0.284272847305 
6.33633633634 1.0 0.0531260071326 0.152238381935 
-6.27627627628 1.0 0.00690897593668 -0.153604591662 
-1.95195195195 1.0 -0.928235370545 -0.904570888233 
7.77777777778 1.0 0.997097890944 0.618660502375 
-5.77577577578 1.0 0.485914794209 -0.0465609232162 
8.05805805806 1.0 0.979248576653 0.569087718199 
1.21121121121 1.0 0.936042896216 0.942620526243 
2.67267267267 1.0 0.451923110669 0.479151902609 
-3.71371371371 1.0 0.541416556108 0.199241805168 
-1.81181181181 1.0 -0.971096090611 -0.963826910537 
0.39039039039 1.0 0.380549461752 0.395406157593 
5.55555555556 1.0 -0.665101514979 -0.576528024225 
-2.09209209209 1.0 -0.867174611281 -0.830371579662 
9.27927927928 1.0 0.144985860003 0.153059890925 
1.49149149149 1.0 0.996857019318 0.990376787842 
5.15515515516 1.0 -0.903569980268 -0.887179315732 
-3.51351351351 1.0 0.363405633971 0.129950394942 
7.83783783784 1.0 0.999869691753 0.610614189217 
3.25325325325 1.0 -0.111428711879 -0.0823726080608 
-2.63263263263 1.0 -0.487269347053 -0.448483855478 
-4.55455455455 1.0 0.987569983594 0.228126805379 
3.07307307307 1.0 0.0684659772958 0.10452340942 
7.6976976977 1.0 0.987812502254 0.626913252741 
4.59459459459 1.0 -0.993070259711 -1.05096440576 
-10.0 1.0 0.544021110889 -0.447949485404 
-9.87987987988 1.0 0.439553861488 -0.445795420125 
-3.65365365365 1.0 0.489974935275 0.181397301528 
-1.73173173173 1.0 -0.987077824457 -0.990249316405 
-0.0700700700701 1.0 -0.0700127456343 -0.0999687780456 
-5.97597597598 1.0 0.302399804444 -0.0916623991114 
3.87387387387 1.0 -0.668567805308 -0.701826805369 
0.670670670671 1.0 0.62151153354 0.644686590584 
7.1971971972 1.0 0.791959659904 0.600715970069 
-8.2982982983 1.0 -0.902904601864 -0.390552814277 
7.87787787788 1.0 0.99971449835 0.604418238917 
0.930930930931 1.0 0.802176135594 0.821066853616 
-5.0950950951 1.0 0.927657483133 0.118255555435 
-6.83683683684 1.0 -0.525796755923 -0.248849642131 
2.47247247247 1.0 0.620296125676 0.635136134276 
-1.93193193193 1.0 -0.935496175869 -0.913997356248 
-7.0970970971 1.0 -0.726978798959 -0.284263568098 
7.31731731732 1.0 0.859418901282 0.62075117221 
-5.43543543544 1.0 0.749793457774 0.0351381103253 
-0.830830830831 1.0 -0.738491823944 -0.834354179737 
-2.97297297297 1.0 -0.167821766571 -0.18757784203 
0.29029029029 1.0 0.286230381945 0.294377576213 
-6.1961961962 1.0 0.0868794431893 -0.137809515374 
3.85385385385 1.0 -0.653546911213 -0.684622027774 
7.55755755756 1.0 0.956387136503 0.633909974955 
7.43743743744 1.0 0.914492625181 0.631576146012 
7.3973973974 1.0 0.897563688968 0.628947885897 
-6.77677677678 1.0 -0.473791717778 -0.239912220012 
-3.49349349349 1.0 0.34468278404 0.121476301991 
-9.05905905906 1.0 -0.357620745349 -0.424763900544 
0.23023023023 1.0 0.228201684929 0.231398386371 
8.3983983984 1.0 0.855429505195 0.475665713514 
2.81281281281 1.0 0.322888465175 0.356458513663 
6.47647647648 1.0 0.19208980849 0.261474343392 
