-9.85985985986 1.0 0.421484671785 0.428108389468 
6.35635635636 1.0 0.0731057736575 0.0150468277362 
-2.81281281281 1.0 -0.322888465175 -0.343381328252 
-2.95295295295 1.0 -0.187522900919 -0.169267716182 
1.89189189189 1.0 0.948890220341 0.94593373916 
4.67467467467 1.0 -0.999288899866 -1.01716834081 
-6.3963963964 1.0 -0.112969411094 -0.0964741588868 
-5.4954954955 1.0 0.708725363073 0.715020426058 
-8.7987987988 1.0 -0.585891056576 -0.575100149452 
-9.55955955956 1.0 0.13437389375 0.125538059645 
-8.53853853854 1.0 -0.774699305584 -0.756605695355 
-6.53653653654 1.0 -0.250649611665 -0.240015198719 
7.33733733734 1.0 0.869481672757 0.772193247105 
6.83683683684 1.0 0.525796755923 0.47310990356 
1.45145145145 1.0 0.992886849216 0.991841413312 
-7.71771771772 1.0 -0.990730428893 -0.986269272335 
1.65165165165 1.0 0.996732988666 0.994527058057 
-0.0900900900901 1.0 -0.0899682743046 -0.0871148703153 
1.23123123123 1.0 0.942899611382 0.942521161953 
3.59359359359 1.0 -0.436766402789 -0.444049666244 
0.870870870871 1.0 0.764890207772 0.762561488434 
-7.63763763764 1.0 -0.976688773762 -0.975245731583 
0.37037037037 1.0 0.361960713579 0.356452925874 
9.35935935936 1.0 0.0653719505576 -0.0895309405253 
3.13313313313 1.0 0.00845941955822 0.00828746501677 
7.81781781782 1.0 0.999346160464 0.830648068838 
-1.17117117117 1.0 -0.921206900567 -0.933185194273 
-2.37237237237 1.0 -0.695575258639 -0.803898009178 
-6.33633633634 1.0 -0.0531260071326 -0.0345008259328 
8.07807807808 1.0 0.974995298193 0.774461344645 
-7.81781781782 1.0 -0.999346160464 -0.991081380993 
-4.29429429429 1.0 0.913864194148 0.98427817128 
-4.77477477477 1.0 0.998054637396 1.00681977058 
-5.7957957958 1.0 0.468320967329 0.487170165291 
-8.6986986987 1.0 -0.66394288333 -0.649804554701 
8.23823823824 1.0 0.927077365617 0.713493437404 
-0.13013013013 1.0 -0.1297631736 -0.125692906816 
0.13013013013 1.0 0.1297631736 0.127029858788 
-8.61861861862 1.0 -0.721633711464 -0.705270561276 
-7.07707707708 1.0 -0.713087090062 -0.721151534147 
8.91891891892 1.0 0.484559073218 0.283362302893 
2.29229229229 1.0 0.750818471552 0.75026758944 
-8.87887887888 1.0 -0.519186710331 -0.511400760106 
8.95895895896 1.0 0.449154692451 0.251591936901 
-0.19019019019 1.0 -0.189045659132 -0.183106786192 
-4.33433433433 1.0 0.929384449502 0.993470760721 
-0.39039039039 1.0 -0.380549461752 -0.368780787523 
-4.53453453453 1.0 0.984225545624 1.01886859862 
4.47447447447 1.0 -0.971831589603 -0.983736413421 
-8.15815815816 1.0 -0.9540939133 -0.935860823843 
4.19419419419 1.0 -0.868714740054 -0.877702041457 
4.91491491491 1.0 -0.979561626072 -1.00949420697 
-5.5955955956 1.0 0.634676409709 0.645496847464 
-9.03903903904 1.0 -0.376243865658 -0.374813339794 
-1.05105105105 1.0 -0.867945718946 -0.868978317857 
-0.870870870871 1.0 -0.764890207772 -0.754908295898 
5.11511511512 1.0 -0.919995965877 -0.96285689033 
-8.55855855856 1.0 -0.761885650774 -0.744174472867 
2.27227227227 1.0 0.763890524376 0.763132651816 
3.15315315315 1.0 -0.0115602420643 -0.012042531335 
3.99399399399 1.0 -0.752863081707 -0.761780525746 
-8.3983983984 1.0 -0.855429505195 -0.83567688306 
-4.89489489489 1.0 0.983391971377 0.984356657274 
7.11711711712 1.0 0.740579143612 0.669377167108 
0.830830830831 1.0 0.738491823944 0.735762738123 
-1.55155155155 1.0 -0.999814825028 -1.06067881864 
0.03003003003 1.0 0.0300255167065 0.0295384544546 
8.73873873874 1.0 0.633477463068 0.419092319485 
-8.8988988989 1.0 -0.501973484202 -0.494968875873 
-9.51951951952 1.0 0.094599889559 0.08529160385 
-9.41941941942 1.0 -0.00535851570584 -0.0146059275461 
-6.23623623624 1.0 0.046931825201 0.068348303499 
3.77377377377 1.0 -0.590905760288 -0.599534161401 
-6.8968968969 1.0 -0.575905704393 -0.580098694035 
-4.83483483483 1.0 0.99251286792 0.996928307082 
0.21021021021 1.0 0.208665487323 0.204580227042 
-1.77177177177 1.0 -0.979872320608 -1.07098208758 
-8.67867867868 1.0 -0.678779469621 -0.664042829618 
0.970970970971 1.0 0.825434213842 0.82399991972 
-1.71171171171 1.0 -0.990087845702 -1.07339741444 
-0.49049049049 1.0 -0.471058607419 -0.457200241857 
6.01601601602 1.0 -0.264002216892 -0.335075830456 
-8.77877877878 1.0 -0.601996584369 -0.590494032875 
7.7977977978 1.0 0.998422103411 0.83257497093 
-0.670670670671 1.0 -0.62151153354 -0.606655472495 
0.950950950951 1.0 0.813968289004 0.812371176141 
-8.11811811812 1.0 -0.965318303844 -0.947853457874 
-9.57957957958 1.0 0.154184093352 0.14570305434 
7.25725725726 1.0 0.827180739833 0.740343438044 
-4.75475475475 1.0 0.999102704803 1.00951627551 
-2.77277277277 1.0 -0.360514923027 -0.391671425917 
3.17317317317 1.0 -0.0315752704827 -0.0323763151923 
-2.49249249249 1.0 -0.604469813648 -0.696803580892 
-3.31331331331 1.0 0.170877953796 0.276551506671 
-3.77377377377 1.0 0.590905760288 0.726227394636 
-5.73573573574 1.0 0.520511228445 0.53723328018 
-3.89389389389 1.0 0.683320745574 0.809741790588 
-5.33533533534 1.0 0.812162990678 0.811981353161 
-9.45945945946 1.0 0.034674546587 0.0252049004445 
-5.41541541542 1.0 0.762889004574 0.765733948947 
-7.67767767768 1.0 -0.984498672401 -0.981559563739 
-3.93393393393 1.0 0.711999223182 0.834295172597 
-9.17917917918 1.0 -0.243137181641 -0.246899788833 
9.71971971972 1.0 -0.290684124469 -0.416391122752 
-7.8978978979 1.0 -0.999035835857 -0.987869745369 
1.51151151151 1.0 0.998243169988 0.996860463011 
-8.27827827828 1.0 -0.911328515751 -0.891648938431 
6.87687687688 1.0 0.559424700424 0.505211895514 
4.45445445445 1.0 -0.966918909573 -0.978428662945 
-0.01001001001 1.0 -0.0100098428432 -0.00944888668873 
-1.11111111111 1.0 -0.89619220103 -0.902349486835 
-3.99399399399 1.0 0.752863081707 0.868076784388 
-4.09409409409 1.0 0.81486800406 0.916387482504 
0.0500500500501 1.0 0.0500291567086 0.0490478074056 
7.15715715716 1.0 0.766884055736 0.691602338367 
-2.93293293293 1.0 -0.207148878373 -0.19447519591 
-6.93693693694 1.0 -0.608168751487 -0.613513241452 
7.57757757758 1.0 0.96204298189 0.829355185431 
4.33433433433 1.0 -0.929384449502 -0.93919413676 
-6.21621621622 1.0 0.066919044364 0.0887614981018 
8.57857857858 1.0 0.748766641479 0.528087559735 
8.0980980981 1.0 0.970351253498 0.767875390389 
1.53153153153 1.0 0.999229236959 0.997728057261 
8.998998999 1.0 0.413030320922 0.219304598504 
6.41641641642 1.0 0.132837305145 0.0771138034338 
-6.61661661662 1.0 -0.327287278425 -0.320271215912 
7.67767767768 1.0 0.984498672401 0.83646949659 
6.996996997 1.0 0.654719669029 0.593674696063 
5.05505505506 1.0 -0.941862214566 -0.980693968391 
-3.03303303303 1.0 -0.108346513523 -0.0680315603308 
-5.63563563564 1.0 0.603233924101 0.615833141069 
-6.6966966967 1.0 -0.401827232414 -0.398390335736 
-8.43843843844 1.0 -0.834011915114 -0.814545500143 
-0.33033033033 1.0 -0.32435551719 -0.314181374451 
-7.01701701702 1.0 -0.669720024621 -0.676881447036 
5.87587587588 1.0 -0.396140311588 -0.469759733697 
-5.57557557558 1.0 0.650019222236 0.659936176795 
-4.49449449449 1.0 0.976354771373 1.01645474119 
0.570570570571 1.0 0.540112324789 0.534970839085 
8.11811811812 1.0 0.965318303844 0.760985598437 
9.25925925926 1.0 0.164763965562 -0.00105415054668 
-5.01501501502 1.0 0.954557149695 0.951264045655 
-4.01401401401 1.0 0.765888052358 0.878531885595 
-4.31431431431 1.0 0.921809046742 0.989051349155 
9.83983983984 1.0 -0.403246556161 -0.525969519115 
1.77177177177 1.0 0.979872320608 0.977122515218 
-3.83383383383 1.0 0.63826408348 0.769836455474 
4.41441441441 1.0 -0.955933085822 -0.966753170785 
-6.63663663664 1.0 -0.346137843492 -0.340027531769 
-8.5985985986 1.0 -0.735347535638 -0.718502586021 
-0.810810810811 1.0 -0.724845989014 -0.712631843924 
-2.33233233233 1.0 -0.723776968945 -0.835840223706 
3.37337337337 1.0 -0.229710988177 -0.233889391878 
4.69469469469 1.0 -0.999843460211 -1.01853088342 
5.01501501502 1.0 -0.954557149695 -0.990755275249 
-6.996996997 1.0 -0.654719669029 -0.661490710967 
2.39239239239 1.0 0.681053382124 0.681568929609 
-3.53353353353 1.0 0.381982835353 0.515469546859 
-4.73473473473 1.0 0.99975034402 1.01191037364 
-6.81681681682 1.0 -0.508663293061 -0.510129323051 
-1.69169169169 1.0 -0.992701051804 -1.0733061029 
5.03503503504 1.0 -0.948399735659 -0.985907800676 
3.03303303303 1.0 0.108346513523 0.109560908754 
-4.61461461461 1.0 0.995223893414 1.01984054437 
5.75575575576 1.0 -0.503313872361 -0.576886103358 
-3.97397397397 1.0 0.739536372707 0.857220352386 
1.67167167167 1.0 0.994916395419 0.992603252784 
-7.45745745746 1.0 -0.922408976872 -0.926909256019 
5.07507507508 1.0 -0.934947206573 -0.975113997063 
6.13613613614 1.0 -0.146519791772 -0.213651067176 
-7.15715715716 1.0 -0.766884055736 -0.775508334324 
6.97697697698 1.0 0.639456909771 0.579785746744 
3.89389389389 1.0 -0.683320745574 -0.692235947451 
-4.25425425425 1.0 0.896879023055 0.973657834387 
7.27727727728 1.0 0.838264195546 0.748905221411 
1.69169169169 1.0 0.992701051804 0.990286169639 
9.0990990991 1.0 0.319952035985 0.136526631253 
-4.91491491491 1.0 0.979561626072 0.979574842301 
-3.69369369369 1.0 0.524477262156 0.662342861633 
-1.57157157157 1.0 -0.999999699498 -1.06372787793 
3.11311311311 1.0 0.0284756907485 0.0286044884873 
9.51951951952 1.0 -0.094599889559 -0.233776557435 
-3.57357357357 1.0 0.41867057176 0.55449672379 
-1.15115115115 1.0 -0.91323356617 -0.923196414983 
-4.15415415415 1.0 0.848191426515 0.940692458971 
-7.1971971972 1.0 -0.791959659904 -0.800585483347 
5.995995996 1.0 -0.2832577738 -0.354847814589 
8.35835835836 1.0 0.875475849797 0.656092782255 
0.01001001001 1.0 0.0100098428432 0.010037327652 
8.85885885886 1.0 0.536191852752 0.329980412421 
-5.61561561562 1.0 0.61907922661 0.63079494193 
1.07107107107 1.0 0.877714248189 0.87693538695 
-1.47147147147 1.0 -0.995071340501 -1.04454069496 
1.99199199199 1.0 0.912600742763 0.909809226863 
9.43943943944 1.0 -0.0146609534063 -0.161324427474 
-6.5965965966 1.0 -0.308305540605 -0.300381242579 
-7.7977977978 1.0 -0.998422103411 -0.990909237013 
3.33333333333 1.0 -0.190567962875 -0.194073672365 
-0.850850850851 1.0 -0.75184168035 -0.741038099662 
6.73673673674 1.0 0.438160658811 0.387699802181 
-1.23123123123 1.0 -0.942899611382 -0.961353117685 
2.61261261261 1.0 0.504653050544 0.507130070648 
-7.3973973974 1.0 -0.897563688968 -0.903584967781 
-0.510510510511 1.0 -0.488622728493 -0.474456624093 
1.55155155155 1.0 0.999814825028 0.998193794818 
-9.5995995996 1.0 0.173932497848 0.165889377608 
-9.35935935936 1.0 -0.0653719505576 -0.0738505872083 
8.51851851852 1.0 0.787202470352 0.565689041277 
2.59259259259 1.0 0.521834495241 0.524183006138 
6.67667667668 1.0 0.38341529066 0.333264633277 
2.03203203203 1.0 0.895503224543 0.892868933316 
7.01701701702 1.0 0.669720024621 0.607208252811 
1.59159159159 1.0 0.999783786273 0.997922932925 
-8.81881881882 1.0 -0.569550710787 -0.559489126103 
7.75775775776 1.0 0.995374053792 0.835346057744 
6.63663663664 1.0 0.346137843492 0.295803800528 
-4.07407407407 1.0 0.803100948886 0.907513086518 
-2.79279279279 1.0 -0.341770182763 -0.367632055418 
-7.55755755756 1.0 -0.956387136503 -0.957787782226 
-7.35735735736 1.0 -0.879195966573 -0.886060224267 
-5.21521521522 1.0 0.87622408965 0.872840593518 
5.83583583584 1.0 -0.432577348176 -0.506423579819 
-9.13913913914 1.0 -0.281770446506 -0.284136984344 
4.85485485485 1.0 -0.989868890237 -1.01634064995 
-2.61261261261 1.0 -0.504653050544 -0.574316190139 
0.810810810811 1.0 0.724845989014 0.721911912526 
-1.49149149149 1.0 -0.996857019318 -1.04915508824 
-3.25325325325 1.0 0.111428711879 0.205433855539 
-3.59359359359 1.0 0.436766402789 0.573445948312 
8.47847847848 1.0 0.811257411747 0.589676679876 
-1.91191191191 1.0 -0.942382045726 -1.04901229582 
9.53953953954 1.0 -0.114509838728 -0.251967085866 
-0.45045045045 1.0 -0.435371096772 -0.422246711545 
-2.29229229229 1.0 -0.750818471552 -0.865818306141 
-3.19319319319 1.0 0.0515776439174 0.13243744544 
-7.37737737738 1.0 -0.888557889358 -0.895018838883 
6.15615615616 1.0 -0.126687794244 -0.19305012534 
-8.0980980981 1.0 -0.970351253498 -0.953320325786 
1.43143143143 1.0 0.99030442098 0.989362154088 
-8.93893893894 1.0 -0.466950456861 -0.46153057952 
-2.87287287287 1.0 -0.265497380359 -0.269544333243 
-0.47047047047 1.0 -0.453305691794 -0.439795482359 
-5.3953953954 1.0 0.775678794758 0.777717510815 
1.01101101101 1.0 0.84736912878 0.846230631958 
0.630630630631 1.0 0.589654207656 0.584959873573 
8.55855855856 1.0 0.761885650774 0.540831914558 
-5.03503503504 1.0 0.948399735659 0.944725684526 
0.41041041041 1.0 0.398985690337 0.393380057038 
4.29429429429 1.0 -0.913864194148 -0.923331537663 
8.63863863864 1.0 0.707630665292 0.48864042441 
8.71871871872 1.0 0.648840196822 0.433363337776 
-3.07307307307 1.0 -0.0684659772958 -0.0174393167517 
-5.65565565566 1.0 0.587146852786 0.600614317043 
-6.0960960961 1.0 0.185999691898 0.209345400446 
-8.25825825826 1.0 -0.919387180273 -0.899855355136 
2.87287287287 1.0 0.265497380359 0.268140790561 
-9.4994994995 1.0 0.0746520259067 0.0652199991592 
-2.51251251251 1.0 -0.588401237484 -0.677397276823 
7.03703703704 1.0 0.684451964588 0.620381297199 
-2.21221221221 1.0 -0.801249393857 -0.919743034931 
1.17117117117 1.0 0.921206900567 0.920776197767 
2.07207207207 1.0 0.876970223046 0.874543936135 
1.03103103103 1.0 0.857829327634 0.856822468375 
-8.01801801802 1.0 -0.986576173517 -0.971586330076 
-9.33933933934 1.0 -0.0853347124856 -0.0934526672811 
3.43343343343 1.0 -0.28771565565 -0.292860719343 
3.05305305305 1.0 0.0884239650333 0.0893865960404 
1.27127127127 1.0 0.955476737061 0.955070091516 
-3.05305305305 1.0 -0.0884239650333 -0.0427173783027 
-0.37037037037 1.0 -0.361960713579 -0.350700724916 
0.590590590591 1.0 0.556851671602 0.551846456299 
4.35435435435 1.0 -0.936587366299 -0.946606781191 
5.27527527528 1.0 -0.845718424022 -0.899285655002 
0.510510510511 1.0 0.488622728493 0.483164833237 
6.23623623624 1.0 -0.046931825201 -0.110027430472 
-1.67167167167 1.0 -0.994916395419 -1.07277553494 
-6.31631631632 1.0 -0.0331249483513 -0.0138597369033 
0.33033033033 1.0 0.32435551719 0.319044975661 
-4.85485485485 1.0 0.989868890237 0.993034244375 
8.2982982983 1.0 0.902904601864 0.685975958371 
2.77277277277 1.0 0.360514923027 0.363455513942 
-1.01101101101 1.0 -0.84736912878 -0.845385544398 
-4.27427427427 1.0 0.905553075921 0.979148063455 
-0.610610610611 1.0 -0.573367839051 -0.558363080203 
-8.03803803804 1.0 -0.983109384216 -0.967565986531 
-4.99499499499 1.0 0.960331988856 0.957511051447 
-6.73673673674 1.0 -0.438160658811 -0.436441421581 
7.37737737738 1.0 0.888557889358 0.785714422138 
-1.29129129129 1.0 -0.961192106815 -0.986716257804 
-2.03203203203 1.0 -0.895503224543 -1.01107730543 
3.45345345345 1.0 -0.306830209454 -0.312281761853 
-8.05805805806 1.0 -0.979248576653 -0.963179596381 
4.87487487487 1.0 -0.986828185163 -1.01442456671 
3.63363363363 1.0 -0.472425730458 -0.480111689652 
-4.47447447447 1.0 0.971831589603 1.0147574388 
-7.93793793794 1.0 -0.996477739177 -0.983952204183 
4.93493493493 1.0 -0.975338684403 -1.00647954482 
-7.41741741742 1.0 -0.906209755988 -0.911756577495 
-5.23523523524 1.0 0.866401418913 0.863412031241 
-9.67967967968 1.0 0.252150304413 0.246751701136 
-8.45845845846 1.0 -0.822799547447 -0.80353355954 
5.41541541542 1.0 -0.762889004574 -0.824903811373 
-9.43943943944 1.0 0.0146609534063 0.00527143171929 
2.19219219219 1.0 0.813066617154 0.811536641928 
-2.55255255255 1.0 -0.555563147622 -0.637339308449 
-2.65265265265 1.0 -0.469690351946 -0.530495256012 
5.91591591592 1.0 -0.359068265792 -0.432227971487 
4.49449449449 1.0 -0.976354771373 -0.988689488975 
-9.1991991992 1.0 -0.223670498102 -0.228094507904 
8.7987987988 1.0 0.585891056576 0.375259387507 
0.25025025025 1.0 0.247646422081 0.2430450837 
-0.25025025025 1.0 -0.247646422081 -0.239841304049 
-2.89289289289 1.0 -0.246143932464 -0.244632785337 
-4.21421421421 1.0 0.878456163293 0.961584165198 
-7.11711711712 1.0 -0.740579143612 -0.749016446259 
2.11211211211 1.0 0.857031446499 0.854861307571 
6.45645645646 1.0 0.172405433055 0.11809326375 
0.690690690691 1.0 0.637069722791 0.632917099674 
-1.37137137137 1.0 -0.980180659514 -1.01592547545 
1.37137137137 1.0 0.980180659514 0.979507443256 
3.81381381381 1.0 -0.622725447279 -0.631495967078 
9.87987987988 1.0 -0.439553861488 -0.56235467415 
0.27027027027 1.0 0.266991905564 0.262173080391 
7.2972972973 1.0 0.849011685183 0.75706804538 
8.5985985986 1.0 0.735347535638 0.515138137766 
-6.75675675676 1.0 -0.456067581459 -0.455179693839 
-6.85685685686 1.0 -0.542719485852 -0.545614794436 
8.6986986987 1.0 0.66394288333 0.447457690409 
7.13713713714 1.0 0.753882673169 0.680682032613 
3.29329329329 1.0 -0.151119458915 -0.153940984646 
1.85185185185 1.0 0.960763202681 0.957829807019 
-7.21721721722 1.0 -0.804023831509 -0.81258165712 
5.71571571572 1.0 -0.537499969971 -0.610565108714 
6.71671671672 1.0 0.42007812671 0.369802069056 
-5.25525525526 1.0 0.856231505045 0.853696839 
-7.85785785786 1.0 -0.999992487454 -0.99025177014 
4.57457457457 1.0 -0.990518615549 -1.00493709756 
2.97297297297 1.0 0.167821766571 0.169700532441 
-6.37637637638 1.0 -0.0930562402792 -0.0758184587225 
-9.3993993994 1.0 -0.0253758371902 -0.03442210989 
-5.995995996 1.0 0.2832577738 0.3063917579 
-9.63963963964 1.0 0.213212289782 0.206306679164 
-2.69269269269 1.0 -0.433974744115 -0.48536349263 
-0.15015015015 1.0 -0.149586594914 -0.144897072061 
-2.67267267267 1.0 -0.451923110669 -0.508085662785 
4.39439439439 1.0 -0.949864345085 -0.960387603338 
6.1961961962 1.0 -0.0868794431893 -0.151639017857 
-8.35835835836 1.0 -0.875475849797 -0.855591831604 
-1.03103103103 1.0 -0.857829327634 -0.857313364939 
-2.25225225225 1.0 -0.776656419186 -0.893795181169 
0.43043043043 1.0 0.417262010319 0.411642908781 
-8.998998999 1.0 -0.413030320922 -0.410010529489 
2.17217217217 1.0 0.824557973258 0.822853580178 
-8.31831831832 1.0 -0.894118814814 -0.874259279005 
-8.95895895896 1.0 -0.449154692451 -0.444533970101 
-2.43243243243 1.0 -0.651196684992 -0.752406842595 
2.09209209209 1.0 0.867174611281 0.864870593332 
4.95495495495 1.0 -0.970724838874 -1.00309837542 
1.41141141141 1.0 0.987325090799 0.986479826209 
-3.67367367367 1.0 0.507327764109 0.645357352891 
2.41241241241 1.0 0.666258547712 0.666985774975 
2.71271271271 1.0 0.415852445773 0.418746815631 
-9.47947947948 1.0 0.054674242632 0.0451894312552 
-4.03403403403 1.0 0.778606064409 0.888587965423 
6.91691691692 1.0 0.592155892373 0.536042582564 
6.77677677678 1.0 0.473791717778 0.422706163862 
-0.21021021021 1.0 -0.208665487323 -0.202101095426 
0.49049049049 1.0 0.471058607419 0.465530192335 
7.35735735736 1.0 0.879195966573 0.779154473161 
0.45045045045 1.0 0.435371096772 0.429761022458 
4.63463463463 1.0 -0.996978653508 -1.01335775658 
-5.17517517518 1.0 0.894812095251 0.890835880762 
-4.37437437437 1.0 0.943414910292 1.00126075026 
9.85985985986 1.0 -0.421484671785 -0.544174198618 
4.53453453453 1.0 -0.984225545624 -0.997527924439 
-2.71271271271 1.0 -0.415852445773 -0.462344513319 
-2.75275275275 1.0 -0.379115173303 -0.415481569193 
-5.2952952953 1.0 0.834866389361 0.833408769974 
7.5975975976 1.0 0.967313252172 0.831548799632 
-2.57257257257 1.0 -0.53880679503 -0.616710662486 
8.15815815816 1.0 0.9540939133 0.74631065831 
7.91791791792 1.0 0.997956771974 0.815735466001 
-4.93493493493 1.0 0.975338684403 0.97449870765 
-4.19419419419 1.0 0.868714740054 0.954994290676 
4.89489489489 1.0 -0.983391971377 -1.01214249016 
1.95195195195 1.0 0.928235370545 0.92533878937 
-1.09109109109 1.0 -0.887131000257 -0.891501081284 
6.61661661662 1.0 0.327287278425 0.276752741105 
7.97797797798 1.0 0.992322298019 0.802694083495 
9.57957957958 1.0 -0.154184093352 -0.288417928586 
5.85585585586 1.0 -0.41444188151 -0.488204401599 
-5.83583583584 1.0 0.432577348176 0.452655195941 
0.17017017017 1.0 0.169350063744 0.165888313138 
0.0700700700701 1.0 0.0700127456343 0.0685585879377 
-0.970970970971 1.0 -0.825434213842 -0.820759528469 
3.61361361361 1.0 -0.454687183165 -0.4621791144 
-1.85185185185 1.0 -0.960763202681 -1.06129477457 
-9.83983983984 1.0 0.403246556161 0.408069237386 
2.35235235235 1.0 0.709818357066 0.709905489438 
2.25225225225 1.0 0.776656419186 0.775696163725 
-8.1981981982 1.0 -0.941340119153 -0.922477869757 
5.31531531532 1.0 -0.823679750423 -0.879794830489 
4.43443443443 1.0 -0.961618700226 -0.972767230629 
-7.13713713714 1.0 -0.753882673169 -0.762436725222 
-4.35435435435 1.0 0.936587366299 0.997539533367 
-4.81481481481 1.0 0.994759058541 1.00052462289 
-5.67567567568 1.0 0.570824460166 0.58514153975 
9.03903903904 1.0 0.376243865658 0.186531176761 
-6.67667667668 1.0 -0.38341529066 -0.379097412292 
5.17517517518 1.0 -0.894812095251 -0.941735246689 
-9.65965965966 1.0 0.232727934358 0.226528090534 
-1.63163163163 1.0 -0.998150103477 -1.07041864548 
-3.37337337337 1.0 0.229710988177 0.345402299457 
9.33933933934 1.0 0.0853347124856 -0.0717113709801 
-7.51751751752 1.0 -0.943927941216 -0.946641568941 
4.55455455455 1.0 -0.987569983594 -1.00141156816 
-5.07507507508 1.0 0.934947206573 0.930776743089 
4.21421421421 1.0 -0.878456163293 -0.887503144828 
5.35535535536 1.0 -0.800320725902 -0.858887175607 
7.05705705706 1.0 0.698909584547 0.633189030922 
9.11911911912 1.0 0.30092154409 0.119648462774 
6.25625625626 1.0 -0.0269257963344 -0.0891763129477 
-6.2962962963 1.0 -0.0131106134944 0.00675580620389 
7.21721721722 1.0 0.804023831509 0.722028136697 
-2.91291291291 1.0 -0.226691833081 -0.219603327263 
5.63563563564 1.0 -0.603233924101 -0.674552812105 
5.8958958959 1.0 -0.377679973455 -0.451098019639 
-5.55555555556 1.0 0.665101514979 0.674110433603 
-5.81581581582 1.0 0.450539443112 0.470023486651 
5.33533533534 1.0 -0.812162990678 -0.869517202148 
5.5955955956 1.0 -0.634676409709 -0.704768416252 
-5.93593593594 1.0 0.340312647942 0.36267592358 
-9.6996996997 1.0 0.271471615699 0.266972836004 
-7.61761761762 1.0 -0.972195835089 -0.971485558337 
-3.39339339339 1.0 0.249148316352 0.36778823284 
3.79379379379 1.0 -0.606937230307 -0.615643154162 
1.83183183183 1.0 0.96612325186 0.96321931042 
-3.73373373373 1.0 0.558138856901 0.69510084254 
5.1951951952 1.0 -0.885695580449 -0.933967612953 
-8.47847847848 1.0 -0.811257411747 -0.792229497865 
5.65565565566 1.0 -0.587146852786 -0.65899223002 
-7.27727727728 1.0 -0.838264195546 -0.846349914679 
-2.45245245245 1.0 -0.635873830576 -0.734317982346 
-6.91691691692 1.0 -0.592155892373 -0.596943734232 
-9.97997997998 1.0 0.527114985665 0.547316222303 
-9.7997997998 1.0 0.366292850383 0.367881183822 
8.17817817818 1.0 0.947906971008 0.738533636019 
4.05405405405 1.0 -0.791012020637 -0.799897414738 
-7.87787787788 1.0 -0.99971449835 -0.989253793794 
9.91991991992 1.0 -0.475156566095 -0.598632105537 
1.25125125125 1.0 0.949378423874 0.948991971111 
-1.87187187187 1.0 -0.955018091318 -1.05768582554 
1.73173173173 1.0 0.987077824457 0.984479422676 
-9.15915915916 1.0 -0.26250641876 -0.265582324354 
-5.47547547548 1.0 0.722706208904 0.728112872087 
-2.13213213213 1.0 -0.846544793956 -0.96548393227 
9.7997997998 1.0 -0.366292850383 -0.489498683827 
-1.89189189189 1.0 -0.948890220341 -1.0535930506 
-1.41141141141 1.0 -0.987325090799 -1.02845767751 
4.99499499499 1.0 -0.960331988856 -0.995236242715 
-1.19119119119 1.0 -0.928811026462 -0.942877591822 
-2.19219219219 1.0 -0.813066617154 -0.931949808491 
4.27427427427 1.0 -0.905553075921 -0.914884720054 
-6.51651651652 1.0 -0.231219739195 -0.219696702675 
-7.65765765766 1.0 -0.980790267476 -0.978603545407 
1.79179179179 1.0 0.975679725882 0.972868151008 
-0.790790790791 1.0 -0.710909644644 -0.698104169663 
-0.710710710711 1.0 -0.65237258226 -0.637926658206 
9.47947947948 1.0 -0.054674242632 -0.19748179595 
5.47547547548 1.0 -0.722706208904 -0.787832699277 
-7.23723723724 1.0 -0.81576576016 -0.824210426737 
-1.43143143143 1.0 -0.99030442098 -1.03418633337 
-7.43743743744 1.0 -0.914492625181 -0.919531865616 
9.21921921922 1.0 0.204114170152 0.0338515899775 
1.31131131131 1.0 0.966522242485 0.966040410443 
7.61761761762 1.0 0.972195835089 0.833354722856 
0.19019019019 1.0 0.189045659132 0.185258836488 
7.41741741742 1.0 0.906209755988 0.797630811864 
9.65965965966 1.0 -0.232727934358 -0.361508118794 
3.27327327327 1.0 -0.131300397197 -0.133778645687 
-0.630630630631 1.0 -0.589654207656 -0.574639807187 
6.21621621622 1.0 -0.066919044364 -0.130852338271 
1.97197197197 1.0 0.920602539794 0.917751934693 
0.550550550551 1.0 0.523156507537 0.517893300554 
0.0900900900901 1.0 0.0899682743046 0.088063886679 
3.83383383383 1.0 -0.63826408348 -0.647086978124 
2.79279279279 1.0 0.341770182763 0.344689293051 
-1.27127127127 1.0 -0.955476737061 -0.97858216776 
4.07407407407 1.0 -0.803100948886 -0.811979106435 
0.770770770771 1.0 0.69668837635 0.693340759932 
4.75475475475 1.0 -0.999102704803 -1.02044119407 
-8.63863863864 1.0 -0.707630665292 -0.691780308359 
-5.1951951952 1.0 0.885695580449 0.881982030171 
4.71471471471 1.0 -0.999997295481 -1.0195308708 
-0.35035035035 1.0 -0.343226895963 -0.332499340343 
-9.27927927928 1.0 -0.144985860003 -0.151748751128 
-9.91991991992 1.0 0.475156566095 0.487956445029 
-1.51151151151 1.0 -0.998243169988 -1.05338671069 
-6.01601601602 1.0 0.264002216892 0.287286880853 
8.53853853854 1.0 0.774699305584 0.553367108814 
-1.21121121121 1.0 -0.936042896216 -0.952268591117 
-6.43643643644 1.0 -0.152651959622 -0.137726593741 
-6.17617617618 1.0 0.106805021793 0.129353793448 
2.63263263263 1.0 0.487269347053 0.489860917992 
-0.27027027027 1.0 -0.266991905564 -0.258576580863 
9.8998998999 1.0 -0.45744688336 -0.580508209143 
-0.930930930931 1.0 -0.802176135594 -0.795136236638 
-6.41641641642 1.0 -0.132837305145 -0.117113742866 
-3.43343343343 1.0 0.28771565565 0.411643637122 
5.73573573574 1.0 -0.520511228445 -0.5938607876 
2.37237237237 1.0 0.695575258639 0.695877052861 
8.65865865866 1.0 0.693344009372 0.475100276972 
-1.83183183183 1.0 -0.96612325186 -1.0644242528 
8.43843843844 1.0 0.834011915114 0.612761884091 
4.51451451451 1.0 -0.980486642048 -0.993286953597 
-3.35335335335 1.0 0.210181594637 0.322726028664 
-7.53753753754 1.0 -0.950347982805 -0.952415956647 
-8.85885885886 1.0 -0.536191852752 -0.527634645657 
2.69269269269 1.0 0.433974744115 0.436818138768 
9.45945945946 1.0 -0.034674546587 -0.179384249318 
0.750750750751 1.0 0.682187883844 0.678634264767 
9.17917917918 1.0 0.243137181641 0.0684366539298 
-5.11511511512 1.0 0.919995965877 0.915667680815 
7.0970970971 1.0 0.726978798959 0.657690969647 
3.73373373373 1.0 -0.558138856901 -0.566571112974 
0.710710710711 1.0 0.65237258226 0.648415101859 
7.17717717718 1.0 0.779578080518 0.702135159665 
-5.51551551552 1.0 0.694460468753 0.701654625094 
9.13913913914 1.0 0.281770446506 0.102671583535 
6.31631631632 1.0 0.0331249483513 -0.0265870413818 
5.81581581582 1.0 -0.450539443112 -0.524409096942 
9.95995995996 1.0 -0.509997599178 -0.634780385881 
-0.0500500500501 1.0 -0.0500291567086 -0.0483503999407 
-8.21821821822 1.0 -0.934395989648 -0.915273341872 
-6.71671671672 1.0 -0.42007812671 -0.417508344354 
-3.21321321321 1.0 0.0715593456609 0.156952623107 
5.95595595596 1.0 -0.32142063693 -0.393899037142 
6.8968968969 1.0 0.575905704393 0.520789716342 
-5.71571571572 1.0 0.537499969971 0.553447430225 
-8.17817817818 1.0 -0.947906971008 -0.929341488562 
-0.570570570571 1.0 -0.540112324789 -0.525292520907 
-6.95695695696 1.0 -0.623937863975 -0.629799310303 
2.45245245245 1.0 0.635873830576 0.637013510704 
-3.75375375375 1.0 0.574637462441 0.7108688781 
-9.11911911912 1.0 -0.30092154409 -0.302558647896 
6.95695695696 1.0 0.623937863975 0.565546847244 
7.07707707708 1.0 0.713087090062 0.645626975431 
4.37437437437 1.0 -0.943414910292 -0.953671718426 
1.91191191191 1.0 0.942382045726 0.939432669745 
3.97397397397 1.0 -0.739536372707 -0.748462750635 
7.45745745746 1.0 0.922408976872 0.807945283833 
9.97997997998 1.0 -0.527114985665 -0.652799570785 
0.530530530531 1.0 0.505991015532 0.500621923102 
2.01201201201 1.0 0.904233186475 0.901513819501 
6.85685685686 1.0 0.542719485852 0.489316169598 
-7.2972972973 1.0 -0.849011685183 -0.856853361111 
-4.95495495495 1.0 0.970724838874 0.96912894729 
-0.29029029029 1.0 -0.286230381945 -0.277215052542 
2.43243243243 1.0 0.651196684992 0.652132347082 
-1.97197197197 1.0 -0.920602539794 -1.03230399171 
4.65465465465 1.0 -0.998333836705 -1.0154437769 
6.81681681682 1.0 0.508663293061 0.456600774144 
6.0960960961 1.0 -0.185999691898 -0.254586051924 
3.21321321321 1.0 -0.0715593456609 -0.0730183374086 
5.93593593594 1.0 -0.340312647942 -0.413158565519 
8.61861861862 1.0 0.721633711464 0.501987733824 
6.11611611612 1.0 -0.166293065952 -0.234166836969 
9.55955955956 1.0 -0.13437389375 -0.270181967494 
0.910910910911 1.0 0.790062479764 0.788113811626 
-9.73973973974 1.0 0.309780130585 0.307389217554 
1.33133133133 1.0 0.971465007816 0.970929237978 
4.13413413413 1.0 -0.837417761709 -0.84630754209 
8.31831831832 1.0 0.894118814814 0.676272234002 
-6.05605605606 1.0 0.225181436261 0.248605167958 
4.25425425425 1.0 -0.896879023055 -0.906096480253 
-0.03003003003 1.0 -0.0300255167065 -0.0289136155629 
7.53753753754 1.0 0.950347982805 0.823796626366 
6.6966966967 1.0 0.401827232414 0.351653781392 
-1.65165165165 1.0 -0.996732988666 -1.07181119913 
1.13113113113 1.0 0.904894218889 0.904363371381 
8.8988988989 1.0 0.501973484202 0.299043907173 
-0.910910910911 1.0 -0.790062479764 -0.781961648983 
1.19119119119 1.0 0.928811026462 0.928410687649 
5.4954954955 1.0 -0.708725363073 -0.774802961975 
8.41841841842 1.0 0.844890020967 0.623955752676 
2.49249249249 1.0 0.604469813648 0.605999627864 
9.73973973974 1.0 -0.309780130585 -0.434681469857 
-9.75975975976 1.0 0.328751980598 0.327575359579 
-8.91891891892 1.0 -0.484559073218 -0.478343853026 
-7.997997998 1.0 -0.989647555109 -0.975237812767 
0.47047047047 1.0 0.453305691794 0.447726187488 
-0.590590590591 1.0 -0.556851671602 -0.54191259982 
-8.57857857858 1.0 -0.748766641479 -0.731472003179 
-7.77777777778 1.0 -0.997097890944 -0.990343472947 
-0.750750750751 1.0 -0.682187883844 -0.668420519795 
-1.25125125125 1.0 -0.949378423874 -0.970126039511 
-2.39239239239 1.0 -0.681053382124 -0.787204566191 
-7.03703703704 1.0 -0.684451964588 -0.69195956213 
8.83883883884 1.0 0.552982096013 0.345227456024 
9.31931931932 1.0 0.105263273301 -0.0539503453939 
-7.5975975976 1.0 -0.967313252172 -0.967322628829 
-9.61961961962 1.0 0.193611192318 0.186092187157 
4.01401401401 1.0 -0.765888052358 -0.774794673314 
6.03603603604 1.0 -0.244640851113 -0.315153128522 
-9.2992992993 1.0 -0.125149645879 -0.132406886628 
9.05905905906 1.0 0.357620745349 0.16997177401 
-1.07107107107 1.0 -0.877714248189 -0.880375781649 
-2.99299299299 1.0 -0.148053371305 -0.118692201607 
2.83283283283 1.0 0.303877337824 0.306696685848 
8.01801801802 1.0 0.986576173517 0.792356192797 
6.53653653654 1.0 0.250649611665 0.19866179113 
2.65265265265 1.0 0.469690351946 0.472381675187 
3.31331331331 1.0 -0.170877953796 -0.174042388148 
-9.37937937938 1.0 -0.0453829883483 -0.0541720300457 
-8.83883883884 1.0 -0.552982096013 -0.543665701392 
5.43543543544 1.0 -0.749793457774 -0.812886217347 
5.77577577578 1.0 -0.485914794209 -0.559647838979 
-5.05505505506 1.0 0.941862214566 0.937896436713 
-2.85285285285 1.0 -0.284744420138 -0.294318863306 
5.6956956957 1.0 -0.554273288059 -0.626992562058 
-5.87587587588 1.0 0.396140311588 0.417274348082 
7.93793793794 1.0 0.996477739177 0.811722135266 
2.75275275275 1.0 0.379115173303 0.382058579356 
-4.69469469469 1.0 0.999843460211 1.01578573108 
-6.7967967968 1.0 -0.491325964149 -0.492033111158 
8.4984984985 1.0 0.799390133963 0.577793603406 
6.43643643644 1.0 0.152651959622 0.0976514902991 
7.73773773774 1.0 0.993251282848 0.83618382686 
-5.45545545546 1.0 0.736397402892 0.740930280902 
0.730730730731 1.0 0.667413978747 0.663656622214 
6.51651651652 1.0 0.231219739195 0.178723118156 
-4.67467467467 1.0 0.999288899866 1.01726395052 
4.23423423423 1.0 -0.887845512006 -0.896968642826 
6.07607607608 1.0 -0.205631771434 -0.274897496977 
0.610610610611 1.0 0.573367839051 0.56851212321 
5.61561561562 1.0 -0.61907922661 -0.68981325574 
-2.27227227227 1.0 -0.763890524376 -0.880058845002 
3.19319319319 1.0 -0.0515776439174 -0.0527046659126 
-7.47747747748 1.0 -0.929955638285 -0.933887393911 
-5.31531531532 1.0 0.823679750423 0.822837130876 
9.81981981982 1.0 -0.384846824231 -0.507743410189 
-2.53253253253 1.0 -0.572096837274 -0.657572119783 
-3.85385385385 1.0 0.653546911213 0.783549430403 
-4.41441441441 1.0 0.955933085822 1.00767258489 
-2.47247247247 1.0 -0.620296125676 -0.71578046167 
-8.13813813814 1.0 -0.959898466376 -0.942032563112 
-2.01201201201 1.0 -0.904233186475 -1.01865970346 
3.23323323323 1.0 -0.0915123672906 -0.0933080681752 
1.75175175175 1.0 0.983672194447 0.980993686018 
-2.05205205205 1.0 -0.886414355831 -1.00298496842 
4.17417417417 1.0 -0.858625146533 -0.867567511723 
0.31031031031 1.0 0.305354140677 0.300180973985 
1.29129129129 1.0 0.961192106815 0.960753503329 
-0.950950950951 1.0 -0.813968289004 -0.808070323677 
-5.35535535536 1.0 0.800320725902 0.80084222675 
-9.21921921922 1.0 -0.204114170152 -0.209171619067 
-8.07807807808 1.0 -0.974995298193 -0.958430052956 
-6.11611611612 1.0 0.166293065952 0.189518811696 
2.93293293293 1.0 0.207148878373 0.20938758392 
7.71771771772 1.0 0.990730428893 0.836652287182 
2.85285285285 1.0 0.284744420138 0.287485308787 
7.63763763764 1.0 0.976688773762 0.834775202006 
-0.43043043043 1.0 -0.417262010319 -0.404558346672 
3.95395395395 1.0 -0.725913266541 -0.73484523858 
7.8978978979 1.0 0.999035835857 0.819410023542 
7.85785785786 1.0 0.999992487454 0.825728208287 
4.83483483483 1.0 -0.99251286792 -1.01789099154 
5.53553553554 1.0 -0.679917243139 -0.747754650519 
-9.01901901902 1.0 -0.39471619201 -0.392493651093 
4.03403403403 1.0 -0.778606064409 -0.787501481802 
-4.79479479479 1.0 0.996606561851 1.00382215121 
-6.35635635636 1.0 -0.0731057736575 -0.0551571915718 
-3.11311311311 1.0 -0.0284756907485 0.0329335560471 
5.0950950951 1.0 -0.927657483133 -0.969168179923 
6.05605605606 1.0 -0.225181436261 -0.295090137022 
-3.81381381381 1.0 0.622725447279 0.75571173084 
3.57357357357 1.0 -0.41867057176 -0.425730850565 
7.51751751752 1.0 0.943927941216 0.820427939074 
-8.73873873874 1.0 -0.633477463068 -0.620611589615 
-7.97797797798 1.0 -0.992322298019 -0.978517702467 
-0.23023023023 1.0 -0.228201684929 -0.221014388272 
-7.33733733734 1.0 -0.869481672757 -0.876711393031 
-2.35235235235 1.0 -0.709818357066 -0.820111942991 
6.55655655656 1.0 0.269979026825 0.218445420196 
-0.730730730731 1.0 -0.667413978747 -0.653272807426 
-1.33133133133 1.0 -0.971465007816 -1.00199707421 
-2.41241241241 1.0 -0.666258547712 -0.770038379458 
9.2992992993 1.0 0.125149645879 -0.0362514148049 
6.93693693694 1.0 0.608168751487 0.550963763043 
3.47347347347 1.0 -0.325821789448 -0.331570275357 
1.57157157157 1.0 0.999999699498 0.998258443409 
5.97597597598 1.0 -0.302399804444 -0.374458875044 
6.65665665666 1.0 0.36484968073 0.314644574548 
8.03803803804 1.0 0.983109384216 0.786705718337 
8.33833833834 1.0 0.884974675839 0.666309794111 
6.75675675676 1.0 0.456067581459 0.40533755199 
-2.23223223223 1.0 -0.789111039566 -0.907024124318 
-4.23423423423 1.0 0.887845512006 0.967804274374 
-0.11011011011 1.0 -0.109887744787 -0.106430208871 
5.51551551552 1.0 -0.694460468753 -0.76144239537 
2.99299299299 1.0 0.148053371305 0.149726612819 
-3.23323323323 1.0 0.0915123672906 0.181290067746 
10.0 1.0 -0.544021110889 -0.67077871994 
-9.07907907908 1.0 -0.338854295004 -0.338982558697 
2.13213213213 1.0 0.846544793956 0.844519624769 
3.93393393393 1.0 -0.711999223182 -0.720932062914 
-3.27327327327 1.0 0.131300397197 0.229368551653 
-5.95595595596 1.0 0.32142063693 0.344093191555 
1.47147147147 1.0 0.995071340501 0.99391747815 
-7.4974974975 1.0 -0.93712958481 -0.940465140735 
-3.17317317317 1.0 0.0315752704827 0.107760922901 
-5.27527527528 1.0 0.845718424022 0.843695555426 
9.93993993994 1.0 -0.492675811867 -0.61672370429 
5.25525525526 1.0 -0.856231505045 -0.908495632114 
0.35035035035 1.0 0.343226895963 0.337804987101 
6.2962962963 1.0 0.0131106134944 -0.0474439231499 
-3.95395395395 1.0 0.725913266541 0.845960459318 
-8.71871871872 1.0 -0.648840196822 -0.635325952148 
1.09109109109 1.0 0.887131000257 0.88644764364 
4.97497497497 1.0 -0.965721938658 -0.999350617948 
7.23723723724 1.0 0.81576576016 0.731383913852 
-3.63363363363 1.0 0.472425730458 0.610187925436 
-8.4984984985 1.0 -0.799390133963 -0.780637404349 
-8.41841841842 1.0 -0.844890020967 -0.825261274654 
-6.03603603604 1.0 0.244640851113 0.268022181029 
7.997997998 1.0 0.989647555109 0.797686945519 
-7.31731731732 1.0 -0.859418901282 -0.866974854256 
-2.31231231231 1.0 -0.737445499834 -0.85107732057 
3.35335335335 1.0 -0.210181594637 -0.214025700254 
-5.15515515516 1.0 0.903569980268 0.899401712445 
8.13813813814 1.0 0.959898466376 0.753796003019 
-1.53153153153 1.0 -0.999229236959 -1.05722985828 
-0.990990990991 1.0 -0.836569314705 -0.83319942578 
1.05105105105 1.0 0.867945718946 0.867058894708 
-9.25925925926 1.0 -0.164763965562 -0.17099359329 
9.23923923924 1.0 0.184476035731 0.0164369749034 
5.57557557558 1.0 -0.650019222236 -0.719413410708 
2.89289289289 1.0 0.246143932464 0.248670984193 
-4.43443443443 1.0 0.961618700226 1.01036908477 
-4.59459459459 1.0 0.993070259711 1.0200738743 
-9.71971971972 1.0 0.290684124469 0.287186867519 
1.39139139139 1.0 0.983950052752 0.983194749631 
0.890890890891 1.0 0.777632176518 0.775496556601 
-8.97897897898 1.0 -0.431178912314 -0.427358965152 
-6.87687687688 1.0 -0.559424700424 -0.562986259189 
-9.95995995996 1.0 0.509997599178 0.527590390555 
9.75975975976 1.0 -0.328751980598 -0.452964810601 
2.33233233233 1.0 0.723776968945 0.723649683079 
2.31231231231 1.0 0.737445499834 0.737105172835 
8.27827827828 1.0 0.911328515751 0.695416825445 
-2.73273273273 1.0 -0.397563478837 -0.439044972325 
9.5995995996 1.0 -0.173932497848 -0.306671724338 
8.21821821822 1.0 0.934395989648 0.722120919825 
-7.83783783784 1.0 -0.999869691753 -0.990861615017 
-7.05705705706 1.0 -0.698909584547 -0.706718392539 
2.95295295295 1.0 0.187522900919 0.1895903485 
-5.85585585586 1.0 0.41444188151 0.435070375196 
-3.55355355355 1.0 0.400406942668 0.535169218776 
5.2952952953 1.0 -0.834866389361 -0.889718210507 
-3.29329329329 1.0 0.151119458915 0.253079232655 
-4.45445445445 1.0 0.966918909573 1.01272978146 
-0.530530530531 1.0 -0.505991015532 -0.491560309842 
-7.95795795796 1.0 -0.994599330244 -0.981423352337 
4.31431431431 1.0 -0.921809046742 -0.931435215373 
0.850850850851 1.0 0.75184168035 0.74931476843 
4.77477477477 1.0 -0.998054637396 -1.02035061084 
-8.33833833834 1.0 -0.884974675839 -0.865083404556 
3.91391391391 1.0 -0.69779981921 -0.70672748305 
-2.11211211211 1.0 -0.857031446499 -0.975631215528 
3.55355355355 1.0 -0.400406942668 -0.407230339576 
-3.09309309309 1.0 -0.0484805492288 0.00778384263581 
3.75375375375 1.0 -0.574637462441 -0.583174808663 
9.67967967968 1.0 -0.252150304413 -0.379801405963 
1.63163163163 1.0 0.998150103477 0.996055930753 
1.61161161161 1.0 0.999167171889 0.997188349698 
1.93193193193 1.0 0.935496175869 0.932566705889 
-5.37537537538 1.0 0.788157702332 0.789420624588 
8.77877877878 1.0 0.601996584369 0.390036343711 
8.45845845846 1.0 0.822799547447 0.601334149146 
-4.17417417417 1.0 0.858625146533 0.948031447871 
9.6996996997 1.0 -0.271471615699 -0.398096759924 
7.47747747748 1.0 0.929955638285 0.812503628985 
8.37837837838 1.0 0.865626143701 0.645625342577 
4.09409409409 1.0 -0.81486800406 -0.823743357455 
8.67867867868 1.0 0.678779469621 0.461371349545 
-9.23923923924 1.0 -0.184476035731 -0.190136265334 
5.13513513514 1.0 -0.911965725448 -0.956180587609 
7.95795795796 1.0 0.994599330244 0.807373751422 
-0.650650650651 1.0 -0.605704250039 -0.590738645006 
-1.99199199199 1.0 -0.912600742763 -1.02573440756 
4.61461461461 1.0 -0.995223893414 -1.01091087686 
2.23223223223 1.0 0.789111039566 0.787954010608 
5.21521521522 1.0 -0.87622408965 -0.925837788316 
-1.61161161161 1.0 -0.999167171889 -1.0686034747 
6.17617617618 1.0 -0.106805021793 -0.17237554916 
-7.6976976977 1.0 -0.987812502254 -0.98411451213 
6.4964964965 1.0 0.211697196671 0.158640974764 
-6.57657657658 1.0 -0.289200237681 -0.280368161213 
-7.73773773774 1.0 -0.993251282848 -0.988024876978 
-6.47647647648 1.0 -0.19208980849 -0.178829369371 
-3.79379379379 1.0 0.606937230307 0.741175257691 
3.41341341341 1.0 -0.268485788917 -0.273315793136 
0.15015015015 1.0 0.149586594914 0.146476178072 
2.91291291291 1.0 0.226691833081 0.229083876454 
3.39339339339 1.0 -0.249148316352 -0.253655734605 
-6.65665665666 1.0 -0.36484968073 -0.359639721914 
-1.45145145145 1.0 -0.992886849216 -1.03954922031 
3.71371371371 1.0 -0.541416556108 -0.549729287307 
6.5965965966 1.0 0.308305540605 0.257502049144 
-4.11411411411 1.0 0.826308470068 0.924873533186 
-8.51851851852 1.0 -0.787202470352 -0.768761411694 
-6.25625625626 1.0 0.0269257963344 0.0478697781137 
2.51251251251 1.0 0.588401237484 0.590114878584 
8.25825825826 1.0 0.919387180273 0.70459069653 
-3.15315315315 1.0 0.0115602420643 0.082939881208 
2.73273273273 1.0 0.397563478837 0.400491345664 
-8.65865865866 1.0 -0.693344009372 -0.678036245599 
8.87887887888 1.0 0.519186710331 0.314584584446 
2.57257257257 1.0 0.53880679503 0.541013737304 
4.11411411411 1.0 -0.826308470068 -0.835187129831 
-7.17717717718 1.0 -0.779578080518 -0.788226192224 
-5.53553553554 1.0 0.679917243139 0.688017299153 
-1.59159159159 1.0 -0.999783786273 -1.06637132808 
-1.75175175175 1.0 -0.983672194447 -1.07224068942 
3.51351351351 1.0 -0.363405633971 -0.369715718108 
-4.13413413413 1.0 0.837417761709 0.932974183832 
8.75875875876 1.0 0.617860839267 0.404648652716 
-9.93993993994 1.0 0.492675811867 0.507802520232 
-6.97697697698 1.0 -0.639456909771 -0.645794274254 
7.65765765766 1.0 0.980790267476 0.835812621536 
-0.31031031031 1.0 -0.305354140677 -0.295751645339 
5.45545545546 1.0 -0.736397402892 -0.800528184673 
-4.97497497497 1.0 0.965721938658 0.96346619939 
-4.65465465465 1.0 0.998333836705 1.01843368018 
-5.91591591592 1.0 0.359068265792 0.381071187818 
9.15915915916 1.0 0.26250641876 0.085599738127 
-7.25725725726 1.0 -0.827180739833 -0.835467767492 
-3.91391391391 1.0 0.69779981921 0.822222776306 
-1.39139139139 1.0 -0.983950052752 -1.02236886557 
-9.81981981982 1.0 0.384846824231 0.38799208935 
-4.51451451451 1.0 0.980486642048 1.01782428968 
-3.45345345345 1.0 0.306830209454 0.433091895577 
6.7967967968 1.0 0.491325964149 0.439796765466 
0.11011011011 1.0 0.109887744787 0.107556685304 
1.87187187187 1.0 0.955018091318 0.952067047667 
9.4994994995 1.0 -0.0746520259067 -0.215613684231 
-2.07207207207 1.0 -0.876970223046 -0.994380795737 
5.7957957958 1.0 -0.468320967329 -0.542153056482 
-0.890890890891 1.0 -0.777632176518 -0.768550901305 
0.790790790791 1.0 0.710909644644 0.707768973023 
-2.17217217217 1.0 -0.824557973258 -0.943642858845 
-9.77977977978 1.0 0.347592070824 0.347740820727 
-0.550550550551 1.0 -0.523156507537 -0.50850702199 
-6.4964964965 1.0 -0.211697196671 -0.199297841542 
-0.41041041041 1.0 -0.398985690337 -0.386734860847 
-1.35135135135 1.0 -0.97601842181 -1.00913304615 
6.37637637638 1.0 0.0930562402792 0.0357992593535 
4.81481481481 1.0 -0.994759058541 -1.01907587908 
8.1981981982 1.0 0.941340119153 0.73046902314 
9.1991991992 1.0 0.223670498102 0.0511860406715 
-6.15615615616 1.0 0.126687794244 0.14951428131 
-2.83283283283 1.0 -0.303877337824 -0.318937437691 
0.650650650651 1.0 0.605704250039 0.601181813209 
9.3993993994 1.0 0.0253758371902 -0.125331619036 
-3.61361361361 1.0 0.454687183165 0.592011346038 
-6.55655655656 1.0 -0.269979026825 -0.260242589251 
5.67567567568 1.0 -0.570824460166 -0.643136920008 
5.3953953954 1.0 -0.775678794758 -0.836578188623 
-9.0990990991 1.0 -0.319952035985 -0.320842205086 
-7.91791791792 1.0 -0.997956771974 -0.986101791947 
5.23523523524 1.0 -0.866401418913 -0.91734675779 
-8.37837837838 1.0 -0.865626143701 -0.845788371189 
4.73473473473 1.0 -0.99975034402 -1.02016779911 
-3.13313313313 1.0 -0.00845941955823 0.0579915547995 
-3.87387387387 1.0 0.668567805308 0.796850991373 
2.05205205205 1.0 0.886414355831 0.883877854942 
9.37937937938 1.0 0.0453829883483 -0.107405525216 
6.3963963964 1.0 0.112969411094 0.056492329923 
9.63963963964 1.0 -0.213212289782 -0.343219989063 
8.97897897898 1.0 0.431178912314 0.235510953345 
-4.39439439439 1.0 0.949864345085 1.00463744301 
3.01301301301 1.0 0.128225638051 0.129677175524 
3.69369369369 1.0 -0.524477262156 -0.53265573884 
2.21221221221 1.0 0.801249393857 0.799902156625 
-0.17017017017 1.0 -0.169350063744 -0.164036922888 
-3.33333333333 1.0 0.190567962875 0.299771531209 
3.65365365365 1.0 -0.489974935275 -0.497840058972 
-4.71471471471 1.0 0.999997295481 1.01400068325 
1.71171171171 1.0 0.990087845702 0.987577591252 
6.57657657658 1.0 0.289200237681 0.238062588295 
3.67367367367 1.0 -0.507327764109 -0.515357066667 
-3.41341341341 1.0 0.268485788917 0.389872315376 
-7.75775775776 1.0 -0.995374053792 -0.98938250429 
-2.59259259259 1.0 -0.521834495241 -0.595698612907 
9.61961961962 1.0 -0.193611192318 -0.32494013951 
9.07907907908 1.0 0.338854295004 0.153302327588 
-6.13613613614 1.0 0.146519791772 0.169572230505 
-1.13113113113 1.0 -0.904894218889 -0.912916212357 
2.55255255255 1.0 0.555563147622 0.557616414441 
8.81881881882 1.0 0.569550710787 0.360321767667 
-4.63463463463 1.0 0.996978653508 1.01929316275 
9.01901901902 1.0 0.39471619201 0.202976726467 
-4.57457457457 1.0 0.990518615549 1.01999110502 
-0.770770770771 1.0 -0.69668837635 -0.683365681952 
9.41941941942 1.0 0.00535851570584 -0.143305739346 
-6.45645645646 1.0 -0.172405433055 -0.158302040084 
-2.15215215215 1.0 -0.835718856574 -0.954821100825 
3.53353353353 1.0 -0.381982835353 -0.388555966312 
-3.01301301301 1.0 -0.128225638051 -0.0933628817534 
-8.23823823824 1.0 -0.927077365617 -0.907731339408 
9.77977977978 1.0 -0.347592070824 -0.471238188901 
0.990990990991 1.0 0.836569314705 0.835288129103 
3.49349349349 1.0 -0.34468278404 -0.350717729615 
-9.31931931932 1.0 -0.105263273301 -0.1129731451 
-5.75575575576 1.0 0.503313872361 0.520779551823 
-9.53953953954 1.0 0.114509838728 0.105399272015 
-4.87487487487 1.0 0.986828185163 0.988843397934 
1.81181181181 1.0 0.971096090611 0.968232936071 
1.35135135135 1.0 0.97601842181 0.975418629396 
-6.07607607608 1.0 0.205631771434 0.229043584086 
-5.13513513514 1.0 0.911965725448 0.907679112467 
-1.31131131131 1.0 -0.966522242485 -0.994523010569 
2.15215215215 1.0 0.835718856574 0.833849156343 
-7.57757757758 1.0 -0.96204298189 -0.962756718822 
1.15115115115 1.0 0.91323356617 0.912759371768 
3.09309309309 1.0 0.0484805492288 0.0488993985471 
7.4974974975 1.0 0.93712958481 0.816664090541 
6.27627627628 1.0 -0.00690897593668 -0.0683110873914 
-5.8958958959 1.0 0.377679973455 0.399272681696 
-8.75875875876 1.0 -0.617860839267 -0.605666070429 
-1.79179179179 1.0 -0.975679725882 -1.06926312436 
-9.8998998999 1.0 0.45744688336 0.468056070072 
4.79479479479 1.0 -0.996606561851 -1.01989563419 
-5.6956956957 1.0 0.554273288059 0.569418082978 
2.53253253253 1.0 0.572096837274 0.573985322591 
5.37537537538 1.0 -0.788157702332 -0.847906771512 
-0.690690690691 1.0 -0.637069722791 -0.622386178641 
1.11111111111 1.0 0.89619220103 0.895591588298 
-3.47347347347 1.0 0.325821789448 0.454207397442 
4.15415415415 1.0 -0.848191426515 -0.857101864093 
-4.05405405405 1.0 0.791012020637 0.898247494375 
8.93893893894 1.0 0.466950456861 0.267543680838 
6.33633633634 1.0 0.0531260071326 -0.00575269897261 
-6.27627627628 1.0 0.00690897593668 0.0273356518907 
-1.95195195195 1.0 -0.928235370545 -1.03837133956 
7.77777777778 1.0 0.997097890944 0.834142051047 
-5.77577577578 1.0 0.485914794209 0.504090389119 
8.05805805806 1.0 0.979248576653 0.78073944947 
1.21121121121 1.0 0.936042896216 0.935659909724 
2.67267267267 1.0 0.451923110669 0.454698611215 
-3.71371371371 1.0 0.541416556108 0.678924840389 
-1.81181181181 1.0 -0.971096090611 -1.06707879994 
0.39039039039 1.0 0.380549461752 0.374980668313 
5.55555555556 1.0 -0.665101514979 -0.733743613338 
-2.09209209209 1.0 -0.867174611281 -0.985263258561 
9.27927927928 1.0 0.144985860003 -0.018618151916 
1.49149149149 1.0 0.996857019318 0.99559041215 
5.15515515516 1.0 -0.903569980268 -0.949139823141 
-3.51351351351 1.0 0.363405633971 0.49540440003 
7.83783783784 1.0 0.999869691753 0.828364678027 
3.25325325325 1.0 -0.111428711879 -0.113564591481 
-2.63263263263 1.0 -0.487269347053 -0.552577009775 
-4.55455455455 1.0 0.987569983594 1.01959009279 
3.07307307307 1.0 0.0684659772958 0.0691631088141 
7.6976976977 1.0 0.987812502254 0.836748466288 
4.59459459459 1.0 -0.993070259711 -1.00810376844 
-10.0 1.0 0.544021110889 0.566976254632 
-9.87987987988 1.0 0.439553861488 0.448105370413 
-3.65365365365 1.0 0.489974935275 0.627971235926 
-1.73173173173 1.0 -0.987077824457 -1.07304405369 
-0.0700700700701 1.0 -0.0700127456343 -0.0677528950543 
-5.97597597598 1.0 0.302399804444 0.325329539236 
3.87387387387 1.0 -0.668567805308 -0.677462096222 
0.670670670671 1.0 0.62151153354 0.617170129309 
7.1971971972 1.0 0.791959659904 0.712277870155 
-8.2982982983 1.0 -0.902904601864 -0.883115693715 
7.87787787788 1.0 0.99971449835 0.822742140859 
0.930930930931 1.0 0.802176135594 0.800407278827 
-5.0950950951 1.0 0.927657483133 0.923367023014 
-6.83683683684 1.0 -0.525796755923 -0.52799288383 
2.47247247247 1.0 0.620296125676 0.621634241109 
-1.93193193193 1.0 -0.935496175869 -1.04393962548 
-7.0970970971 1.0 -0.726978798959 -0.735252844826 
7.31731731732 1.0 0.859418901282 0.764830954009 
-5.43543543544 1.0 0.749793457774 0.753471110052 
-0.830830830831 1.0 -0.738491823944 -0.726944547177 
-2.97297297297 1.0 -0.167821766571 -0.14400025941 
0.29029029029 1.0 0.286230381945 0.281221016033 
-6.1961961962 1.0 0.0868794431893 0.109099793679 
3.85385385385 1.0 -0.653546911213 -0.662410763285 
7.55755755756 1.0 0.956387136503 0.826771777901 
7.43743743744 1.0 0.914492625181 0.802987973275 
7.3973973974 1.0 0.897563688968 0.79187311812 
-6.77677677678 1.0 -0.473791717778 -0.473713441792 
-3.49349349349 1.0 0.34468278404 0.474981058261 
-9.05905905906 1.0 -0.357620745349 -0.356974625887 
0.23023023023 1.0 0.228201684929 0.223844874431 
8.3983983984 1.0 0.855429505195 0.634911618695 
2.81281281281 1.0 0.322888465175 0.325767205877 
6.47647647648 1.0 0.19208980849 0.138427076092 
