-9.85985985986 1.0 0.421484671785 -0.475585553502 
6.35635635636 1.0 0.0731057736575 0.313063776674 
-2.81281281281 1.0 -0.322888465175 -0.32582235309 
-2.95295295295 1.0 -0.187522900919 -0.153737439596 
1.89189189189 1.0 0.948890220341 0.937237904883 
4.67467467467 1.0 -0.999288899866 -0.988766115984 
-6.3963963964 1.0 -0.112969411094 -0.111515211202 
-5.4954954955 1.0 0.708725363073 0.285324160282 
-8.7987987988 1.0 -0.585891056576 -0.452325511565 
-9.55955955956 1.0 0.13437389375 -0.471351718808 
-8.53853853854 1.0 -0.774699305584 -0.441564030062 
-6.53653653654 1.0 -0.250649611665 -0.156061273998 
7.33733733734 1.0 0.869481672757 0.84266248647 
6.83683683684 1.0 0.525796755923 0.671208109208 
1.45145145145 1.0 0.992886849216 0.988290931465 
-7.71771771772 1.0 -0.990730428893 -0.381652140652 
1.65165165165 1.0 0.996732988666 0.986025835015 
-0.0900900900901 1.0 -0.0899682743046 -0.121484984158 
1.23123123123 1.0 0.942899611382 0.948451704648 
3.59359359359 1.0 -0.436766402789 -0.422880752936 
0.870870870871 1.0 0.764890207772 0.786565970168 
-7.63763763764 1.0 -0.976688773762 -0.37279761874 
0.37037037037 1.0 0.361960713579 0.380679665116 
9.35935935936 1.0 0.0653719505576 0.211034441621 
3.13313313313 1.0 0.00845941955822 0.0439210070573 
7.81781781782 1.0 0.999346160464 0.831619020856 
-1.17117117117 1.0 -0.921206900567 -1.11039095112 
-2.37237237237 1.0 -0.695575258639 -0.802006435766 
-6.33633633634 1.0 -0.0531260071326 -0.0909906244999 
8.07807807808 1.0 0.974995298193 0.771459590721 
-7.81781781782 1.0 -0.999346160464 -0.391800532022 
-4.29429429429 1.0 0.913864194148 0.792962457014 
-4.77477477477 1.0 0.998054637396 0.658510947071 
-5.7957957958 1.0 0.468320967329 0.133305024445 
-8.6986986987 1.0 -0.66394288333 -0.448520922817 
8.23823823824 1.0 0.927077365617 0.72038959184 
-0.13013013013 1.0 -0.1297631736 -0.167804226275 
0.13013013013 1.0 0.1297631736 0.128406661871 
-8.61861861862 1.0 -0.721633711464 -0.445184276139 
-7.07707707708 1.0 -0.713087090062 -0.288168662539 
8.91891891892 1.0 0.484559073218 0.428409422211 
2.29229229229 1.0 0.750818471552 0.754096732566 
-8.87887887888 1.0 -0.519186710331 -0.455100323187 
8.95895895896 1.0 0.449154692451 0.409000246999 
-0.19019019019 1.0 -0.189045659132 -0.23734991983 
-4.33433433433 1.0 0.929384449502 0.789085473578 
-0.39039039039 1.0 -0.380549461752 -0.465759863327 
-4.53453453453 1.0 0.984225545624 0.747367165539 
4.47447447447 1.0 -0.971831589603 -0.977967756255 
-8.15815815816 1.0 -0.9540939133 -0.419734323657 
4.19419419419 1.0 -0.868714740054 -0.882644571278 
4.91491491491 1.0 -0.979561626072 -0.937205046576 
-5.5955955956 1.0 0.634676409709 0.232980272432 
-9.03903903904 1.0 -0.376243865658 -0.460009284084 
-1.05105105105 1.0 -0.867945718946 -1.05013411134 
-0.870870870871 1.0 -0.764890207772 -0.92956462209 
5.11511511512 1.0 -0.919995965877 -0.842680297436 
-8.55855855856 1.0 -0.761885650774 -0.442496914038 
2.27227227227 1.0 0.763890524376 0.766044959632 
3.15315315315 1.0 -0.0115602420643 0.0235525476858 
3.99399399399 1.0 -0.752863081707 -0.762427550191 
-8.3983983984 1.0 -0.855429505195 -0.434475735613 
-4.89489489489 1.0 0.983391971377 0.603071888556 
7.11711711712 1.0 0.740579143612 0.792752714355 
0.830830830831 1.0 0.738491823944 0.761385380775 
-1.55155155155 1.0 -0.999814825028 -1.18988105003 
0.03003003003 1.0 0.0300255167065 0.0162594832201 
8.73873873874 1.0 0.633477463068 0.513768698897 
-8.8988988989 1.0 -0.501973484202 -0.45575909817 
-9.51951951952 1.0 0.094599889559 -0.470680155597 
-9.41941941942 1.0 -0.00535851570584 -0.468873423132 
-6.23623623624 1.0 0.046931825201 -0.0548265255823 
3.77377377377 1.0 -0.590905760288 -0.58890012464 
-6.8968968969 1.0 -0.575905704393 -0.250564913703 
-4.83483483483 1.0 0.99251286792 0.631502297121 
0.21021021021 1.0 0.208665487323 0.215540267968 
-1.77177177177 1.0 -0.979872320608 -1.15901360588 
-8.67867867868 1.0 -0.678779469621 -0.447712146675 
0.970970970971 1.0 0.825434213842 0.843367634553 
-1.71171171171 1.0 -0.990087845702 -1.17292437292 
-0.49049049049 1.0 -0.471058607419 -0.575124072852 
6.01601601602 1.0 -0.264002216892 -0.0253050515202 
-8.77877877878 1.0 -0.601996584369 -0.451595459762 
7.7977977978 1.0 0.998422103411 0.834880635504 
-0.670670670671 1.0 -0.62151153354 -0.757450040033 
0.950950950951 1.0 0.813968289004 0.832719782571 
-8.11811811812 1.0 -0.965318303844 -0.416914315101 
-9.57957957958 1.0 0.154184093352 -0.471677131858 
7.25725725726 1.0 0.827180739833 0.828950525714 
-4.75475475475 1.0 0.999102704803 0.667156378053 
-2.77277277277 1.0 -0.360514923027 -0.374022415168 
3.17317317317 1.0 -0.0315752704827 0.00312212281999 
-2.49249249249 1.0 -0.604469813648 -0.68651299016 
-3.31331331331 1.0 0.170877953796 0.276116511012 
-3.77377377377 1.0 0.590905760288 0.670673164044 
-5.73573573574 1.0 0.520511228445 0.162402419065 
-3.89389389389 1.0 0.683320745574 0.729876466763 
-5.33533533534 1.0 0.812162990678 0.371295733424 
-9.45945945946 1.0 0.034674546587 -0.469618785873 
-5.41541541542 1.0 0.762889004574 0.32806013016 
-7.67767767768 1.0 -0.984498672401 -0.377309986801 
-3.93393393393 1.0 0.711999223182 0.745303992892 
-9.17917917918 1.0 -0.243137181641 -0.463687208654 
9.71971971972 1.0 -0.290684124469 0.0349616253524 
-7.8978978979 1.0 -0.999035835857 -0.399237442323 
1.51151151151 1.0 0.998243169988 0.99139955417 
-8.27827827828 1.0 -0.911328515751 -0.427548611864 
6.87687687688 1.0 0.559424700424 0.69267007589 
4.45445445445 1.0 -0.966918909573 -0.974206024871 
-0.01001001001 1.0 -0.0100098428432 -0.0293660712641 
-1.11111111111 1.0 -0.89619220103 -1.08233670463 
-3.99399399399 1.0 0.752863081707 0.764458907804 
-4.09409409409 1.0 0.81486800406 0.78601620937 
0.0500500500501 1.0 0.0500291567086 0.0389274600256 
7.15715715716 1.0 0.766884055736 0.80471969404 
-2.93293293293 1.0 -0.207148878373 -0.178505362212 
-6.93693693694 1.0 -0.608168751487 -0.259434145549 
7.57757757758 1.0 0.96204298189 0.855712591815 
4.33433433433 1.0 -0.929384449502 -0.941624201063 
-6.21621621622 1.0 0.066919044364 -0.0472976545363 
8.57857857858 1.0 0.748766641479 0.585846116112 
8.0980980981 1.0 0.970351253498 0.765600516376 
1.53153153153 1.0 0.999229236959 0.991707922574 
8.998998999 1.0 0.413030320922 0.389471096008 
6.41641641642 1.0 0.132837305145 0.36702267969 
-6.61661661662 1.0 -0.327287278425 -0.179476758384 
7.67767767768 1.0 0.984498672401 0.849801944758 
6.996996997 1.0 0.654719669029 0.748834348857 
5.05505505506 1.0 -0.941862214566 -0.875711804902 
-3.03303303303 1.0 -0.108346513523 -0.0547181628264 
-5.63563563564 1.0 0.603233924101 0.212461572992 
-6.6966966967 1.0 -0.401827232414 -0.201467464021 
-8.43843843844 1.0 -0.834011915114 -0.436604552373 
-0.33033033033 1.0 -0.32435551719 -0.398230533556 
-7.01701701702 1.0 -0.669720024621 -0.276282092285 
5.87587587588 1.0 -0.396140311588 -0.172731096963 
-5.57557557558 1.0 0.650019222236 0.243335357887 
-4.49449449449 1.0 0.976354771373 0.758429837002 
0.570570570571 1.0 0.540112324789 0.565456661154 
8.11811811812 1.0 0.965318303844 0.759584305282 
9.25925925926 1.0 0.164763965562 0.260769834219 
-5.01501501502 1.0 0.954557149695 0.542859615696 
-4.01401401401 1.0 0.765888052358 0.769794721534 
-4.31431431431 1.0 0.921809046742 0.791227506954 
9.83983983984 1.0 -0.403246556161 -0.0217752273266 
1.77177177177 1.0 0.979872320608 0.96771924372 
-3.83383383383 1.0 0.63826408348 0.702702965859 
4.41441441441 1.0 -0.955933085822 -0.965241474608 
-6.63663663664 1.0 -0.346137843492 -0.185106020854 
-8.5985985986 1.0 -0.735347535638 -0.444306676243 
-0.810810810811 1.0 -0.724845989014 -0.88184429507 
-2.33233233233 1.0 -0.723776968945 -0.837539308399 
3.37337337337 1.0 -0.229710988177 -0.202521337944 
4.69469469469 1.0 -0.999843460211 -0.987145993342 
5.01501501502 1.0 -0.954557149695 -0.895547305168 
-6.996996997 1.0 -0.654719669029 -0.272179055454 
2.39239239239 1.0 0.681053382124 0.690255729374 
-3.53353353353 1.0 0.381982835353 0.495299133007 
-4.73473473473 1.0 0.99975034402 0.67560786135 
-6.81681681682 1.0 -0.508663293061 -0.231898308406 
-1.69169169169 1.0 -0.992701051804 -1.17665093446 
5.03503503504 1.0 -0.948399735659 -0.885851592688 
3.03303303303 1.0 0.108346513523 0.144532516496 
-4.61461461461 1.0 0.995223893414 0.721716715028 
5.75575575576 1.0 -0.503313872361 -0.298157724024 
-3.97397397397 1.0 0.739536372707 0.758601158722 
1.67167167167 1.0 0.994916395419 0.983839981102 
-7.45745745746 1.0 -0.922408976872 -0.350222674266 
5.07507507508 1.0 -0.934947206573 -0.865133037876 
6.13613613614 1.0 -0.146519791772 0.098927011464 
-7.15715715716 1.0 -0.766884055736 -0.303066742417 
6.97697697698 1.0 0.639456909771 0.740329212135 
3.89389389389 1.0 -0.683320745574 -0.688290116654 
-4.25425425425 1.0 0.896879023055 0.795174834064 
7.27727727728 1.0 0.838264195546 0.832842533757 
1.69169169169 1.0 0.992701051804 0.98130527433 
9.0990990991 1.0 0.319952035985 0.340237213604 
-4.91491491491 1.0 0.979561626072 0.59331944315 
-3.69369369369 1.0 0.524477262156 0.620464063747 
-1.57157157157 1.0 -0.999999699498 -1.18937600197 
3.11311311311 1.0 0.0284756907485 0.064218690737 
9.51951951952 1.0 -0.094599889559 0.131956112637 
-3.57357357357 1.0 0.41867057176 0.529557977047 
-1.15115115115 1.0 -0.91323356617 -1.10150425489 
-4.15415415415 1.0 0.848191426515 0.792967063043 
-7.1971971972 1.0 -0.791959659904 -0.310125229197 
5.995995996 1.0 -0.2832577738 -0.0462869377201 
8.35835835836 1.0 0.875475849797 0.676432052331 
0.01001001001 1.0 0.0100098428432 -0.0065083913648 
8.85885885886 1.0 0.536191852752 0.457258534677 
-5.61561561562 1.0 0.61907922661 0.222688082914 
1.07107107107 1.0 0.877714248189 0.891164491598 
-1.47147147147 1.0 -0.995071340501 -1.18724637833 
1.99199199199 1.0 0.912600742763 0.902889020862 
9.43943943944 1.0 -0.0146609534063 0.171381668508 
-6.5965965966 1.0 -0.308305540605 -0.173758423976 
-7.7977977978 1.0 -0.998422103411 -0.389848855498 
3.33333333333 1.0 -0.190567962875 -0.161433572482 
-0.850850850851 1.0 -0.75184168035 -0.914055126769 
6.73673673674 1.0 0.438160658811 0.611601693896 
-1.23123123123 1.0 -0.942899611382 -1.13424320926 
2.61261261261 1.0 0.504653050544 0.5271350105 
-7.3973973974 1.0 -0.897563688968 -0.341805703967 
-0.510510510511 1.0 -0.488622728493 -0.596403591459 
1.55155155155 1.0 0.999814825028 0.991654827443 
-9.5995995996 1.0 0.173932497848 -0.471995819823 
-9.35935935936 1.0 -0.0653719505576 -0.467695522363 
8.51851851852 1.0 0.787202470352 0.611658515788 
2.59259259259 1.0 0.521834495241 0.543175996852 
6.67667667668 1.0 0.38341529066 0.571821242146 
2.03203203203 1.0 0.895503224543 0.886942685785 
7.01701701702 1.0 0.669720024621 0.756998743118 
1.59159159159 1.0 0.999783786273 0.990470708456 
-8.81881881882 1.0 -0.569550710787 -0.453040734275 
7.75775775776 1.0 0.995374053792 0.840755696415 
6.63663663664 1.0 0.346137843492 0.54366828127 
-4.07407407407 1.0 0.803100948886 0.782718272233 
-2.79279279279 1.0 -0.341770182763 -0.349998280429 
-7.55755755756 1.0 -0.956387136503 -0.36323830281 
-7.35735735736 1.0 -0.879195966573 -0.335927261569 
-5.21521521522 1.0 0.87622408965 0.436445949787 
5.83583583584 1.0 -0.432577348176 -0.214788569332 
-9.13913913914 1.0 -0.281770446506 -0.462690172933 
4.85485485485 1.0 -0.989868890237 -0.956602472046 
-2.61261261261 1.0 -0.504653050544 -0.558969763399 
0.810810810811 1.0 0.724845989014 0.748278613286 
-1.49149149149 1.0 -0.996857019318 -1.18860523812 
-3.25325325325 1.0 0.111428711879 0.208825603705 
-3.59359359359 1.0 0.436766402789 0.545965090982 
8.47847847848 1.0 0.811257411747 0.628435851592 
-1.91191191191 1.0 -0.942382045726 -1.11076088042 
9.53953953954 1.0 -0.114509838728 0.122145989875 
-0.45045045045 1.0 -0.435371096772 -0.531933508614 
-2.29229229229 1.0 -0.750818471552 -0.87151015055 
-3.19319319319 1.0 0.0515776439174 0.1391319042 
-7.37737737738 1.0 -0.888557889358 -0.338893766332 
6.15615615616 1.0 -0.126687794244 0.119247211374 
-8.0980980981 1.0 -0.970351253498 -0.415461633033 
1.43143143143 1.0 0.99030442098 0.986522412835 
-8.93893893894 1.0 -0.466950456861 -0.457036650669 
-2.87287287287 1.0 -0.265497380359 -0.252546404692 
-0.47047047047 1.0 -0.453305691794 -0.55362983584 
-5.3953953954 1.0 0.775678794758 0.33883272201 
1.01101101101 1.0 0.84736912878 0.863580020828 
0.630630630631 1.0 0.589654207656 0.615411811117 
8.55855855856 1.0 0.761885650774 0.594532500396 
-5.03503503504 1.0 0.948399735659 0.532483025864 
0.41041041041 1.0 0.398985690337 0.419725200853 
4.29429429429 1.0 -0.913864194148 -0.927023994339 
8.63863863864 1.0 0.707630665292 0.559328039678 
8.71871871872 1.0 0.648840196822 0.523004139834 
-3.07307307307 1.0 -0.0684659772958 -0.00550360976382 
-5.65565565566 1.0 0.587146852786 0.202303392446 
-6.0960960961 1.0 0.185999691898 -4.38549660817e-05 
-8.25825825826 1.0 -0.919387180273 -0.426310585041 
2.87287287287 1.0 0.265497380359 0.299344528599 
-9.4994994995 1.0 0.0746520259067 -0.470333717403 
-2.51251251251 1.0 -0.588401237484 -0.666041672748 
7.03703703704 1.0 0.684451964588 0.764823441052 
-2.21221221221 1.0 -0.801249393857 -0.934616548371 
1.17117117117 1.0 0.921206900567 0.929759595081 
2.07207207207 1.0 0.876970223046 0.869763662936 
1.03103103103 1.0 0.857829327634 0.873140967332 
-8.01801801802 1.0 -0.986576173517 -0.409353718443 
-9.33933933934 1.0 -0.0853347124856 -0.467286261618 
3.43343343343 1.0 -0.28771565565 -0.263779369729 
3.05305305305 1.0 0.0884239650333 0.124601996628 
1.27127127127 1.0 0.955476737061 0.959046107916 
-3.05305305305 1.0 -0.0884239650333 -0.0300704583282 
-0.37037037037 1.0 -0.361960713579 -0.443383427056 
0.590590590591 1.0 0.556851671602 0.582407695652 
4.35435435435 1.0 -0.936587366299 -0.948231805557 
5.27527527528 1.0 -0.845718424022 -0.736516135334 
0.510510510511 1.0 0.488622728493 0.512864715645 
6.23623623624 1.0 -0.046931825201 0.199022495832 
-1.67167167167 1.0 -0.994916395419 -1.17992052488 
-6.31631631632 1.0 -0.0331249483513 -0.0839543678797 
0.33033033033 1.0 0.32435551719 0.340684411999 
-4.85485485485 1.0 0.989868890237 0.622171818415 
8.2982982983 1.0 0.902904601864 0.698959907159 
2.77277277277 1.0 0.360514923027 0.390917722184 
-1.01101101101 1.0 -0.84736912878 -1.02639881387 
-4.27427427427 1.0 0.905553075921 0.794281213249 
-0.610610610611 1.0 -0.573367839051 -0.699149305304 
-8.03803803804 1.0 -0.983109384216 -0.410926386793 
-4.99499499499 1.0 0.960331988856 0.553151529982 
-6.73673673674 1.0 -0.438160658811 -0.211944839963 
7.37737737738 1.0 0.888557889358 0.847694122226 
-1.29129129129 1.0 -0.961192106815 -1.1538615911 
-2.03203203203 1.0 -0.895503224543 -1.05203528309 
3.45345345345 1.0 -0.306830209454 -0.284056270054 
-8.05805805806 1.0 -0.979248576653 -0.412468220396 
4.87487487487 1.0 -0.986828185163 -0.950610994836 
3.63363363363 1.0 -0.472425730458 -0.461214485155 
-4.47447447447 1.0 0.971831589603 0.763485823607 
-7.93793793794 1.0 -0.996477739177 -0.402743095625 
4.93493493493 1.0 -0.975338684403 -0.929796826907 
-7.41741741742 1.0 -0.906209755988 -0.344663934394 
-5.23523523524 1.0 0.866401418913 0.425601071674 
-9.67967967968 1.0 0.252150304413 -0.473206020243 
-8.45845845846 1.0 -0.822799547447 -0.437637080857 
5.41541541542 1.0 -0.762889004574 -0.624379449782 
-9.43943943944 1.0 0.0146609534063 -0.469249986767 
2.19219219219 1.0 0.813066617154 0.811020461981 
-2.55255255255 1.0 -0.555563147622 -0.624126545624 
-2.65265265265 1.0 -0.469690351946 -0.5141352704 
5.91591591592 1.0 -0.359068265792 -0.130560921918 
4.49449449449 1.0 -0.976354771373 -0.98124615825 
-9.1991991992 1.0 -0.223670498102 -0.464170440687 
8.7987987988 1.0 0.585891056576 0.485733625264 
0.25025025025 1.0 0.247646422081 0.258057691964 
-0.25025025025 1.0 -0.247646422081 -0.306687197952 
-2.89289289289 1.0 -0.246143932464 -0.227927814949 
-4.21421421421 1.0 0.878456163293 0.795651855357 
-7.11711711712 1.0 -0.740579143612 -0.295750377431 
2.11211211211 1.0 0.857031446499 0.851370918368 
6.45645645646 1.0 0.172405433055 0.401714786659 
0.690690690691 1.0 0.637069722791 0.662606625816 
-1.37137137137 1.0 -0.980180659514 -1.1734119467 
1.37137137137 1.0 0.980180659514 0.97900382013 
3.81381381381 1.0 -0.622725447279 -0.623182075105 
9.87987987988 1.0 -0.439553861488 -0.0403939037945 
0.27027027027 1.0 0.266991905564 0.27902644665 
7.2972972973 1.0 0.849011685183 0.836423141138 
8.5985985986 1.0 0.735347535638 0.577081346426 
-6.75675675676 1.0 -0.456067581459 -0.217057035971 
-6.85685685686 1.0 -0.542719485852 -0.241388791403 
8.6986986987 1.0 0.66394288333 0.532180460231 
7.13713713714 1.0 0.753882673169 0.798901040549 
3.29329329329 1.0 -0.151119458915 -0.120244610892 
1.85185185185 1.0 0.960763202681 0.948721420312 
-7.21721721722 1.0 -0.804023831509 -0.313560085526 
5.71571571572 1.0 -0.537499969971 -0.339265900052 
6.71671671672 1.0 0.42007812671 0.598671930214 
-5.25525525526 1.0 0.856231505045 0.41474356269 
-7.85785785786 1.0 -0.999992487454 -0.395591631327 
4.57457457457 1.0 -0.990518615549 -0.989491791193 
2.97297297297 1.0 0.167821766571 0.203623429013 
-6.37637637638 1.0 -0.0930562402792 -0.104770627777 
-9.3993993994 1.0 -0.0253758371902 -0.468488934311 
-5.995995996 1.0 0.2832577738 0.0420417844119 
-9.63963963964 1.0 0.213212289782 -0.472613565753 
-2.69269269269 1.0 -0.433974744115 -0.468294907002 
-0.15015015015 1.0 -0.149586594914 -0.190989021847 
-2.67267267267 1.0 -0.451923110669 -0.491334475851 
4.39439439439 1.0 -0.949864345085 -0.96004372392 
6.1961961962 1.0 -0.0868794431893 0.159457065725 
-8.35835835836 1.0 -0.875475849797 -0.432259122131 
-1.03103103103 1.0 -0.857829327634 -1.03849087919 
-2.25225225225 1.0 -0.776656419186 -0.903880333042 
0.43043043043 1.0 0.417262010319 0.438876197986 
-8.998998999 1.0 -0.413030320922 -0.458856902048 
2.17217217217 1.0 0.824557973258 0.82154771791 
-8.31831831832 1.0 -0.894118814814 -0.429951268686 
-8.95895895896 1.0 -0.449154692451 -0.457655955279 
-2.43243243243 1.0 -0.651196684992 -0.745877389182 
2.09209209209 1.0 0.867174611281 0.860717818359 
4.95495495495 1.0 -0.970724838874 -0.921923040137 
1.41141141141 1.0 0.987325090799 0.98438573774 
-3.67367367367 1.0 0.507327764109 0.606591248283 
2.41241241241 1.0 0.666258547712 0.676685927035 
2.71271271271 1.0 0.415852445773 0.443579971799 
-9.47947947948 1.0 0.054674242632 -0.46997997795 
-4.03403403403 1.0 0.778606064409 0.774613151637 
6.91691691692 1.0 0.592155892373 0.712761905307 
6.77677677678 1.0 0.473791717778 0.636458174056 
-0.21021021021 1.0 -0.208665487323 -0.260501869952 
0.49049049049 1.0 0.471058607419 0.494771161897 
7.35735735736 1.0 0.879195966573 0.845327617527 
0.45045045045 1.0 0.435371096772 0.457771355445 
4.63463463463 1.0 -0.996978653508 -0.990531459189 
-5.17517517518 1.0 0.894812095251 0.45807477888 
-4.37437437437 1.0 0.943414910292 0.783617339319 
9.85985985986 1.0 -0.421484671785 -0.0311040067866 
4.53453453453 1.0 -0.984225545624 -0.986345548649 
-2.71271271271 1.0 -0.415852445773 -0.445029877187 
-2.75275275275 1.0 -0.379115173303 -0.397879117869 
-5.2952952953 1.0 0.834866389361 0.393012686517 
7.5975975976 1.0 0.967313252172 0.855031281393 
-2.57257257257 1.0 -0.53880679503 -0.602701858306 
8.15815815816 1.0 0.9540939133 0.747095050603 
7.91791791792 1.0 0.997956771974 0.812228100116 
-4.93493493493 1.0 0.975338684403 0.583443113671 
-4.19419419419 1.0 0.868714740054 0.795218380265 
4.89489489489 1.0 -0.983391971377 -0.944144187175 
1.95195195195 1.0 0.928235370545 0.917583755072 
-1.09109109109 1.0 -0.887131000257 -1.07206009356 
6.61661661662 1.0 0.327287278425 0.529111805729 
7.97797797798 1.0 0.992322298019 0.798268163312 
9.57957957958 1.0 -0.154184093352 0.102590746193 
5.85585585586 1.0 -0.41444188151 -0.193780283246 
-5.83583583584 1.0 0.432577348176 0.11432890775 
0.17017017017 1.0 0.169350063744 0.172301507574 
0.0700700700701 1.0 0.0700127456343 0.0614856784876 
-0.970970970971 1.0 -0.825434213842 -1.00088429793 
3.61361361361 1.0 -0.454687183165 -0.442136156686 
-1.85185185185 1.0 -0.960763202681 -1.13413318625 
-9.83983983984 1.0 0.403246556161 -0.475342764653 
2.35235235235 1.0 0.709818357066 0.716601737799 
2.25225225225 1.0 0.776656419186 0.777713920164 
-8.1981981982 1.0 -0.941340119153 -0.422444016148 
5.31531531532 1.0 -0.823679750423 -0.706171970674 
4.43443443443 1.0 -0.961618700226 -0.969963127575 
-7.13713713714 1.0 -0.753882673169 -0.2994412603 
-4.35435435435 1.0 0.936587366299 0.786545618872 
-4.81481481481 1.0 0.994759058541 0.640674888641 
-5.67567567568 1.0 0.570824460166 0.192216059749 
9.03903903904 1.0 0.376243865658 0.369839520478 
-6.67667667668 1.0 -0.38341529066 -0.196100548181 
5.17517517518 1.0 -0.894812095251 -0.80585177577 
-9.65965965966 1.0 0.232727934358 -0.472912889603 
-1.63163163163 1.0 -0.998150103477 -1.18508446241 
-3.37337337337 1.0 0.229710988177 0.340546740485 
9.33933933934 1.0 0.0853347124856 0.220971817582 
-7.51751751752 1.0 -0.943927941216 -0.358179021596 
4.55455455455 1.0 -0.987569983594 -0.988163436182 
-5.07507507508 1.0 0.934947206573 0.511505148897 
4.21421421421 1.0 -0.878456163293 -0.892401960729 
5.35535535536 1.0 -0.800320725902 -0.674435686556 
7.05705705706 1.0 0.698909584547 0.772309679622 
9.11911911912 1.0 0.30092154409 0.330336679975 
6.25625625626 1.0 -0.0269257963344 0.218538084398 
-6.2962962963 1.0 -0.0131106134944 -0.0768201187734 
7.21721721722 1.0 0.804023831509 0.820220571278 
-2.91291291291 1.0 -0.226691833081 -0.203241523216 
5.63563563564 1.0 -0.603233924101 -0.419826574762 
5.8958958959 1.0 -0.377679973455 -0.151653743365 
-5.55555555556 1.0 0.665101514979 0.253750419215 
-5.81581581582 1.0 0.450539443112 0.123773671629 
5.33533533534 1.0 -0.812162990678 -0.690473444904 
5.5955955956 1.0 -0.634676409709 -0.459082147557 
-5.93593593594 1.0 0.340312647942 0.0684513625385 
-9.6996996997 1.0 0.271471615699 -0.473493084104 
-7.61761761762 1.0 -0.972195835089 -0.370475751496 
-3.39339339339 1.0 0.249148316352 0.361313604931 
3.79379379379 1.0 -0.606937230307 -0.606176959589 
1.83183183183 1.0 0.96612325186 0.95397045017 
-3.73373373373 1.0 0.558138856901 0.646632475902 
5.1951951952 1.0 -0.885695580449 -0.792761290427 
-8.47847847848 1.0 -0.811257411747 -0.438648898417 
5.65565565566 1.0 -0.587146852786 -0.399924345381 
-7.27727727728 1.0 -0.838264195546 -0.323498112781 
-2.45245245245 1.0 -0.635873830576 -0.726438970323 
-6.91691691692 1.0 -0.592155892373 -0.255037421416 
-9.97997997998 1.0 0.527114985665 -0.476940061274 
-9.7997997998 1.0 0.366292850383 -0.474841653206 
8.17817817818 1.0 0.947906971008 0.740629222554 
4.05405405405 1.0 -0.791012020637 -0.802631637364 
-7.87787787788 1.0 -0.99971449835 -0.397432373743 
9.91991991992 1.0 -0.475156566095 -0.0588535678645 
1.25125125125 1.0 0.949378423874 0.953935665672 
-1.87187187187 1.0 -0.955018091318 -1.12678935607 
1.73173173173 1.0 0.987077824457 0.975197481926 
-9.15915915916 1.0 -0.26250641876 -0.463193855187 
-5.47547547548 1.0 0.722706208904 0.295947111178 
-2.13213213213 1.0 -0.846544793956 -0.991077061507 
9.7997997998 1.0 -0.366292850383 -0.00300465679932 
-1.89189189189 1.0 -0.948890220341 -1.11899821251 
-1.41141141141 1.0 -0.987325090799 -1.18035665732 
4.99499499499 1.0 -0.960331988856 -0.904794114195 
-1.19119119119 1.0 -0.928811026462 -1.11881058045 
-2.19219219219 1.0 -0.813066617154 -0.949362826109 
4.27427427427 1.0 -0.905553075921 -0.919039466715 
-6.51651651652 1.0 -0.231219739195 -0.149979042263 
-7.65765765766 1.0 -0.980790267476 -0.375075447818 
1.79179179179 1.0 0.975679725882 0.963471618638 
-0.790790790791 1.0 -0.710909644644 -0.865158156854 
-0.710710710711 1.0 -0.65237258226 -0.794737369091 
9.47947947948 1.0 -0.054674242632 0.151634659537 
5.47547547548 1.0 -0.722706208904 -0.571613196406 
-7.23723723724 1.0 -0.81576576016 -0.316933243629 
-1.43143143143 1.0 -0.99030442098 -1.18312287785 
-7.43743743744 1.0 -0.914492625181 -0.347469309763 
9.21921921922 1.0 0.204114170152 0.280674270513 
1.31131131131 1.0 0.966522242485 0.968147003437 
7.61761761762 1.0 0.972195835089 0.854095632468 
0.19019019019 1.0 0.189045659132 0.19400705798 
7.41741741742 1.0 0.906209755988 0.851544910055 
9.65965965966 1.0 -0.232727934358 0.0637759823408 
3.27327327327 1.0 -0.131300397197 -0.0996378597919 
-0.630630630631 1.0 -0.589654207656 -0.71888457272 
6.21621621622 1.0 -0.066919044364 0.1793254905 
1.97197197197 1.0 0.920602539794 0.91039401784 
0.550550550551 1.0 0.523156507537 0.548212552136 
0.0900900900901 1.0 0.0899682743046 0.0839245104615 
3.83383383383 1.0 -0.63826408348 -0.639905583994 
2.79279279279 1.0 0.341770182763 0.372969615531 
-1.27127127127 1.0 -0.955476737061 -1.14779374033 
4.07407407407 1.0 -0.803100948886 -0.815272609842 
0.770770770771 1.0 0.69668837635 0.721047237517 
4.75475475475 1.0 -0.999102704803 -0.979342722109 
-8.63863863864 1.0 -0.707630665292 -0.446044158952 
-5.1951951952 1.0 0.885695580449 0.447272480179 
4.71471471471 1.0 -0.999997295481 -0.985034841069 
-0.35035035035 1.0 -0.343226895963 -0.42086932233 
-9.27927927928 1.0 -0.144985860003 -0.466006163291 
-9.91991991992 1.0 0.475156566095 -0.476284111412 
-1.51151151151 1.0 -0.998243169988 -1.1894966688 
-6.01601601602 1.0 0.264002216892 0.0334300180733 
8.53853853854 1.0 0.774699305584 0.603137608712 
-1.21121121121 1.0 -0.936042896216 -1.12676172195 
-6.43643643644 1.0 -0.152651959622 -0.124715922188 
-6.17617617618 1.0 0.106805021793 -0.0319426362606 
2.63263263263 1.0 0.487269347053 0.510865440857 
-0.27027027027 1.0 -0.266991905564 -0.32969552661 
9.8998998999 1.0 -0.45744688336 -0.0496440413797 
-0.930930930931 1.0 -0.802176135594 -0.973626484761 
-6.41641641642 1.0 -0.132837305145 -0.118163471773 
-3.43343343343 1.0 0.28771565565 0.401693862773 
5.73573573574 1.0 -0.520511228445 -0.318770393938 
2.37237237237 1.0 0.695575258639 0.703561905508 
8.65865865866 1.0 0.693344009372 0.550345110417 
-1.83183183183 1.0 -0.96612325186 -1.14102860316 
8.43843843844 1.0 0.834011915114 0.644840411692 
4.51451451451 1.0 -0.980486642048 -0.984039313241 
-3.35335335335 1.0 0.210181594637 0.319414736521 
-7.53753753754 1.0 -0.950347982805 -0.36073261963 
-8.85885885886 1.0 -0.536191852752 -0.454427855924 
2.69269269269 1.0 0.433974744115 0.460724197542 
9.45945945946 1.0 -0.034674546587 0.161500316385 
0.750750750751 1.0 0.682187883844 0.706929096536 
9.17917917918 1.0 0.243137181641 0.300563540175 
-5.11511511512 1.0 0.919995965877 0.490274935145 
7.0970970971 1.0 0.726978798959 0.786272635823 
3.73373373373 1.0 -0.558138856901 -0.553571607934 
0.710710710711 1.0 0.65237258226 0.677705134547 
7.17717717718 1.0 0.779578080518 0.810210901078 
-5.51551551552 1.0 0.694460468753 0.274748092457 
9.13913913914 1.0 0.281770446506 0.320422928245 
6.31631631632 1.0 0.0331249483513 0.275900381095 
5.81581581582 1.0 -0.450539443112 -0.235743203946 
9.95995995996 1.0 -0.509997599178 -0.0771475058592 
-0.0500500500501 1.0 -0.0500291567086 -0.0753093270422 
-8.21821821822 1.0 -0.934395989648 -0.423758771718 
-6.71671671672 1.0 -0.42007812671 -0.206748607361 
-3.21321321321 1.0 0.0715593456609 0.162600624835 
5.95595595596 1.0 -0.32142063693 -0.0883794161765 
6.8968968969 1.0 0.575905704393 0.702887415443 
-5.71571571572 1.0 0.537499969971 0.172263370994 
-8.17817817818 1.0 -0.947906971008 -0.421102701763 
-0.570570570571 1.0 -0.540112324789 -0.658829755942 
-6.95695695696 1.0 -0.623937863975 -0.263756028985 
2.45245245245 1.0 0.635873830576 0.648766605038 
-3.75375375375 1.0 0.574637462441 0.658920306822 
-9.11911911912 1.0 -0.30092154409 -0.462175950476 
6.95695695696 1.0 0.623937863975 0.731482485128 
7.07707707708 1.0 0.713087090062 0.779458879143 
4.37437437437 1.0 -0.943414910292 -0.954372782141 
1.91191191191 1.0 0.942382045726 0.931008042137 
3.97397397397 1.0 -0.739536372707 -0.748291327703 
7.45745745746 1.0 0.922408976872 0.854242832909 
9.97997997998 1.0 -0.527114985665 -0.0862303383266 
0.530530530531 1.0 0.505991015532 0.530680232968 
2.01201201201 1.0 0.904233186475 0.895071122663 
6.85685685686 1.0 0.542719485852 0.682110141465 
-7.2972972973 1.0 -0.849011685183 -0.326691633169 
-4.95495495495 1.0 0.970724838874 0.57345104593 
-0.29029029029 1.0 -0.286230381945 -0.352630735024 
2.43243243243 1.0 0.651196684992 0.662855273097 
-1.97197197197 1.0 -0.920602539794 -1.08338355118 
4.65465465465 1.0 -0.998333836705 -0.98989469495 
6.81681681682 1.0 0.508663293061 0.659964725337 
6.0960960961 1.0 -0.185999691898 0.0579108387265 
3.21321321321 1.0 -0.0715593456609 -0.0378884170361 
5.93593593594 1.0 -0.340312647942 -0.109465283651 
8.61861861862 1.0 0.721633711464 0.568241047211 
6.11611611612 1.0 -0.166293065952 0.0784778306118 
9.55955955956 1.0 -0.13437389375 0.112357097314 
0.910910910911 1.0 0.790062479764 0.810350823579 
-9.73973973974 1.0 0.309780130585 -0.474049504667 
1.33133133133 1.0 0.971465007816 0.972138059331 
4.13413413413 1.0 -0.837417761709 -0.850813823655 
8.31831831832 1.0 0.894118814814 0.691568180554 
-6.05605605606 1.0 0.225181436261 0.0164974754857 
4.25425425425 1.0 -0.896879023055 -0.910604461729 
-0.03003003003 1.0 -0.0300255167065 -0.0523032335198 
7.53753753754 1.0 0.950347982805 0.856296619804 
6.6966966967 1.0 0.401827232414 0.585410890288 
-1.65165165165 1.0 -0.996732988666 -1.18273206246 
1.13113113113 1.0 0.904894218889 0.91543459425 
8.8988988989 1.0 0.501973484202 0.438063389632 
-0.910910910911 1.0 -0.790062479764 -0.959356719968 
1.19119119119 1.0 0.928811026462 0.93636344624 
5.4954954955 1.0 -0.708725363073 -0.553469844447 
8.41841841842 1.0 0.844890020967 0.652895219272 
2.49249249249 1.0 0.604469813648 0.61982692777 
9.73973973974 1.0 -0.309780130585 0.0254194130526 
-9.75975975976 1.0 0.328751980598 -0.474319101835 
-8.91891891892 1.0 -0.484559073218 -0.456404451984 
-7.997997998 1.0 -0.989647555109 -0.407749641926 
0.47047047047 1.0 0.453305691794 0.476404885595 
-0.590590590591 1.0 -0.556851671602 -0.679127207316 
-8.57857857858 1.0 -0.748766641479 -0.443411008073 
-7.77777777778 1.0 -0.997097890944 -0.387858865822 
-0.750750750751 1.0 -0.682187883844 -0.830665331971 
-1.25125125125 1.0 -0.949378423874 -1.1412541159 
-2.39239239239 1.0 -0.681053382124 -0.783667899798 
-7.03703703704 1.0 -0.684451964588 -0.280314074672 
8.83883883884 1.0 0.552982096013 0.466794992245 
9.31931931932 1.0 0.105263273301 0.230915697757 
-7.5975975976 1.0 -0.967313252172 -0.368109088842 
-9.61961961962 1.0 0.193611192318 -0.472307919696 
4.01401401401 1.0 -0.765888052358 -0.776201565886 
6.03603603604 1.0 -0.244640851113 -0.00438235671722 
-9.2992992993 1.0 -0.125149645879 -0.466441761171 
9.05905905906 1.0 0.357620745349 0.359990664621 
-1.07107107107 1.0 -0.877714248189 -1.06132492835 
-2.99299299299 1.0 -0.148053371305 -0.104179930621 
2.83283283283 1.0 0.303877337824 0.336512733241 
8.01801801802 1.0 0.986576173517 0.788057055792 
6.53653653654 1.0 0.250649611665 0.467780147395 
2.65265265265 1.0 0.469690351946 0.494371115327 
3.31331331331 1.0 -0.170877953796 -0.140846572924 
-9.37937937938 1.0 -0.0453829883483 -0.468096356435 
-8.83883883884 1.0 -0.552982096013 -0.45374142012 
5.43543543544 1.0 -0.749793457774 -0.607078433622 
5.77577577578 1.0 -0.485914794209 -0.277440511424 
-5.05505505506 1.0 0.941862214566 0.522029133152 
-2.85285285285 1.0 -0.284744420138 -0.277079763536 
5.6956956957 1.0 -0.554273288059 -0.359631690482 
-5.87587587588 1.0 0.396140311588 0.0957048740307 
7.93793793794 1.0 0.996477739177 0.807760799412 
2.75275275275 1.0 0.379115173303 0.408672070461 
-4.69469469469 1.0 0.999843460211 0.691891700816 
-6.7967967968 1.0 -0.491325964149 -0.227032870023 
8.4984984985 1.0 0.799390133963 0.620092261643 
6.43643643644 1.0 0.152651959622 0.3845015967 
7.73773773774 1.0 0.993251282848 0.843361204599 
-5.45545545546 1.0 0.736397402892 0.306613307252 
0.730730730731 1.0 0.667413978747 0.69248053357 
6.51651651652 1.0 0.231219739195 0.45169412962 
-4.67467467467 1.0 0.999288899866 0.699705173017 
4.23423423423 1.0 -0.887845512006 -0.901723651046 
6.07607607608 1.0 -0.205631771434 0.0372374071251 
0.610610610611 1.0 0.573367839051 0.599060937068 
5.61561561562 1.0 -0.61907922661 -0.439549844095 
-2.27227227227 1.0 -0.763890524376 -0.88789752414 
3.19319319319 1.0 -0.0515776439174 -0.0173612631216 
-7.47747747748 1.0 -0.929955638285 -0.352924863965 
-5.31531531532 1.0 0.823679750423 0.382149921951 
9.81981981982 1.0 -0.384846824231 -0.0124084679124 
-2.53253253253 1.0 -0.572096837274 -0.645243086139 
-3.85385385385 1.0 0.653546911213 0.712300194487 
-4.41441441441 1.0 0.955933085822 0.776633665612 
-2.47247247247 1.0 -0.620296125676 -0.706648207641 
-8.13813813814 1.0 -0.959898466376 -0.41833836863 
-2.01201201201 1.0 -0.904233186475 -1.06292359911 
3.23323323323 1.0 -0.0915123672906 -0.0584499633265 
1.75175175175 1.0 0.983672194447 0.971628594795 
-2.05205205205 1.0 -0.886414355831 -1.04071013979 
4.17417417417 1.0 -0.858625146533 -0.872456917438 
0.31031031031 1.0 0.305354140677 0.320346930859 
1.29129129129 1.0 0.961192106815 0.963783141052 
-0.950950950951 1.0 -0.813968289004 -0.987470823873 
-5.35535535536 1.0 0.800320725902 0.36045501169 
-9.21921921922 1.0 -0.204114170152 -0.464643754646 
-8.07807807808 1.0 -0.974995298193 -0.413979783857 
-6.11611611612 1.0 0.166293065952 -0.00816688469533 
2.93293293293 1.0 0.207148878373 0.242360517871 
7.71771771772 1.0 0.990730428893 0.845740065618 
2.85285285285 1.0 0.284744420138 0.318014731488 
7.63763763764 1.0 0.976688773762 0.852909565887 
-0.43043043043 1.0 -0.417262010319 -0.510047834777 
3.95395395395 1.0 -0.725913266541 -0.733801019951 
7.8978978979 1.0 0.999035835857 0.816504232795 
7.85785785786 1.0 0.999992487454 0.824467413624 
4.83483483483 1.0 -0.99251286792 -0.962115875929 
5.53553553554 1.0 -0.679917243139 -0.516415468513 
-9.01901901902 1.0 -0.39471619201 -0.459439042115 
4.03403403403 1.0 -0.778606064409 -0.789605481665 
-4.79479479479 1.0 0.996606561851 0.649680758201 
-6.35635635636 1.0 -0.0731057736575 -0.0979292450081 
-3.11311311311 1.0 -0.0284756907485 0.0433110988897 
5.0950950951 1.0 -0.927657483133 -0.854120656869 
6.05605605606 1.0 -0.225181436261 0.0164690963075 
-3.81381381381 1.0 0.622725447279 0.692565742466 
3.57357357357 1.0 -0.41867057176 -0.403459206386 
7.51751751752 1.0 0.943927941216 0.856191612852 
-8.73873873874 1.0 -0.633477463068 -0.450089672385 
-7.97797797798 1.0 -0.992322298019 -0.406113574942 
-0.23023023023 1.0 -0.228201684929 -0.283618449534 
-7.33733733734 1.0 -0.869481672757 -0.332905322194 
-2.35235235235 1.0 -0.709818357066 -0.819965488573 
6.55655655656 1.0 0.269979026825 0.48356990866 
-0.730730730731 1.0 -0.667413978747 -0.812876139531 
-1.33133133133 1.0 -0.971465007816 -1.16458096651 
-2.41241241241 1.0 -0.666258547712 -0.764956029765 
9.2992992993 1.0 0.125149645879 0.24086444454 
6.93693693694 1.0 0.608168751487 0.722293525794 
3.47347347347 1.0 -0.325821789448 -0.304243885295 
1.57157157157 1.0 0.999999699498 0.991241865309 
5.97597597598 1.0 -0.302399804444 -0.0673158287918 
6.65665665666 1.0 0.36484968073 0.557905950498 
8.03803803804 1.0 0.983109384216 0.78269158139 
8.33833833834 1.0 0.884974675839 0.6840577944 
6.75675675676 1.0 0.456067581459 0.624197805084 
-2.23223223223 1.0 -0.789111039566 -0.919454575813 
-4.23423423423 1.0 0.887845512006 0.795634564663 
-0.11011011011 1.0 -0.109887744787 -0.14463234061 
5.51551551552 1.0 -0.694460468753 -0.535066946063 
2.99299299299 1.0 0.148053371305 0.184050691518 
-3.23323323323 1.0 0.0915123672906 0.185837862437 
10.0 1.0 -0.544021110889 -0.0952694011181 
-9.07907907908 1.0 -0.338854295004 -0.461115018551 
2.13213213213 1.0 0.846544793956 0.841725343269 
3.93393393393 1.0 -0.711999223182 -0.718964971814 
-3.27327327327 1.0 0.131300397197 0.23154614091 
-5.95595595596 1.0 0.32142063693 0.0595532017515 
1.47147147147 1.0 0.995071340501 0.989692445925 
-7.4974974975 1.0 -0.93712958481 -0.35557670663 
-3.17317317317 1.0 0.0315752704827 0.115449983111 
-5.27527527528 1.0 0.845718424022 0.40387897297 
9.93993993994 1.0 -0.492675811867 -0.0680216566267 
5.25525525526 1.0 -0.856231505045 -0.751144831637 
0.35035035035 1.0 0.343226895963 0.360797540392 
6.2962962963 1.0 0.0131106134944 0.256986348773 
-3.95395395395 1.0 0.725913266541 0.752217387651 
-8.71871871872 1.0 -0.648840196822 -0.449313324524 
1.09109109109 1.0 0.887131000257 0.899624356115 
4.97497497497 1.0 -0.965721938658 -0.913587458092 
7.23723723724 1.0 0.81576576016 0.824744156497 
-3.63363363363 1.0 0.472425730458 0.577292926534 
-8.4984984985 1.0 -0.799390133963 -0.439640402971 
-8.41841841842 1.0 -0.844890020967 -0.435550907995 
-6.03603603604 1.0 0.244640851113 0.0249150680765 
7.997997998 1.0 0.989647555109 0.793250511386 
-7.31731731732 1.0 -0.859418901282 -0.329827073374 
-2.31231231231 1.0 -0.737445499834 -0.854722528858 
3.35335335335 1.0 -0.210181594637 -0.181995303592 
-5.15515515516 1.0 0.903569980268 0.468846794584 
8.13813813814 1.0 0.959898466376 0.753414609145 
-1.53153153153 1.0 -0.999229236959 -1.18992161152 
-0.990990990991 1.0 -0.836569314705 -1.01386185279 
1.05105105105 1.0 0.867945718946 0.882336267366 
-9.25925925926 1.0 -0.164763965562 -0.465561422253 
9.23923923924 1.0 0.184476035731 0.270723048161 
5.57557557558 1.0 -0.650019222236 -0.478411625753 
2.89289289289 1.0 0.246143932464 0.280508002927 
-4.43443443443 1.0 0.961618700226 0.772597590905 
-4.59459459459 1.0 0.993070259711 0.72854521779 
-9.71971971972 1.0 0.290684124469 -0.473774205097 
1.39139139139 1.0 0.983950052752 0.981879855324 
0.890890890891 1.0 0.777632176518 0.798634177829 
-8.97897897898 1.0 -0.431178912314 -0.458262621964 
-6.87687687688 1.0 -0.559424700424 -0.246015682449 
-9.95995995996 1.0 0.509997599178 -0.476725983522 
9.75975975976 1.0 -0.328751980598 0.0159102773492 
2.33233233233 1.0 0.723776968945 0.72937255991 
2.31231231231 1.0 0.737445499834 0.741871751397 
8.27827827828 1.0 0.911328515751 0.706229637041 
-2.73273273273 1.0 -0.397563478837 -0.421553187559 
9.5995995996 1.0 -0.173932497848 0.0928482191071 
8.21821821822 1.0 0.934395989648 0.72727297723 
-7.83783783784 1.0 -0.999869691753 -0.393714569146 
-7.05705705706 1.0 -0.698909584547 -0.284275949498 
2.95295295295 1.0 0.187522900919 0.223062345459 
-5.85585585586 1.0 0.41444188151 0.104972190629 
-3.55355355355 1.0 0.400406942668 0.512666310933 
5.2952952953 1.0 -0.834866389361 -0.721522401698 
-3.29329329329 1.0 0.151119458915 0.253982107235 
-4.45445445445 1.0 0.966918909573 0.768211699747 
-0.530530530531 1.0 -0.505991015532 -0.617455901341 
-7.95795795796 1.0 -0.994599330244 -0.404444926253 
4.31431431431 1.0 -0.921809046742 -0.93455362707 
0.850850850851 1.0 0.75184168035 0.774148792613 
4.77477477477 1.0 -0.998054637396 -0.97576400406 
-8.33833833834 1.0 -0.884974675839 -0.431116820267 
3.91391391391 1.0 -0.69779981921 -0.70379174594 
-2.11211211211 1.0 -0.857031446499 -1.0041312797 
3.55355355355 1.0 -0.400406942668 -0.38388248728 
-3.09309309309 1.0 -0.0484805492288 0.0189632770806 
3.75375375375 1.0 -0.574637462441 -0.571361612015 
9.67967967968 1.0 -0.252150304413 0.0541410111015 
1.63163163163 1.0 0.998150103477 0.987860851717 
1.61161161161 1.0 0.999167171889 0.989343100458 
1.93193193193 1.0 0.935496175869 0.924455878973 
-5.37537537538 1.0 0.788157702332 0.34963248531 
8.77877877878 1.0 0.601996584369 0.495130878559 
8.45845845846 1.0 0.822799547447 0.636686256274 
-4.17417417417 1.0 0.858625146533 0.794326056393 
9.6996996997 1.0 -0.271471615699 0.044535853857 
7.47747747748 1.0 0.929955638285 0.85516847946 
8.37837837838 1.0 0.865626143701 0.66869422421 
4.09409409409 1.0 -0.81486800406 -0.827521216548 
8.67867867868 1.0 0.678779469621 0.541295011437 
-9.23923923924 1.0 -0.184476035731 -0.465107349973 
5.13513513514 1.0 -0.911965725448 -0.830817866327 
7.95795795796 1.0 0.994599330244 0.803106203017 
-0.650650650651 1.0 -0.605704250039 -0.738321795349 
-1.99199199199 1.0 -0.912600742763 -1.07337351342 
4.61461461461 1.0 -0.995223893414 -0.990676380266 
2.23223223223 1.0 0.789111039566 0.789101128854 
5.21521521522 1.0 -0.87622408965 -0.779275081515 
-1.61161161161 1.0 -0.999167171889 -1.18697663938 
6.17617617618 1.0 -0.106805021793 0.139427473585 
-7.6976976977 1.0 -0.987812502254 -0.379501974545 
6.4964964965 1.0 0.211697196671 0.435317319793 
-6.57657657658 1.0 -0.289200237681 -0.167950235992 
-7.73773773774 1.0 -0.993251282848 -0.383761205441 
-6.47647647648 1.0 -0.19208980849 -0.137535613449 
-3.79379379379 1.0 0.606937230307 0.681888831658 
3.41341341341 1.0 -0.268485788917 -0.243424056011 
0.15015015015 1.0 0.149586594914 0.15043188066 
2.91291291291 1.0 0.226691833081 0.261511236433 
3.39339339339 1.0 -0.249148316352 -0.22300113558 
-6.65665665666 1.0 -0.36484968073 -0.19064701162 
-1.45145145145 1.0 -0.992886849216 -1.18541920044 
3.71371371371 1.0 -0.541416556108 -0.53554043254 
6.5965965966 1.0 0.308305540605 0.514240404192 
-4.11411411411 1.0 0.826308470068 0.788819215142 
-8.51851851852 1.0 -0.787202470352 -0.440611985485 
-6.25625625626 1.0 0.0269257963344 -0.0622564397834 
2.51251251251 1.0 0.588401237484 0.60498196395 
8.25825825826 1.0 0.919387180273 0.713373999747 
-3.15315315315 1.0 0.0115602420643 0.0915733763292 
2.73273273273 1.0 0.397563478837 0.426227736478 
-8.65865865866 1.0 -0.693344009372 -0.446886669572 
8.87887887888 1.0 0.519186710331 0.447680541544 
2.57257257257 1.0 0.53880679503 0.558984702486 
4.11411411411 1.0 -0.826308470068 -0.839370518643 
-7.17717717718 1.0 -0.779578080518 -0.306627756014 
-5.53553553554 1.0 0.679917243139 0.264222397481 
-1.59159159159 1.0 -0.999783786273 -1.18840751094 
-1.75175175175 1.0 -0.983672194447 -1.16410463931 
3.51351351351 1.0 -0.363405633971 -0.344307523426 
-4.13413413413 1.0 0.837417761709 0.791133861526 
8.75875875876 1.0 0.617860839267 0.504476751765 
-9.93993993994 1.0 0.492675811867 -0.476507365315 
-6.97697697698 1.0 -0.639456909771 -0.268004016782 
7.65765765766 1.0 0.980790267476 0.851477019487 
-0.31031031031 1.0 -0.305354140677 -0.375480027962 
5.45545545546 1.0 -0.736397402892 -0.589486241377 
-4.97497497497 1.0 0.965721938658 0.563351236559 
-4.65465465465 1.0 0.998333836705 0.707286944275 
-5.91591591592 1.0 0.359068265792 0.077443353862 
9.15915915916 1.0 0.26250641876 0.310497908814 
-7.25725725726 1.0 -0.827180739833 -0.320245616827 
-3.91391391391 1.0 0.69779981921 0.737857877188 
-1.39139139139 1.0 -0.983950052752 -1.17711987061 
-9.81981981982 1.0 0.384846824231 -0.475094833749 
-4.51451451451 1.0 0.980486642048 0.753053644048 
-3.45345345345 1.0 0.306830209454 0.421279627924 
6.7967967968 1.0 0.491325964149 0.648380992037 
0.11011011011 1.0 0.109887744787 0.106234559915 
1.87187187187 1.0 0.955018091318 0.943143137089 
9.4994994995 1.0 -0.0746520259067 0.141786125544 
-2.07207207207 1.0 -0.876970223046 -1.02894985709 
5.7957957958 1.0 -0.468320967329 -0.256631432389 
-0.890890890891 1.0 -0.777632176518 -0.944667358508 
0.790790790791 1.0 0.710909644644 0.734831511214 
-2.17217217217 1.0 -0.824557973258 -0.963690246008 
-9.77977977978 1.0 0.347592070824 -0.474583113244 
-0.550550550551 1.0 -0.523156507537 -0.63826867227 
-6.4964964965 1.0 -0.211697196671 -0.143804044472 
-0.41041041041 1.0 -0.398985690337 -0.487985650772 
-1.35135135135 1.0 -0.97601842181 -1.16923242457 
6.37637637638 1.0 0.0930562402792 0.33129623476 
4.81481481481 1.0 -0.994759058541 -0.967148716587 
8.1981981982 1.0 0.941340119153 0.734020687547 
9.1991991992 1.0 0.223670498102 0.290621709046 
-6.15615615616 1.0 0.126687794244 -0.0241164255519 
-2.83283283283 1.0 -0.303877337824 -0.301510693536 
0.650650650651 1.0 0.605704250039 0.631455886534 
9.3993993994 1.0 0.0253758371902 0.191185600518 
-3.61361361361 1.0 0.454687183165 0.561879296584 
-6.55655655656 1.0 -0.269979026825 -0.162051432761 
5.67567567568 1.0 -0.570824460166 -0.379855296374 
5.3953953954 1.0 -0.775678794758 -0.641379195863 
-9.0990990991 1.0 -0.319952035985 -0.461650972268 
-7.91791791792 1.0 -0.997956771974 -0.401007473776 
5.23523523524 1.0 -0.866401418913 -0.76540041603 
-8.37837837838 1.0 -0.865626143701 -0.433378615883 
4.73473473473 1.0 -0.99975034402 -0.98243341673 
-3.13313313313 1.0 -0.00845941955823 0.067520793084 
-3.87387387387 1.0 0.668567805308 0.721357729832 
2.05205205205 1.0 0.886414355831 0.878506076178 
9.37937937938 1.0 0.0453829883483 0.201105176999 
6.3963963964 1.0 0.112969411094 0.349285099411 
9.63963963964 1.0 -0.213212289782 0.0734396253453 
8.97897897898 1.0 0.431178912314 0.399249559173 
-4.39439439439 1.0 0.949864345085 0.780310149406 
3.01301301301 1.0 0.128225638051 0.164351270119 
3.69369369369 1.0 -0.524477262156 -0.517278528966 
2.21221221221 1.0 0.801249393857 0.800204123612 
-0.17017017017 1.0 -0.169350063744 -0.214174916837 
-3.33333333333 1.0 0.190567962875 0.297932768707 
3.65365365365 1.0 -0.489974935275 -0.480104856461 
-4.71471471471 1.0 0.999997295481 0.683856100849 
1.71171171171 1.0 0.990087845702 0.978423748354 
6.57657657658 1.0 0.289200237681 0.499058269272 
3.67367367367 1.0 -0.507327764109 -0.498796452006 
-3.41341341341 1.0 0.268485788917 0.381700679239 
-7.75775775776 1.0 -0.995374053792 -0.38582987993 
-2.59259259259 1.0 -0.521834495241 -0.580979328815 
9.61961961962 1.0 -0.193611192318 0.0831307701999 
9.07907907908 1.0 0.338854295004 0.350122546691 
-6.13613613614 1.0 0.146519791772 -0.016191135667 
-1.13113113113 1.0 -0.904894218889 -1.09215218171 
2.55255255255 1.0 0.555563147622 0.57455755298 
8.81881881882 1.0 0.569550710787 0.476287503826 
-4.63463463463 1.0 0.996978653508 0.714627364476 
9.01901901902 1.0 0.39471619201 0.379667034911 
-4.57457457457 1.0 0.990518615549 0.735103044475 
-0.770770770771 1.0 -0.69668837635 -0.848095648926 
9.41941941942 1.0 0.00535851570584 0.181277258812 
-6.45645645646 1.0 -0.172405433055 -0.131173109525 
-2.15215215215 1.0 -0.835718856574 -0.977595888835 
3.53353353353 1.0 -0.381982835353 -0.364161590674 
-3.01301301301 1.0 -0.128225638051 -0.0794276528488 
-8.23823823824 1.0 -0.927077365617 -0.425047465163 
9.77977977978 1.0 -0.347592070824 0.00643525177142 
0.990990990991 1.0 0.836569314705 0.853655002918 
3.49349349349 1.0 -0.34468278404 -0.324331291166 
-9.31931931932 1.0 -0.105263273301 -0.466868400331 
-5.75575575576 1.0 0.503313872361 0.152621128636 
-9.53953953954 1.0 0.114509838728 -0.471019440914 
-4.87487487487 1.0 0.986828185163 0.612692158244 
1.81181181181 1.0 0.971096090611 0.95888793898 
1.35135135135 1.0 0.97601842181 0.975756795915 
-6.07607607608 1.0 0.205631771434 0.00817770449733 
-5.13513513514 1.0 0.911965725448 0.479582308622 
-1.31131131131 1.0 -0.966522242485 -1.15945737186 
2.15215215215 1.0 0.835718856574 0.83178347886 
-7.57757757758 1.0 -0.96204298189 -0.365696864417 
1.15115115115 1.0 0.91323356617 0.922783121688 
3.09309309309 1.0 0.0484805492288 0.0844369876224 
7.4974974975 1.0 0.93712958481 0.855816826158 
6.27627627628 1.0 -0.00690897593668 0.237862522577 
-5.8958958959 1.0 0.377679973455 0.0865282104449 
-8.75875875876 1.0 -0.617860839267 -0.450850281138 
-1.79179179179 1.0 -0.975679725882 -1.15346988031 
-9.8998998999 1.0 0.45744688336 -0.476056124611 
4.79479479479 1.0 -0.996606561851 -0.971698755507 
-5.6956956957 1.0 0.554273288059 0.182201964685 
2.53253253253 1.0 0.572096837274 0.589891089926 
5.37537537538 1.0 -0.788157702332 -0.658067813651 
-0.690690690691 1.0 -0.637069722791 -0.77625867168 
1.11111111111 1.0 0.89619220103 0.907714721921 
-3.47347347347 1.0 0.325821789448 0.440445041202 
4.15415415415 1.0 -0.848191426515 -0.861844687725 
-4.05405405405 1.0 0.791012020637 0.778919194782 
8.93893893894 1.0 0.466950456861 0.418720949144 
6.33633633634 1.0 0.0531260071326 0.294595724399 
-6.27627627628 1.0 0.00690897593668 -0.0695875648285 
-1.95195195195 1.0 -0.928235370545 -1.092952324 
7.77777777778 1.0 0.997097890944 0.837927516111 
-5.77577577578 1.0 0.485914794209 0.142921401539 
8.05805805806 1.0 0.979248576653 0.777157848262 
1.21121121121 1.0 0.936042896216 0.942594246431 
2.67267267267 1.0 0.451923110669 0.477655998211 
-3.71371371371 1.0 0.541416556108 0.633812546736 
-1.81181181181 1.0 -0.971096090611 -1.14747452468 
0.39039039039 1.0 0.380549461752 0.400324316326 
5.55555555556 1.0 -0.665101514979 -0.497526577068 
-2.09209209209 1.0 -0.867174611281 -1.01675625077 
9.27927927928 1.0 0.144985860003 0.250816389698 
1.49149149149 1.0 0.996857019318 0.990728205877 
5.15515515516 1.0 -0.903569980268 -0.818539542149 
-3.51351351351 1.0 0.363405633971 0.477466161205 
7.83783783784 1.0 0.999869691753 0.828146630673 
3.25325325325 1.0 -0.111428711879 -0.0790363507336 
-2.63263263263 1.0 -0.487269347053 -0.536684472311 
-4.55455455455 1.0 0.987569983594 0.741380326535 
3.07307307307 1.0 0.0684659772958 0.10456748991 
7.6976976977 1.0 0.987812502254 0.847888303664 
4.59459459459 1.0 -0.993070259711 -0.990329672155 
-10.0 1.0 0.544021110889 -0.477149691893 
-9.87987987988 1.0 0.439553861488 -0.475823305719 
-3.65365365365 1.0 0.489974935275 0.59219900499 
-1.73173173173 1.0 -0.987077824457 -1.16874191727 
-0.0700700700701 1.0 -0.0700127456343 -0.0983735759807 
-5.97597597598 1.0 0.302399804444 0.050749746537 
3.87387387387 1.0 -0.668567805308 -0.672469063335 
0.670670670671 1.0 0.62151153354 0.647188874084 
7.1971971972 1.0 0.791959659904 0.815377027413 
-8.2982982983 1.0 -0.902904601864 -0.428762018185 
7.87787787788 1.0 0.99971449835 0.820585306586 
0.930930930931 1.0 0.802176135594 0.821713459556 
-5.0950950951 1.0 0.927657483133 0.500918121509 
-6.83683683684 1.0 -0.525796755923 -0.236683308839 
2.47247247247 1.0 0.620296125676 0.634422829333 
-1.93193193193 1.0 -0.935496175869 -1.10207851764 
-7.0970970971 1.0 -0.726978798959 -0.291993157891 
7.31731731732 1.0 0.859418901282 0.839695407709 
-5.43543543544 1.0 0.749793457774 0.317318960377 
-0.830830830831 1.0 -0.738491823944 -0.898145883145 
-2.97297297297 1.0 -0.167821766571 -0.128956107508 
0.29029029029 1.0 0.286230381945 0.299791933494 
-6.1961961962 1.0 0.0868794431893 -0.0396697115278 
3.85385385385 1.0 -0.653546911213 -0.65633776327 
7.55755755756 1.0 0.956387136503 0.856135663363 
7.43743743744 1.0 0.914492625181 0.853036191562 
7.3973973974 1.0 0.897563688968 0.849765397444 
-6.77677677678 1.0 -0.473791717778 -0.222086080792 
-3.49349349349 1.0 0.34468278404 0.459177782315 
-9.05905905906 1.0 -0.357620745349 -0.460567865288 
0.23023023023 1.0 0.228201684929 0.236893090623 
8.3983983984 1.0 0.855429505195 0.660847545938 
2.81281281281 1.0 0.322888465175 0.35483285545 
6.47647647648 1.0 0.19208980849 0.418655503329 
