-9.85985985986 1.0 0.421484671785 0.486097530374 
6.35635635636 1.0 0.0731057736575 0.0727072018703 
-2.81281281281 1.0 -0.322888465175 -0.360449105673 
-2.95295295295 1.0 -0.187522900919 -0.156218146184 
1.89189189189 1.0 0.948890220341 0.950195994367 
4.67467467467 1.0 -0.999288899866 -1.00830773863 
-6.3963963964 1.0 -0.112969411094 -0.13384144209 
-5.4954954955 1.0 0.708725363073 0.693093792195 
-8.7987987988 1.0 -0.585891056576 -0.489521086189 
-9.55955955956 1.0 0.13437389375 0.207144679517 
-8.53853853854 1.0 -0.774699305584 -0.686068149309 
-6.53653653654 1.0 -0.250649611665 -0.278196753151 
7.33733733734 1.0 0.869481672757 0.839651206412 
6.83683683684 1.0 0.525796755923 0.533737498623 
1.45145145145 1.0 0.992886849216 0.988286524125 
-7.71771771772 1.0 -0.990730428893 -0.982054886381 
1.65165165165 1.0 0.996732988666 0.993699297756 
-0.0900900900901 1.0 -0.0899682743046 -0.0915164455953 
1.23123123123 1.0 0.942899611382 0.938652780892 
3.59359359359 1.0 -0.436766402789 -0.444885120032 
0.870870870871 1.0 0.764890207772 0.76445885908 
-7.63763763764 1.0 -0.976688773762 -0.976938077905 
0.37037037037 1.0 0.361960713579 0.367379079361 
9.35935935936 1.0 0.0653719505576 0.106858139966 
3.13313313313 1.0 0.00845941955822 0.0157146744219 
7.81781781782 1.0 0.999346160464 0.915441251277 
-1.17117117117 1.0 -0.921206900567 -1.08277933107 
-2.37237237237 1.0 -0.695575258639 -0.925030437238 
-6.33633633634 1.0 -0.0531260071326 -0.0712977499447 
8.07807807808 1.0 0.974995298193 0.873588412629 
-7.81781781782 1.0 -0.999346160464 -0.979057467039 
-4.29429429429 1.0 0.913864194148 1.01365211879 
-4.77477477477 1.0 0.998054637396 1.00817369835 
-5.7957957958 1.0 0.468320967329 0.458957424784 
-8.6986986987 1.0 -0.66394288333 -0.56925954077 
8.23823823824 1.0 0.927077365617 0.822957711703 
-0.13013013013 1.0 -0.1297631736 -0.133147793067 
0.13013013013 1.0 0.1297631736 0.134264331402 
-8.61861861862 1.0 -0.721633711464 -0.629456998336 
-7.07707707708 1.0 -0.713087090062 -0.752329472761 
8.91891891892 1.0 0.484559073218 0.444984090728 
2.29229229229 1.0 0.750818471552 0.762419331812 
-8.87887887888 1.0 -0.519186710331 -0.422583055176 
8.95895895896 1.0 0.449154692451 0.416460995999 
-0.19019019019 1.0 -0.189045659132 -0.195683944716 
-4.33433433433 1.0 0.929384449502 1.02010849921 
-0.39039039039 1.0 -0.380549461752 -0.402889164415 
-4.53453453453 1.0 0.984225545624 1.03281707795 
4.47447447447 1.0 -0.971831589603 -0.980094873322 
-8.15815815816 1.0 -0.9540939133 -0.895316771872 
4.19419419419 1.0 -0.868714740054 -0.879028663026 
4.91491491491 1.0 -0.979561626072 -0.99298414566 
-5.5955955956 1.0 0.634676409709 0.621360704585 
-9.03903903904 1.0 -0.376243865658 -0.28187577913 
-1.05105105105 1.0 -0.867945718946 -1.00154159194 
-0.870870870871 1.0 -0.764890207772 -0.859713665504 
5.11511511512 1.0 -0.919995965877 -0.939206972417 
-8.55855855856 1.0 -0.761885650774 -0.672271163122 
2.27227227227 1.0 0.763890524376 0.775005306019 
3.15315315315 1.0 -0.0115602420643 -0.00500763511178 
3.99399399399 1.0 -0.752863081707 -0.764680838132 
-8.3983983984 1.0 -0.855429505195 -0.775441817745 
-4.89489489489 1.0 0.983391971377 0.980503288901 
7.11711711712 1.0 0.740579143612 0.73272212042 
0.830830830831 1.0 0.738491823944 0.738616991343 
-1.55155155155 1.0 -0.999814825028 -1.24788163995 
0.03003003003 1.0 0.0300255167065 0.0325512614557 
8.73873873874 1.0 0.633477463068 0.566147967363 
-8.8988988989 1.0 -0.501973484202 -0.40545928929 
-9.51951951952 1.0 0.094599889559 0.169152784905 
-9.41941941942 1.0 -0.00535851570584 0.0738985447267 
-6.23623623624 1.0 0.046931825201 0.0327380244602 
3.77377377377 1.0 -0.590905760288 -0.602123681138 
-6.8968968969 1.0 -0.575905704393 -0.615762538635 
-4.83483483483 1.0 0.99251286792 0.995592569822 
0.21021021021 1.0 0.208665487323 0.213987126498 
-1.77177177177 1.0 -0.979872320608 -1.26291732275 
-8.67867867868 1.0 -0.678779469621 -0.584625415843 
0.970970970971 1.0 0.825434213842 0.823681460054 
-1.71171171171 1.0 -0.990087845702 -1.26555410993 
-0.49049049049 1.0 -0.471058607419 -0.504347825059 
6.01601601602 1.0 -0.264002216892 -0.282419208916 
-8.77877877878 1.0 -0.601996584369 -0.505837598854 
7.7977977978 1.0 0.998422103411 0.916404146722 
-0.670670670671 1.0 -0.62151153354 -0.680078205969 
0.950950950951 1.0 0.813968289004 0.812469266502 
-8.11811811812 1.0 -0.965318303844 -0.910712786275 
-9.57957957958 1.0 0.154184093352 0.226098988938 
7.25725725726 1.0 0.827180739833 0.806056882006 
-4.75475475475 1.0 0.999102704803 1.01180634601 
-2.77277277277 1.0 -0.360514923027 -0.418065635409 
3.17317317317 1.0 -0.0315752704827 -0.0257365457449 
-2.49249249249 1.0 -0.604469813648 -0.790961204793 
-3.31331331331 1.0 0.170877953796 0.338965484948 
-3.77377377377 1.0 0.590905760288 0.790102358487 
-5.73573573574 1.0 0.520511228445 0.510201750375 
-3.89389389389 1.0 0.683320745574 0.866907069493 
-5.33533533534 1.0 0.812162990678 0.79392231575 
-9.45945945946 1.0 0.034674546587 0.112024141517 
-5.41541541542 1.0 0.762889004574 0.745682400635 
-7.67767767768 1.0 -0.984498672401 -0.980340284678 
-3.93393393393 1.0 0.711999223182 0.888910157305 
-9.17917917918 1.0 -0.243137181641 -0.153179020501 
9.71971971972 1.0 -0.290684124469 -0.19531700888 
-7.8978978979 1.0 -0.999035835857 -0.969327344375 
1.51151151151 1.0 0.998243169988 0.993911355284 
-8.27827827828 1.0 -0.911328515751 -0.841041112402 
6.87687687688 1.0 0.559424700424 0.566108191533 
4.45445445445 1.0 -0.966918909573 -0.975238699842 
-0.01001001001 1.0 -0.0100098428432 -0.00861786392376 
-1.11111111111 1.0 -0.89619220103 -1.04363429162 
-3.99399399399 1.0 0.752863081707 0.918668935786 
-4.09409409409 1.0 0.81486800406 0.95995086705 
0.0500500500501 1.0 0.0500291567086 0.0530443595315 
7.15715715716 1.0 0.766884055736 0.755541140508 
-2.93293293293 1.0 -0.207148878373 -0.185434684599 
-6.93693693694 1.0 -0.608168751487 -0.648385956179 
7.57757757758 1.0 0.96204298189 0.903965602879 
4.33433433433 1.0 -0.929384449502 -0.938412963786 
-6.21621621622 1.0 0.066919044364 0.0534190524833 
8.57857857858 1.0 0.748766641479 0.662474877785 
8.0980980981 1.0 0.970351253498 0.868235940165 
1.53153153153 1.0 0.999229236959 0.99502477864 
8.998998999 1.0 0.413030320922 0.387415843216 
6.41641641642 1.0 0.132837305145 0.135293285957 
-6.61661661662 1.0 -0.327287278425 -0.358529407828 
7.67767767768 1.0 0.984498672401 0.914952760409 
6.996996997 1.0 0.654719669029 0.655584649536 
5.05505505506 1.0 -0.941862214566 -0.959234491127 
-3.03303303303 1.0 -0.108346513523 -0.0401296474824 
-5.63563563564 1.0 0.603233924101 0.590848362497 
-6.6966966967 1.0 -0.401827232414 -0.436392512963 
-8.43843843844 1.0 -0.834011915114 -0.751247279305 
-0.33033033033 1.0 -0.32435551719 -0.341148951558 
-7.01701701702 1.0 -0.669720024621 -0.709822626881 
5.87587587588 1.0 -0.396140311588 -0.42034229111 
-5.57557557558 1.0 0.650019222236 0.636231438739 
-4.49449449449 1.0 0.976354771373 1.03279133741 
0.570570570571 1.0 0.540112324789 0.543775933255 
8.11811811812 1.0 0.965318303844 0.862597015038 
9.25925925926 1.0 0.164763965562 0.187724546505 
-5.01501501502 1.0 0.954557149695 0.942853612159 
-4.01401401401 1.0 0.765888052358 0.927743098591 
-4.31431431431 1.0 0.921809046742 1.01705046399 
9.83983983984 1.0 -0.403246556161 -0.297886026153 
1.77177177177 1.0 0.979872320608 0.978698019119 
-3.83383383383 1.0 0.63826408348 0.830561115968 
4.41441441441 1.0 -0.955933085822 -0.964424433115 
-6.63663663664 1.0 -0.346137843492 -0.378254439751 
-8.5985985986 1.0 -0.735347535638 -0.643960022387 
-0.810810810811 1.0 -0.724845989014 -0.807947559027 
-2.33233233233 1.0 -0.723776968945 -0.965283787127 
3.37337337337 1.0 -0.229710988177 -0.231165708005 
4.69469469469 1.0 -0.999843460211 -1.00908437062 
5.01501501502 1.0 -0.954557149695 -0.970736294563 
-6.996996997 1.0 -0.654719669029 -0.694959214777 
2.39239239239 1.0 0.681053382124 0.694846656475 
-3.53353353353 1.0 0.381982835353 0.585617743617 
-4.73473473473 1.0 0.99975034402 1.01515678691 
-6.81681681682 1.0 -0.508663293061 -0.547040931595 
-1.69169169169 1.0 -0.992701051804 -1.26527472182 
5.03503503504 1.0 -0.948399735659 -0.965170821082 
3.03303303303 1.0 0.108346513523 0.118877036587 
-4.61461461461 1.0 0.995223893414 1.02925830626 
5.75575575576 1.0 -0.503313872361 -0.530774305657 
-3.97397397397 1.0 0.739536372707 0.909175469469 
1.67167167167 1.0 0.994916395419 0.99214569317 
-7.45745745746 1.0 -0.922408976872 -0.940519785488 
5.07507507508 1.0 -0.934947206573 -0.952927924587 
6.13613613614 1.0 -0.146519791772 -0.158779475771 
-7.15715715716 1.0 -0.766884055736 -0.803905954679 
6.97697697698 1.0 0.639456909771 0.641501156427 
3.89389389389 1.0 -0.683320745574 -0.695259134794 
-4.25425425425 1.0 0.896879023055 1.00581721326 
7.27727727728 1.0 0.838264195546 0.815026653654 
1.69169169169 1.0 0.992701051804 0.990212455804 
9.0990990991 1.0 0.319952035985 0.312694131942 
-4.91491491491 1.0 0.979561626072 0.974918946859 
-3.69369369369 1.0 0.524477262156 0.72959398494 
-1.57157157157 1.0 -0.999999699498 -1.25196487331 
3.11311311311 1.0 0.0284756907485 0.0364203240542 
9.51951951952 1.0 -0.094599889559 -0.0258180682194 
-3.57357357357 1.0 0.41867057176 0.624489641747 
-1.15115115115 1.0 -0.91323356617 -1.07007195144 
-4.15415415415 1.0 0.848191426515 0.979959611294 
-7.1971971972 1.0 -0.791959659904 -0.82740724424 
5.995995996 1.0 -0.2832577738 -0.302611056152 
8.35835835836 1.0 0.875475849797 0.773952864258 
0.01001001001 1.0 0.0100098428432 0.0119951480907 
8.85885885886 1.0 0.536191852752 0.486730726762 
-5.61561561562 1.0 0.61907922661 0.606232184649 
1.07107107107 1.0 0.877714248189 0.874802436387 
-1.47147147147 1.0 -0.995071340501 -1.22652108075 
1.99199199199 1.0 0.912600742763 0.916343871902 
9.43943943944 1.0 -0.0146609534063 0.0409536264336 
-6.5965965966 1.0 -0.308305540605 -0.338649919351 
-7.7977977978 1.0 -0.998422103411 -0.980480482068 
3.33333333333 1.0 -0.190567962875 -0.190592171535 
-0.850850850851 1.0 -0.75184168035 -0.842682591719 
6.73673673674 1.0 0.438160658811 0.447752542435 
-1.23123123123 1.0 -0.942899611382 -1.11875769873 
2.61261261261 1.0 0.504653050544 0.521151631668 
-7.3973973974 1.0 -0.897563688968 -0.920688319345 
-0.510510510511 1.0 -0.488622728493 -0.524364645245 
1.55155155155 1.0 0.999814825028 0.995756954327 
-9.5995995996 1.0 0.173932497848 0.245019718544 
-9.35935935936 1.0 -0.0653719505576 0.0167463075319 
8.51851851852 1.0 0.787202470352 0.695446634219 
2.59259259259 1.0 0.521834495241 0.538238426008 
6.67667667668 1.0 0.38341529066 0.393008896832 
2.03203203203 1.0 0.895503224543 0.900286483676 
7.01701701702 1.0 0.669720024621 0.669324504518 
1.59159159159 1.0 0.999783786273 0.996077235486 
-8.81881881882 1.0 -0.569550710787 -0.473031629541 
7.75775775776 1.0 0.995374053792 0.91730937585 
6.63663663664 1.0 0.346137843492 0.355344943672 
-4.07407407407 1.0 0.803100948886 0.952501792545 
-2.79279279279 1.0 -0.341770182763 -0.389332382037 
-7.55755755756 1.0 -0.956387136503 -0.965029254051 
-7.35735735736 1.0 -0.879195966573 -0.905347969124 
-5.21521521522 1.0 0.87622408965 0.858042917702 
5.83583583584 1.0 -0.432577348176 -0.458056532488 
-9.13913913914 1.0 -0.281770446506 -0.190358928312 
4.85485485485 1.0 -0.989868890237 -1.0018576523 
-2.61261261261 1.0 -0.504653050544 -0.639535707116 
0.810810810811 1.0 0.724845989014 0.725252748596 
-1.49149149149 1.0 -0.996857019318 -1.23259864414 
-3.25325325325 1.0 0.111428711879 0.262868289139 
-3.59359359359 1.0 0.436766402789 0.643208171876 
8.47847847848 1.0 0.811257411747 0.716394393247 
-1.91191191191 1.0 -0.942382045726 -1.23563503248 
9.53953953954 1.0 -0.114509838728 -0.0426242934746 
-0.45045045045 1.0 -0.435371096772 -0.464019561029 
-2.29229229229 1.0 -0.750818471552 -1.00315943653 
-3.19319319319 1.0 0.0515776439174 0.183566840785 
-7.37737737738 1.0 -0.888557889358 -0.913229044456 
6.15615615616 1.0 -0.126687794244 -0.137859464423 
-8.0980980981 1.0 -0.970351253498 -0.917884818618 
1.43143143143 1.0 0.99030442098 0.985651654236 
-8.93893893894 1.0 -0.466950456861 -0.370784864493 
-2.87287287287 1.0 -0.265497380359 -0.273155476948 
-0.47047047047 1.0 -0.453305691794 -0.4842305944 
-5.3953953954 1.0 0.775678794758 0.758152206815 
1.01101101101 1.0 0.84736912878 0.845129049395 
0.630630630631 1.0 0.589654207656 0.592562129528 
8.55855855856 1.0 0.761885650774 0.673667268991 
-5.03503503504 1.0 0.948399735659 0.935613111885 
0.41041041041 1.0 0.398985690337 0.404182250858 
4.29429429429 1.0 -0.913864194148 -0.923232798497 
8.63863863864 1.0 0.707630665292 0.627730454232 
8.71871871872 1.0 0.648840196822 0.578815325905 
-3.07307307307 1.0 -0.0684659772958 0.0171164017209 
-5.65565565566 1.0 0.587146852786 0.57521193204 
-6.0960960961 1.0 0.185999691898 0.175782877702 
-8.25825825826 1.0 -0.919387180273 -0.850902111365 
2.87287287287 1.0 0.265497380359 0.280023960944 
-9.4994994995 1.0 0.0746520259067 0.150124114002 
-2.51251251251 1.0 -0.588401237484 -0.766827035659 
7.03703703704 1.0 0.684451964588 0.682716217055 
-2.21221221221 1.0 -0.801249393857 -1.07149572328 
1.17117117117 1.0 0.921206900567 0.91737187193 
2.07207207207 1.0 0.876970223046 0.88281667573 
1.03103103103 1.0 0.857829327634 0.855356849983 
-8.01801801802 1.0 -0.986576173517 -0.942966120673 
-9.33933933934 1.0 -0.0853347124856 -0.00227505975929 
3.43343343343 1.0 -0.28771565565 -0.291223910834 
3.05305305305 1.0 0.0884239650333 0.0983375017787 
1.27127127127 1.0 0.955476737061 0.951023389812 
-3.05305305305 1.0 -0.0884239650333 -0.0114210032657 
-0.37037037037 1.0 -0.361960713579 -0.382368263027 
0.590590590591 1.0 0.556851671602 0.560271078427 
4.35435435435 1.0 -0.936587366299 -0.945461198947 
5.27527527528 1.0 -0.845718424022 -0.86970118892 
0.510510510511 1.0 0.488622728493 0.492960288437 
6.23623623624 1.0 -0.046931825201 -0.0536976179746 
-1.67167167167 1.0 -0.994916395419 -1.26442844171 
-6.31631631632 1.0 -0.0331249483513 -0.050441436635 
0.33033033033 1.0 0.32435551719 0.329909539372 
-4.85485485485 1.0 0.989868890237 0.990840605351 
8.2982982983 1.0 0.902904601864 0.799575120636 
2.77277277277 1.0 0.360514923027 0.376510263344 
-1.01101101101 1.0 -0.84736912878 -0.971948763014 
-4.27427427427 1.0 0.905553075921 1.0099091738 
-0.610610610611 1.0 -0.573367839051 -0.622708538326 
-8.03803803804 1.0 -0.983109384216 -0.937245159494 
-4.99499499499 1.0 0.960331988856 0.949818454844 
-6.73673673674 1.0 -0.438160658811 -0.474178793481 
7.37737737738 1.0 0.888557889358 0.854160183075 
-1.29129129129 1.0 -0.961192106815 -1.15134712989 
-2.03203203203 1.0 -0.895503224543 -1.18758189478 
3.45345345345 1.0 -0.306830209454 -0.310990989601 
-8.05805805806 1.0 -0.979248576653 -0.931155220306 
4.87487487487 1.0 -0.986828185163 -0.999273247967 
3.63363363363 1.0 -0.472425730458 -0.481441968211 
-4.47447447447 1.0 0.971831589603 1.03231787162 
-7.93793793794 1.0 -0.996477739177 -0.962081995581 
4.93493493493 1.0 -0.975338684403 -0.98927977295 
-7.41741741742 1.0 -0.906209755988 -0.927724107187 
-5.23523523524 1.0 0.866401418913 0.848045035071 
-9.67967967968 1.0 0.252150304413 0.32028254489 
-8.45845845846 1.0 -0.822799547447 -0.738737033436 
5.41541541542 1.0 -0.762889004574 -0.790158217594 
-9.43943943944 1.0 0.0146609534063 0.0929621719019 
2.19219219219 1.0 0.813066617154 0.822131511989 
-2.55255255255 1.0 -0.555563147622 -0.717176658833 
-2.65265265265 1.0 -0.469690351946 -0.585907391809 
5.91591591592 1.0 -0.359068265792 -0.381814436088 
4.49449449449 1.0 -0.976354771373 -0.984582749696 
-9.1991991992 1.0 -0.223670498102 -0.134488318019 
8.7987987988 1.0 0.585891056576 0.527149780035 
0.25025025025 1.0 0.247646422081 0.253164942625 
-0.25025025025 1.0 -0.247646422081 -0.258178546793 
-2.89289289289 1.0 -0.246143932464 -0.243928602056 
-4.21421421421 1.0 0.878456163293 0.996567988621 
-7.11711711712 1.0 -0.740579143612 -0.778865976827 
2.11211211211 1.0 0.857031446499 0.863953548979 
6.45645645646 1.0 0.172405433055 0.176574159976 
0.690690690691 1.0 0.637069722791 0.639167144549 
-1.37137137137 1.0 -0.980180659514 -1.18913866657 
1.37137137137 1.0 0.980180659514 0.975477531354 
3.81381381381 1.0 -0.622725447279 -0.63429907228 
9.87987987988 1.0 -0.439553861488 -0.332092876556 
0.27027027027 1.0 0.266991905564 0.272561603442 
7.2972972973 1.0 0.849011685183 0.823616013092 
8.5985985986 1.0 0.735347535638 0.651085532278 
-6.75675675676 1.0 -0.456067581459 -0.49274845305 
-6.85685685686 1.0 -0.542719485852 -0.581957156165 
8.6986986987 1.0 0.66394288333 0.591310800949 
7.13713713714 1.0 0.753882673169 0.744316079666 
3.29329329329 1.0 -0.151119458915 -0.149682348765 
1.85185185185 1.0 0.960763202681 0.961180704613 
-7.21721721722 1.0 -0.804023831509 -0.838569005849 
5.71571571572 1.0 -0.537499969971 -0.565653070344 
6.71671671672 1.0 0.42007812671 0.429750464503 
-5.25525525526 1.0 0.856231505045 0.837771388292 
-7.85785785786 1.0 -0.999992487454 -0.974994206259 
4.57457457457 1.0 -0.990518615549 -0.998838813528 
2.97297297297 1.0 0.167821766571 0.180061160086 
-6.37637637638 1.0 -0.0930562402792 -0.113008758711 
-9.3993993994 1.0 -0.0253758371902 0.054838088338 
-5.995995996 1.0 0.2832577738 0.27449495737 
-9.63963963964 1.0 0.213212289782 0.282743424981 
-2.69269269269 1.0 -0.433974744115 -0.530992873157 
-0.15015015015 1.0 -0.149586594914 -0.153987463468 
-2.67267267267 1.0 -0.451923110669 -0.558599325529 
4.39439439439 1.0 -0.949864345085 -0.958467994347 
6.1961961962 1.0 -0.0868794431893 -0.0958518309617 
-8.35835835836 1.0 -0.875475849797 -0.798499899549 
-1.03103103103 1.0 -0.857829327634 -0.986893005051 
-2.25225225225 1.0 -0.776656419186 -1.03858336973 
0.43043043043 1.0 0.417262010319 0.422318913943 
-8.998998999 1.0 -0.413030320922 -0.317791957971 
2.17217217217 1.0 0.824557973258 0.833091976339 
-8.31831831832 1.0 -0.894118814814 -0.820379933442 
-8.95895895896 1.0 -0.449154692451 -0.353245676536 
-2.43243243243 1.0 -0.651196684992 -0.86038968308 
2.09209209209 1.0 0.867174611281 0.873558023945 
4.95495495495 1.0 -0.970724838874 -0.985202483496 
1.41141141141 1.0 0.987325090799 0.982637935164 
-3.67367367367 1.0 0.507327764109 0.713277132799 
2.41241241241 1.0 0.666258547712 0.680431853193 
2.71271271271 1.0 0.415852445773 0.432304237751 
-9.47947947948 1.0 0.054674242632 0.131079688726 
-4.03403403403 1.0 0.778606064409 0.936403145458 
6.91691691692 1.0 0.592155892373 0.597238476938 
6.77677677678 1.0 0.473791717778 0.482975954332 
-0.21021021021 1.0 -0.208665487323 -0.216528375116 
0.49049049049 1.0 0.471058607419 0.475597579133 
7.35735735736 1.0 0.879195966573 0.847096474064 
0.45045045045 1.0 0.435371096772 0.440270985564 
4.63463463463 1.0 -0.996978653508 -1.00563642873 
-5.17517517518 1.0 0.894812095251 0.877211174155 
-4.37437437437 1.0 0.943414910292 1.02522013872 
9.85985985986 1.0 -0.421484671785 -0.314991359685 
4.53453453453 1.0 -0.984225545624 -0.99245100726 
-2.71271271271 1.0 -0.415852445773 -0.503111838326 
-2.75275275275 1.0 -0.379115173303 -0.44662341302 
-5.2952952953 1.0 0.834866389361 0.816397308786 
7.5975975976 1.0 0.967313252172 0.906891225477 
-2.57257257257 1.0 -0.53880679503 -0.6916983115 
8.15815815816 1.0 0.9540939133 0.850474753064 
7.91791791792 1.0 0.997956771974 0.905653526045 
-4.93493493493 1.0 0.975338684403 0.969058017897 
-4.19419419419 1.0 0.868714740054 0.991401319774 
4.89489489489 1.0 -0.983391971377 -0.996315365965 
1.95195195195 1.0 0.928235370545 0.930971227951 
-1.09109109109 1.0 -0.887131000257 -1.02992019391 
6.61661661662 1.0 0.327287278425 0.33619081513 
7.97797797798 1.0 0.992322298019 0.895924392486 
9.57957957958 1.0 -0.154184093352 -0.0763523616559 
5.85585585586 1.0 -0.41444188151 -0.439305486204 
-5.83583583584 1.0 0.432577348176 0.423673713564 
0.17017017017 1.0 0.169350063744 0.174337310791 
0.0700700700701 1.0 0.0700127456343 0.0734683278526 
-0.970970970971 1.0 -0.825434213842 -0.94120464162 
3.61361361361 1.0 -0.454687183165 -0.463268937008 
-1.85185185185 1.0 -0.960763202681 -1.25103613252 
-9.83983983984 1.0 0.403246556161 0.467973096436 
2.35235235235 1.0 0.709818357066 0.722788539826 
2.25225225225 1.0 0.776656419186 0.787272963086 
-8.1981981982 1.0 -0.941340119153 -0.878548039651 
5.31531531532 1.0 -0.823679750423 -0.848724891977 
4.43443443443 1.0 -0.961618700226 -0.970014955739 
-7.13713713714 1.0 -0.753882673169 -0.791575778161 
-4.35435435435 1.0 0.936587366299 1.0228303831 
-4.81481481481 1.0 0.994759058541 1.00006591571 
-5.67567567568 1.0 0.570824460166 0.559325804537 
9.03903903904 1.0 0.376243865658 0.357875412413 
-6.67667667668 1.0 -0.38341529066 -0.417196912753 
5.17517517518 1.0 -0.894812095251 -0.915869236251 
-9.65965965966 1.0 0.232727934358 0.301538087676 
-1.63163163163 1.0 -0.998150103477 -1.26106580623 
-3.37337337337 1.0 0.229710988177 0.41150471886 
9.33933933934 1.0 0.0853347124856 0.123176229365 
-7.51751751752 1.0 -0.943927941216 -0.956509837758 
4.55455455455 1.0 -0.987569983594 -0.995830225526 
-5.07507507508 1.0 0.934947206573 0.92030525587 
4.21421421421 1.0 -0.878456163293 -0.888577589472 
5.35535535536 1.0 -0.800320725902 -0.826338520219 
7.05705705706 1.0 0.698909584547 0.695755586192 
9.11911911912 1.0 0.30092154409 0.297414679313 
6.25625625626 1.0 -0.0269257963344 -0.0325946840833 
-6.2962962963 1.0 -0.0131106134944 -0.0295990711011 
7.21721721722 1.0 0.804023831509 0.786979835913 
-2.91291291291 1.0 -0.226691833081 -0.214679881289 
5.63563563564 1.0 -0.603233924101 -0.632169618568 
5.8958958959 1.0 -0.377679973455 -0.401175631715 
-5.55555555556 1.0 0.665101514979 0.650842106591 
-5.81581581582 1.0 0.450539443112 0.441424499647 
5.33533533534 1.0 -0.812162990678 -0.837706820348 
5.5955955956 1.0 -0.634676409709 -0.663707616146 
-5.93593593594 1.0 0.340312647942 0.33184040509 
-9.6996996997 1.0 0.271471615699 0.338972837832 
-7.61761761762 1.0 -0.972195835089 -0.974600509215 
-3.39339339339 1.0 0.249148316352 0.434842950109 
3.79379379379 1.0 -0.606937230307 -0.618347945558 
1.83183183183 1.0 0.96612325186 0.966118667409 
-3.73373373373 1.0 0.558138856901 0.760795587478 
5.1951951952 1.0 -0.885695580449 -0.907359214091 
-8.47847847848 1.0 -0.811257411747 -0.725958590405 
5.65565565566 1.0 -0.587146852786 -0.615961681416 
-7.27727727728 1.0 -0.838264195546 -0.869648859771 
-2.45245245245 1.0 -0.635873830576 -0.837758964371 
-6.91691691692 1.0 -0.592155892373 -0.632226284863 
-9.97997997998 1.0 0.527114985665 0.59293210982 
-9.7997997998 1.0 0.366292850383 0.431479036445 
8.17817817818 1.0 0.947906971008 0.843998915055 
4.05405405405 1.0 -0.791012020637 -0.802509973006 
-7.87787787788 1.0 -0.99971449835 -0.972359704334 
9.91991991992 1.0 -0.475156566095 -0.366274502612 
1.25125125125 1.0 0.949378423874 0.945021195317 
-1.87187187187 1.0 -0.955018091318 -1.24652983053 
1.73173173173 1.0 0.987077824457 0.985209848453 
-9.15915915916 1.0 -0.26250641876 -0.171804380497 
-5.47547547548 1.0 0.722706208904 0.706645180733 
-2.13213213213 1.0 -0.846544793956 -1.12961416041 
9.7997997998 1.0 -0.366292850383 -0.263674028549 
-1.89189189189 1.0 -0.948890220341 -1.24139781381 
-1.41141141141 1.0 -0.987325090799 -1.20545668679 
4.99499499499 1.0 -0.960331988856 -0.975930367443 
-1.19119119119 1.0 -0.928811026462 -1.09513488522 
-2.19219219219 1.0 -0.813066617154 -1.08699511252 
4.27427427427 1.0 -0.905553075921 -0.915103554975 
-6.51651651652 1.0 -0.231219739195 -0.257811783699 
-7.65765765766 1.0 -0.980790267476 -0.978850901631 
1.79179179179 1.0 0.975679725882 0.974878623971 
-0.790790790791 1.0 -0.710909644644 -0.790258382575 
-0.710710710711 1.0 -0.65237258226 -0.717527505747 
9.47947947948 1.0 -0.054674242632 0.00766428233454 
5.47547547548 1.0 -0.722706208904 -0.750927287299 
-7.23723723724 1.0 -0.81576576016 -0.849332438231 
-1.43143143143 1.0 -0.99030442098 -1.21294164182 
-7.43743743744 1.0 -0.914492625181 -0.934334984407 
9.21921921922 1.0 0.204114170152 0.219520755428 
1.31131131131 1.0 0.966522242485 0.961921440001 
7.61761761762 1.0 0.972195835089 0.90945043584 
0.19019019019 1.0 0.189045659132 0.194218167263 
7.41741741742 1.0 0.906209755988 0.867144184911 
9.65965965966 1.0 -0.232727934358 -0.1441911631 
3.27327327327 1.0 -0.131300397197 -0.129126227597 
-0.630630630631 1.0 -0.589654207656 -0.64198188447 
6.21621621622 1.0 -0.066919044364 -0.074787236174 
1.97197197197 1.0 0.920602539794 0.923837347672 
0.550550550551 1.0 0.523156507537 0.527055260463 
0.0900900900901 1.0 0.0899682743046 0.0938170535589 
3.83383383383 1.0 -0.63826408348 -0.649971240043 
2.79279279279 1.0 0.341770182763 0.357541661654 
-1.27127127127 1.0 -0.955476737061 -1.14087437673 
4.07407407407 1.0 -0.803100948886 -0.814460253828 
0.770770770771 1.0 0.69668837635 0.697661471699 
4.75475475475 1.0 -0.999102704803 -1.00917555562 
-8.63863863864 1.0 -0.707630665292 -0.614729801491 
-5.1951951952 1.0 0.885695580449 0.867764972169 
4.71471471471 1.0 -0.999997295481 -1.00948800699 
-0.35035035035 1.0 -0.343226895963 -0.361786058218 
-9.27927927928 1.0 -0.144985860003 -0.0591801559186 
-9.91991991992 1.0 0.475156566095 0.539942379508 
-1.51151151151 1.0 -0.998243169988 -1.23819018681 
-6.01601601602 1.0 0.264002216892 0.255045935075 
8.53853853854 1.0 0.774699305584 0.684659070527 
-1.21121121121 1.0 -0.936042896216 -1.10713041903 
-6.43643643644 1.0 -0.152651959622 -0.175405437028 
-6.17617617618 1.0 0.106805021793 0.0945735047942 
2.63263263263 1.0 0.487269347053 0.503828627264 
-0.27027027027 1.0 -0.266991905564 -0.278971806607 
9.8998998999 1.0 -0.45744688336 -0.349188080494 
-0.930930930931 1.0 -0.802176135594 -0.909371414177 
-6.41641641642 1.0 -0.132837305145 -0.154644076569 
-3.43343343343 1.0 0.28771565565 0.480203480836 
5.73573573574 1.0 -0.520511228445 -0.548343152329 
2.37237237237 1.0 0.695575258639 0.708966993871 
8.65865865866 1.0 0.693344009372 0.615771926171 
-1.83183183183 1.0 -0.96612325186 -1.25492213158 
8.43843843844 1.0 0.834011915114 0.736481117475 
4.51451451451 1.0 -0.980486642048 -0.988701663716 
-3.35335335335 1.0 0.210181594637 0.387739195899 
-7.53753753754 1.0 -0.950347982805 -0.960983655691 
-8.85885885886 1.0 -0.536191852752 -0.43955686581 
2.69269269269 1.0 0.433974744115 0.450506754772 
9.45945945946 1.0 -0.034674546587 0.0243345553241 
0.750750750751 1.0 0.682187883844 0.683444259061 
9.17917917918 1.0 0.243137181641 0.250964781265 
-5.11511511512 1.0 0.919995965877 0.9038948386 
7.0970970971 1.0 0.726978798959 0.720761992416 
3.73373373373 1.0 -0.558138856901 -0.568880147409 
0.710710710711 1.0 0.65237258226 0.654191920495 
7.17717717718 1.0 0.779578080518 0.766394855312 
-5.51551551552 1.0 0.694460468753 0.679275090876 
9.13913913914 1.0 0.281770446506 0.282031147282 
6.31631631632 1.0 0.0331249483513 0.0306762546619 
5.81581581582 1.0 -0.450539443112 -0.476586993679 
9.95995995996 1.0 -0.509997599178 -0.400411265265 
-0.0500500500501 1.0 -0.0500291567086 -0.0499901020283 
-8.21821821822 1.0 -0.934395989648 -0.869660390474 
-6.71671671672 1.0 -0.42007812671 -0.455390002747 
-3.21321321321 1.0 0.0715593456609 0.210331918584 
5.95595595596 1.0 -0.32142063693 -0.342545333218 
6.8968968969 1.0 0.575905704393 0.581831594791 
-5.71571571572 1.0 0.537499969971 0.526817229899 
-8.17817817818 1.0 -0.947906971008 -0.887101716359 
-0.570570570571 1.0 -0.540112324789 -0.583745975991 
-6.95695695696 1.0 -0.623937863975 -0.664233289142 
2.45245245245 1.0 0.635873830576 0.650736902754 
-3.75375375375 1.0 0.574637462441 0.775684531508 
-9.11911911912 1.0 -0.30092154409 -0.208837160078 
6.95695695696 1.0 0.623937863975 0.62707883472 
7.07707707708 1.0 0.713087090062 0.708438711945 
4.37437437437 1.0 -0.943414910292 -0.952146576994 
1.91191191191 1.0 0.942382045726 0.944152392096 
3.97397397397 1.0 -0.739536372707 -0.751423325035 
7.45745745746 1.0 0.922408976872 0.878607745239 
9.97997997998 1.0 -0.527114985665 -0.417456808701 
0.530530530531 1.0 0.505991015532 0.510114787611 
2.01201201201 1.0 0.904233186475 0.908492865421 
6.85685685686 1.0 0.542719485852 0.550074610411 
-7.2972972973 1.0 -0.849011685183 -0.879194849748 
-4.95495495495 1.0 0.970724838874 0.962920809687 
-0.29029029029 1.0 -0.286230381945 -0.299735494174 
2.43243243243 1.0 0.651196684992 0.665727059101 
-1.97197197197 1.0 -0.920602539794 -1.21451759137 
4.65465465465 1.0 -0.998333836705 -1.00715833758 
6.81681681682 1.0 0.508663293061 0.51710380487 
6.0960960961 1.0 -0.185999691898 -0.200395112159 
3.21321321321 1.0 -0.0715593456609 -0.0671737686479 
5.93593593594 1.0 -0.340312647942 -0.362267870476 
8.61861861862 1.0 0.721633711464 0.639502854764 
6.11611611612 1.0 -0.166293065952 -0.179628436985 
9.55955955956 1.0 -0.13437389375 -0.0594700167154 
0.910910910911 1.0 0.790062479764 0.789088001764 
-9.73973973974 1.0 0.309780130585 0.376175503842 
1.33133133133 1.0 0.971465007816 0.966813805443 
4.13413413413 1.0 -0.837417761709 -0.848289141867 
8.31831831832 1.0 0.894118814814 0.791278203362 
-6.05605605606 1.0 0.225181436261 0.215691842697 
4.25425425425 1.0 -0.896879023055 -0.906616839508 
-0.03003003003 1.0 -0.0300255167065 -0.0292816550566 
7.53753753754 1.0 0.950347982805 0.897006737586 
6.6966966967 1.0 0.401827232414 0.411499604975 
-1.65165165165 1.0 -0.996732988666 -1.26302288365 
1.13113113113 1.0 0.904894218889 0.901395657058 
8.8988988989 1.0 0.501973484202 0.459041434642 
-0.910910910911 1.0 -0.790062479764 -0.893065611921 
1.19119119119 1.0 0.928811026462 0.924825813232 
5.4954954955 1.0 -0.708725363073 -0.737188153735 
8.41841841842 1.0 0.844890020967 0.746192345414 
2.49249249249 1.0 0.604469813648 0.619919808111 
9.73973973974 1.0 -0.309780130585 -0.212391341099 
-9.75975975976 1.0 0.328751980598 0.394680370522 
-8.91891891892 1.0 -0.484559073218 -0.388191312661 
-7.997997998 1.0 -0.989647555109 -0.948314119029 
0.47047047047 1.0 0.453305691794 0.458032514726 
-0.590590590591 1.0 -0.556851671602 -0.603294283581 
-8.57857857858 1.0 -0.748766641479 -0.658233270191 
-7.77777777778 1.0 -0.997097890944 -0.981494161583 
-0.750750750751 1.0 -0.682187883844 -0.754273306441 
-1.25125125125 1.0 -0.949378423874 -1.13000845333 
-2.39239239239 1.0 -0.681053382124 -0.904039197579 
-7.03703703704 1.0 -0.684451964588 -0.724343349844 
8.83883883884 1.0 0.552982096013 0.500355836508 
9.31931931932 1.0 0.105263273301 0.139425003083 
-7.5975975976 1.0 -0.967313252172 -0.971837086467 
-9.61961961962 1.0 0.193611192318 0.263902595883 
4.01401401401 1.0 -0.765888052358 -0.7776168721 
6.03603603604 1.0 -0.244640851113 -0.262091158164 
-9.2992992993 1.0 -0.125149645879 -0.0402434342063 
9.05905905906 1.0 0.357620745349 0.342927773347 
-1.07107107107 1.0 -0.877714248189 -1.01588663357 
-2.99299299299 1.0 -0.148053371305 -0.0979700384553 
2.83283283283 1.0 0.303877337824 0.319095207178 
8.01801801802 1.0 0.986576173517 0.887889994033 
6.53653653654 1.0 0.250649611665 0.257660238399 
2.65265265265 1.0 0.469690351946 0.486275760475 
3.31331331331 1.0 -0.170877953796 -0.170174332306 
-9.37937937938 1.0 -0.0453829883483 0.0357856927106 
-8.83883883884 1.0 -0.552982096013 -0.456374973511 
5.43543543544 1.0 -0.749793457774 -0.777415904091 
5.77577577578 1.0 -0.485914794209 -0.512953679881 
-5.05505505506 1.0 0.941862214566 0.928096991543 
-2.85285285285 1.0 -0.284744420138 -0.30233496256 
5.6956956957 1.0 -0.554273288059 -0.582697171854 
-5.87587587588 1.0 0.396140311588 0.38753930555 
7.93793793794 1.0 0.996477739177 0.902724906351 
2.75275275275 1.0 0.379115173303 0.39529862448 
-4.69469469469 1.0 0.999843460211 1.02100621035 
-6.7967967968 1.0 -0.491325964149 -0.52918950765 
8.4984984985 1.0 0.799390133963 0.706026299396 
6.43643643644 1.0 0.152651959622 0.155985758092 
7.73773773774 1.0 0.993251282848 0.917245531855 
-5.45545545546 1.0 0.736397402892 0.719927873203 
0.730730730731 1.0 0.667413978747 0.668952697349 
6.51651651652 1.0 0.231219739195 0.237601212614 
-4.67467467467 1.0 0.999288899866 1.02350246493 
4.23423423423 1.0 -0.887845512006 -0.897774270936 
6.07607607608 1.0 -0.205631771434 -0.221068400176 
0.610610610611 1.0 0.573367839051 0.576535018411 
5.61561561562 1.0 -0.61907922661 -0.648086794281 
-2.27227227227 1.0 -0.763890524376 -1.0211819363 
3.19319319319 1.0 -0.0515776439174 -0.0464619630228 
-7.47747747748 1.0 -0.929955638285 -0.946277597798 
-5.31531531532 1.0 0.823679750423 0.805297280786 
9.81981981982 1.0 -0.384846824231 -0.280779399188 
-2.53253253253 1.0 -0.572096837274 -0.742226009145 
-3.85385385385 1.0 0.653546911213 0.8431279534 
-4.41441441441 1.0 0.955933085822 1.02901865671 
-2.47247247247 1.0 -0.620296125676 -0.814610803758 
-8.13813813814 1.0 -0.959898466376 -0.903188629242 
-2.01201201201 1.0 -0.904233186475 -1.197211633 
3.23323323323 1.0 -0.0915123672906 -0.0878618324674 
1.75175175175 1.0 0.983672194447 0.982142115274 
-2.05205205205 1.0 -0.886414355831 -1.17729847131 
4.17417417417 1.0 -0.858625146533 -0.869129493555 
0.31031031031 1.0 0.305354140677 0.310939980673 
1.29129129129 1.0 0.961192106815 0.956657409637 
-0.950950950951 1.0 -0.813968289004 -0.925420309018 
-5.35535535536 1.0 0.800320725902 0.782272807339 
-9.21921921922 1.0 -0.204114170152 -0.115737706332 
-8.07807807808 1.0 -0.974995298193 -0.924700382952 
-6.11611611612 1.0 0.166293065952 0.155641207556 
2.93293293293 1.0 0.207148878373 0.220393812313 
7.71771771772 1.0 0.990730428893 0.916833391885 
2.85285285285 1.0 0.284744420138 0.29963353116 
7.63763763764 1.0 0.976688773762 0.911645490857 
-0.43043043043 1.0 -0.417262010319 -0.443721295017 
3.95395395395 1.0 -0.725913266541 -0.737848212022 
7.8978978979 1.0 0.999035835857 0.908263029591 
7.85785785786 1.0 0.999992487454 0.912510865329 
4.83483483483 1.0 -0.99251286792 -1.00406848326 
5.53553553554 1.0 -0.679917243139 -0.708739800927 
-9.01901901902 1.0 -0.39471619201 -0.299888834006 
4.03403403403 1.0 -0.778606064409 -0.790227746142 
-4.79479479479 1.0 0.996606561851 1.0042599054 
-6.35635635636 1.0 -0.0731057736575 -0.0921571752395 
-3.11311311311 1.0 -0.0284756907485 0.0735905690141 
5.0950950951 1.0 -0.927657483133 -0.946251822454 
6.05605605606 1.0 -0.225181436261 -0.241637347119 
-3.81381381381 1.0 0.622725447279 0.817537141407 
3.57357357357 1.0 -0.41867057176 -0.42629850366 
7.51751751752 1.0 0.943927941216 0.892969645581 
-8.73873873874 1.0 -0.633477463068 -0.537928841651 
-7.97797797798 1.0 -0.992322298019 -0.953285268596 
-0.23023023023 1.0 -0.228201684929 -0.237361986162 
-7.33733733734 1.0 -0.869481672757 -0.897047047725 
-2.35235235235 1.0 -0.709818357066 -0.945449136971 
6.55655655656 1.0 0.269979026825 0.277559331773 
-0.730730730731 1.0 -0.667413978747 -0.735991902411 
-1.33133133133 1.0 -0.971465007816 -1.17107962123 
-2.41241241241 1.0 -0.666258547712 -0.882487837226 
9.2992992993 1.0 0.125149645879 0.155601381088 
6.93693693694 1.0 0.608168751487 0.612322800463 
3.47347347347 1.0 -0.325821789448 -0.330616239905 
1.57157157157 1.0 0.999999699498 0.99610777111 
5.97597597598 1.0 -0.302399804444 -0.322656447956 
6.65665665666 1.0 0.36484968073 0.37428753019 
8.03803803804 1.0 0.983109384216 0.883419134501 
8.33833833834 1.0 0.884974675839 0.782736199002 
6.75675675676 1.0 0.456067581459 0.465497170884 
-2.23223223223 1.0 -0.789111039566 -1.05535669387 
-4.23423423423 1.0 0.887845512006 1.00137170131 
-0.11011011011 1.0 -0.109887744787 -0.112322067432 
5.51551551552 1.0 -0.694460468753 -0.723124279123 
2.99299299299 1.0 0.148053371305 0.159748423032 
-3.23323323323 1.0 0.0915123672906 0.236770978681 
10.0 1.0 -0.544021110889 -0.434483976931 
-9.07907907908 1.0 -0.338854295004 -0.245542502604 
2.13213213213 1.0 0.846544793956 0.85400587953 
3.93393393393 1.0 -0.711999223182 -0.723959581263 
-3.27327327327 1.0 0.131300397197 0.288608986743 
-5.95595595596 1.0 0.32142063693 0.312899322814 
1.47147147147 1.0 0.995071340501 0.990541812529 
-7.4974974975 1.0 -0.93712958481 -0.951607756242 
-3.17317317317 1.0 0.0315752704827 0.156492333086 
-5.27527527528 1.0 0.845718424022 0.827222089721 
9.93993993994 1.0 -0.492675811867 -0.383349701823 
5.25525525526 1.0 -0.856231505045 -0.879655243683 
0.35035035035 1.0 0.343226895963 0.348724589369 
6.2962962963 1.0 0.0131106134944 0.00960405820265 
-3.95395395395 1.0 0.725913266541 0.899257564391 
-8.71871871872 1.0 -0.648840196822 -0.553692116489 
1.09109109109 1.0 0.887131000257 0.884013405136 
4.97497497497 1.0 -0.965721938658 -0.980752566272 
7.23723723724 1.0 0.81576576016 0.796707569742 
-3.63363363363 1.0 0.472425730458 0.679204131329 
-8.4984984985 1.0 -0.799390133963 -0.712917339265 
-8.41841841842 1.0 -0.844890020967 -0.763483977432 
-6.03603603604 1.0 0.244640851113 0.235442301134 
7.997997998 1.0 0.989647555109 0.892059626604 
-7.31731731732 1.0 -0.859418901282 -0.888328506896 
-2.31231231231 1.0 -0.737445499834 -0.984523786246 
3.35335335335 1.0 -0.210181594637 -0.210925920921 
-5.15515515516 1.0 0.903569980268 0.886381530483 
8.13813813814 1.0 0.959898466376 0.856675371024 
-1.53153153153 1.0 -0.999229236959 -1.24328730647 
-0.990990990991 1.0 -0.836569314705 -0.956716709558 
1.05105105105 1.0 0.867945718946 0.865249137287 
-9.25925925926 1.0 -0.164763965562 -0.0780782930345 
9.23923923924 1.0 0.184476035731 0.203665091258 
5.57557557558 1.0 -0.650019222236 -0.679026744239 
2.89289289289 1.0 0.246143932464 0.260275009218 
-4.43443443443 1.0 0.961618700226 1.03043475547 
-4.59459459459 1.0 0.993070259711 1.03059318588 
-9.71971971972 1.0 0.290684124469 0.357605089121 
1.39139139139 1.0 0.983950052752 0.979246229395 
0.890890890891 1.0 0.777632176518 0.77692726007 
-8.97897897898 1.0 -0.431178912314 -0.335579470921 
-6.87687687688 1.0 -0.559424700424 -0.599003238614 
-9.95995995996 1.0 0.509997599178 0.575368612869 
9.75975975976 1.0 -0.328751980598 -0.22947738536 
2.33233233233 1.0 0.723776968945 0.736307114286 
2.31231231231 1.0 0.737445499834 0.749518678665 
8.27827827828 1.0 0.911328515751 0.807623188916 
-2.73273273273 1.0 -0.397563478837 -0.474980471408 
9.5995995996 1.0 -0.173932497848 -0.0932684726418 
8.21821821822 1.0 0.934395989648 0.830236627032 
-7.83783783784 1.0 -0.999869691753 -0.977227774344 
-7.05705705706 1.0 -0.698909584547 -0.738514497583 
2.95295295295 1.0 0.187522900919 0.200279375305 
-5.85585585586 1.0 0.41444188151 0.405710186977 
-3.55355355355 1.0 0.400406942668 0.605292206611 
5.2952952953 1.0 -0.834866389361 -0.859390403206 
-3.29329329329 1.0 0.151119458915 0.313979086083 
-4.45445445445 1.0 0.966918909573 1.03153339405 
-0.530530530531 1.0 -0.505991015532 -0.544274408336 
-7.95795795796 1.0 -0.994599330244 -0.957875786207 
4.31431431431 1.0 -0.921809046742 -0.931003066354 
0.850850850851 1.0 0.75184168035 0.751687249684 
4.77477477477 1.0 -0.998054637396 -1.00845918311 
-8.33833833834 1.0 -0.884974675839 -0.809589742138 
3.91391391391 1.0 -0.69779981921 -0.709761722089 
-2.11211211211 1.0 -0.857031446499 -1.14251761176 
3.55355355355 1.0 -0.400406942668 -0.407517269402 
-3.09309309309 1.0 -0.0484805492288 0.0454606716055 
3.75375375375 1.0 -0.574637462441 -0.585632324952 
9.67967967968 1.0 -0.252150304413 -0.161214208252 
1.63163163163 1.0 0.998150103477 0.994872708137 
1.61161161161 1.0 0.999167171889 0.995665469431 
1.93193193193 1.0 0.935496175869 0.937743537893 
-5.37537537538 1.0 0.788157702332 0.770349241782 
8.77877877878 1.0 0.601996584369 0.540311689658 
8.45845845846 1.0 0.822799547447 0.726547231218 
-4.17417417417 1.0 0.858625146533 0.98586684142 
9.6996996997 1.0 -0.271471615699 -0.17825706464 
7.47747747748 1.0 0.929955638285 0.883771619357 
8.37837837838 1.0 0.865626143701 0.764931949582 
4.09409409409 1.0 -0.81486800406 -0.826075472711 
8.67867867868 1.0 0.678779469621 0.603630852404 
-9.23923923924 1.0 -0.184476035731 -0.0969325800782 
5.13513513514 1.0 -0.911965725448 -0.931794254695 
7.95795795796 1.0 0.994599330244 0.899480679505 
-0.650650650651 1.0 -0.605704250039 -0.661107421991 
-1.99199199199 1.0 -0.912600742763 -1.20618943098 
4.61461461461 1.0 -0.995223893414 -1.00374230909 
2.23223223223 1.0 0.789111039566 0.799218790468 
5.21521521522 1.0 -0.87622408965 -0.898485894411 
-1.61161161161 1.0 -0.999167171889 -1.25856509614 
6.17617617618 1.0 -0.106805021793 -0.116879760722 
-7.6976976977 1.0 -0.987812502254 -0.981407720608 
6.4964964965 1.0 0.211697196671 0.217393138777 
-6.57657657658 1.0 -0.289200237681 -0.318627143042 
-7.73773773774 1.0 -0.993251282848 -0.982283636534 
-6.47647647648 1.0 -0.19208980849 -0.21675914112 
-3.79379379379 1.0 0.606937230307 0.804052107686 
3.41341341341 1.0 -0.268485788917 -0.271324340723 
0.15015015015 1.0 0.149586594914 0.154350662964 
2.91291291291 1.0 0.226691833081 0.240395349864 
3.39339339339 1.0 -0.249148316352 -0.251301745092 
-6.65665665666 1.0 -0.36484968073 -0.397813934263 
-1.45145145145 1.0 -0.992886849216 -1.21996592882 
3.71371371371 1.0 -0.541416556108 -0.551873642625 
6.5965965966 1.0 0.308305540605 0.316835051727 
-4.11411411411 1.0 0.826308470068 0.967006742092 
-8.51851851852 1.0 -0.787202470352 -0.699618705553 
-6.25625625626 1.0 0.0269257963344 0.0120011420866 
2.51251251251 1.0 0.588401237484 0.60410292868 
8.25825825826 1.0 0.919387180273 0.815418642216 
-3.15315315315 1.0 0.0115602420643 0.129125822466 
2.73273273273 1.0 0.397563478837 0.413899102531 
-8.65865865866 1.0 -0.693344009372 -0.599784058213 
8.87887887888 1.0 0.519186710331 0.472958117347 
2.57257257257 1.0 0.53880679503 0.555082845978 
4.11411411411 1.0 -0.826308470068 -0.837352691086 
-7.17717717718 1.0 -0.779578080518 -0.815851384764 
-5.53553553554 1.0 0.679917243139 0.665190623095 
-1.59159159159 1.0 -0.999783786273 -1.25552875269 
-1.75175175175 1.0 -0.983672194447 -1.26438258218 
3.51351351351 1.0 -0.363405633971 -0.369404610083 
-4.13413413413 1.0 0.837417761709 0.973674608068 
8.75875875876 1.0 0.617860839267 0.553312251326 
-9.93993993994 1.0 0.492675811867 0.55770445247 
-6.97697697698 1.0 -0.639456909771 -0.679760284789 
7.65765765766 1.0 0.980790267476 0.913478768308 
-0.31031031031 1.0 -0.305354140677 -0.320463315341 
5.45545545546 1.0 -0.736397402892 -0.764337768029 
-4.97497497497 1.0 0.965721938658 0.956507562309 
-4.65465465465 1.0 0.998333836705 1.02571104882 
-5.91591591592 1.0 0.359068265792 0.350598358376 
9.15915915916 1.0 0.26250641876 0.266546773666 
-7.25725725726 1.0 -0.827180739833 -0.859693604399 
-3.91391391391 1.0 0.69779981921 0.878128277685 
-1.39139139139 1.0 -0.983950052752 -1.19751953722 
-9.81981981982 1.0 0.384846824231 0.449765837718 
-4.51451451451 1.0 0.980486642048 1.03295679013 
-3.45345345345 1.0 0.306830209454 0.502210849583 
6.7967967968 1.0 0.491325964149 0.500180776227 
0.11011011011 1.0 0.109887744787 0.114084424983 
1.87187187187 1.0 0.955018091318 0.95587263772 
9.4994994995 1.0 -0.0746520259067 -0.00905423748208 
-2.07207207207 1.0 -0.876970223046 -1.16636020426 
5.7957957958 1.0 -0.468320967329 -0.494888685687 
-0.890890890891 1.0 -0.777632176518 -0.876510509307 
0.790790790791 1.0 0.710909644644 0.711599287455 
-2.17217217217 1.0 -0.824557973258 -1.10185033651 
-9.77977977978 1.0 0.347592070824 0.413116062039 
-0.550550550551 1.0 -0.523156507537 -0.564070427763 
-6.4964964965 1.0 -0.211697196671 -0.237328784598 
-0.41041041041 1.0 -0.398985690337 -0.423342329985 
-1.35135135135 1.0 -0.97601842181 -1.18032254242 
6.37637637638 1.0 0.0930562402792 0.0936423522024 
4.81481481481 1.0 -0.994759058541 -1.00590568628 
8.1981981982 1.0 0.941340119153 0.837251617791 
9.1991991992 1.0 0.223670498102 0.235288377732 
-6.15615615616 1.0 0.126687794244 0.115027393048 
-2.83283283283 1.0 -0.303877337824 -0.331441405356 
0.650650650651 1.0 0.605704250039 0.608346845937 
9.3993993994 1.0 0.0253758371902 0.0740262491351 
-3.61361361361 1.0 0.454687183165 0.661446550448 
-6.55655655656 1.0 -0.269979026825 -0.298472320857 
5.67567567568 1.0 -0.570824460166 -0.599468830638 
5.3953953954 1.0 -0.775678794758 -0.802561438336 
-9.0990990991 1.0 -0.319952035985 -0.227233539998 
-7.91791791792 1.0 -0.997956771974 -0.96590033154 
5.23523523524 1.0 -0.866401418913 -0.889250714636 
-8.37837837838 1.0 -0.865626143701 -0.787115532734 
4.73473473473 1.0 -0.99975034402 -1.00951845504 
-3.13313313313 1.0 -0.00845941955823 0.101485554518 
-3.87387387387 1.0 0.668567805308 0.855241813962 
2.05205205205 1.0 0.886414355831 0.891726973776 
9.37937937938 1.0 0.0453829883483 0.0904737979499 
6.3963963964 1.0 0.112969411094 0.114508277311 
9.63963963964 1.0 -0.213212289782 -0.127190675654 
8.97897897898 1.0 0.431178912314 0.40200199771 
-4.39439439439 1.0 0.949864345085 1.02728164964 
3.01301301301 1.0 0.128225638051 0.139350547741 
3.69369369369 1.0 -0.524477262156 -0.534619527035 
2.21221221221 1.0 0.801249393857 0.810839397542 
-0.17017017017 1.0 -0.169350063744 -0.174834908365 
-3.33333333333 1.0 0.190567962875 0.363555966152 
3.65365365365 1.0 -0.489974935275 -0.499396428156 
-4.71471471471 1.0 0.999997295481 1.01822384201 
1.71171171171 1.0 0.990087845702 0.987900251498 
6.57657657658 1.0 0.289200237681 0.297287779407 
3.67367367367 1.0 -0.507327764109 -0.517124737395 
-3.41341341341 1.0 0.268485788917 0.457745164091 
-7.75775775776 1.0 -0.995374053792 -0.98209599743 
-2.59259259259 1.0 -0.521834495241 -0.665811055775 
9.61961961962 1.0 -0.193611192318 -0.110215515043 
9.07907907908 1.0 0.338854295004 0.327866252455 
-6.13613613614 1.0 0.146519791772 0.135386374325 
-1.13113113113 1.0 -0.904894218889 -1.05702090073 
2.55255255255 1.0 0.555563147622 0.571678908931 
8.81881881882 1.0 0.569550710787 0.513830005915 
-4.63463463463 1.0 0.996978653508 1.02763027163 
9.01901901902 1.0 0.39471619201 0.372705872828 
-4.57457457457 1.0 0.990518615549 1.03163280133 
-0.770770770771 1.0 -0.69668837635 -0.772364541173 
9.41941941942 1.0 0.00535851570584 0.0575185218099 
-6.45645645646 1.0 -0.172405433055 -0.196114236544 
-2.15215215215 1.0 -0.835718856574 -1.11605766917 
3.53353353353 1.0 -0.381982835353 -0.388549787523 
-3.01301301301 1.0 -0.128225638051 -0.0689870194799 
-8.23823823824 1.0 -0.927077365617 -0.860443486458 
9.77977977978 1.0 -0.347592070824 -0.246572490098 
0.990990990991 1.0 0.836569314705 0.834569341275 
3.49349349349 1.0 -0.34468278404 -0.350090463391 
-9.31931931932 1.0 -0.105263273301 -0.0212733459728 
-5.75575575576 1.0 0.503313872361 0.493350520529 
-9.53953953954 1.0 0.114509838728 0.188161137801 
-4.87487487487 1.0 0.986828185163 0.985810662354 
1.81181181181 1.0 0.971096090611 0.970685089056 
1.35135135135 1.0 0.97601842181 0.971332969027 
-6.07607607608 1.0 0.205631771434 0.195802603197 
-5.13513513514 1.0 0.911965725448 0.895276070671 
-1.31131131131 1.0 -0.966522242485 -1.16141834357 
2.15215215215 1.0 0.835718856574 0.843717744675 
-7.57757757758 1.0 -0.96204298189 -0.968646901701 
1.15115115115 1.0 0.91323356617 0.909560934352 
3.09309309309 1.0 0.0484805492288 0.0570993022246 
7.4974974975 1.0 0.93712958481 0.88855845652 
6.27627627628 1.0 -0.00690897593668 -0.0114901935591 
-5.8958958959 1.0 0.377679973455 0.369166722176 
-8.75875875876 1.0 -0.617860839267 -0.521975428092 
-1.79179179179 1.0 -0.975679725882 -1.26085652396 
-9.8998998999 1.0 0.45744688336 0.522085234011 
4.79479479479 1.0 -0.996606561851 -1.00736924573 
-5.6956956957 1.0 0.554273288059 0.543193115274 
2.53253253253 1.0 0.572096837274 0.588020811799 
5.37537537538 1.0 -0.788157702332 -0.814622497343 
-0.690690690691 1.0 -0.637069722791 -0.698887246009 
1.11111111111 1.0 0.89619220103 0.892878835895 
-3.47347347347 1.0 0.325821789448 0.523761030044 
4.15415415415 1.0 -0.848191426515 -0.858882223446 
-4.05405405405 1.0 0.791012020637 0.944654297653 
8.93893893894 1.0 0.466950456861 0.430789483368 
6.33633633634 1.0 0.0531260071326 0.0517145734658 
-6.27627627628 1.0 0.00690897593668 -0.00878135795606 
-1.95195195195 1.0 -0.928235370545 -1.22219894562 
7.77777777778 1.0 0.997097890944 0.917027896815 
-5.77577577578 1.0 0.485914794209 0.476267631177 
8.05805805806 1.0 0.979248576653 0.878650712163 
1.21121121121 1.0 0.936042896216 0.931920241637 
2.67267267267 1.0 0.451923110669 0.468499563665 
-3.71371371371 1.0 0.541416556108 0.745432839831 
-1.81181181181 1.0 -0.971096090611 -1.25819357566 
0.39039039039 1.0 0.380549461752 0.385866972909 
5.55555555556 1.0 -0.665101514979 -0.694039087715 
-2.09209209209 1.0 -0.867174611281 -1.15476655072 
9.27927927928 1.0 0.144985860003 0.171702266632 
1.49149149149 1.0 0.996857019318 0.992416915462 
5.15515515516 1.0 -0.903569980268 -0.924014648093 
-3.51351351351 1.0 0.363405633971 0.565468789977 
7.83783783784 1.0 0.999869691753 0.914142404807 
3.25325325325 1.0 -0.111428711879 -0.108516024592 
-2.63263263263 1.0 -0.487269347053 -0.612893769191 
-4.55455455455 1.0 0.987569983594 1.03237489882 
3.07307307307 1.0 0.0684659772958 0.0777416559375 
7.6976976977 1.0 0.987812502254 0.916070067499 
4.59459459459 1.0 -0.993070259711 -1.00147631291 
-10.0 1.0 0.544021110889 0.610392281641 
-9.87987987988 1.0 0.439553861488 0.504135945019 
-3.65365365365 1.0 0.489974935275 0.696480838068 
-1.73173173173 1.0 -0.987077824457 -1.26525915394 
-0.0700700700701 1.0 -0.0700127456343 -0.0707370768254 
-5.97597597598 1.0 0.302399804444 0.293781841098 
3.87387387387 1.0 -0.668567805308 -0.680456534049 
0.670670670671 1.0 0.62151153354 0.623883663645 
7.1971971972 1.0 0.791959659904 0.776875053441 
-8.2982982983 1.0 -0.902904601864 -0.830865397629 
7.87787787788 1.0 0.99971449835 0.910549949806 
0.930930930931 1.0 0.802176135594 0.800936745188 
-5.0950950951 1.0 0.927657483133 0.912237884299 
-6.83683683684 1.0 -0.525796755923 -0.564633304822 
2.47247247247 1.0 0.620296125676 0.635466170073 
-1.93193193193 1.0 -0.935496175869 -1.22923682507 
-7.0970970971 1.0 -0.726978798959 -0.765781969723 
7.31731731732 1.0 0.859418901282 0.831824329573 
-5.43543543544 1.0 0.749793457774 0.732940640817 
-0.830830830831 1.0 -0.738491823944 -0.825424751158 
-2.97297297297 1.0 -0.167821766571 -0.127055103577 
0.29029029029 1.0 0.286230381945 0.291821977197 
-6.1961961962 1.0 0.0868794431893 0.0740341685572 
3.85385385385 1.0 -0.653546911213 -0.665358851855 
7.55755755756 1.0 0.956387136503 0.900671438644 
7.43743743744 1.0 0.914492625181 0.873065614701 
7.3973973974 1.0 0.897563688968 0.860842596944 
-6.77677677678 1.0 -0.473791717778 -0.511088718408 
-3.49349349349 1.0 0.34468278404 0.544848571504 
-9.05905905906 1.0 -0.357620745349 -0.263758455001 
0.23023023023 1.0 0.228201684929 0.23363808502 
8.3983983984 1.0 0.855429505195 0.755677198235 
2.81281281281 1.0 0.322888465175 0.338400642573 
6.47647647648 1.0 0.19208980849 0.197047059088 
