-9.85985985986 1.0 0.421484671785 0.430096379101 
6.35635635636 1.0 0.0731057736575 0.0730078309352 
-2.81281281281 1.0 -0.322888465175 -0.352394910277 
-2.95295295295 1.0 -0.187522900919 -0.165357464811 
1.89189189189 1.0 0.948890220341 0.948708064883 
4.67467467467 1.0 -0.999288899866 -1.00022366235 
-6.3963963964 1.0 -0.112969411094 -0.115024068924 
-5.4954954955 1.0 0.708725363073 0.700338322595 
-8.7987987988 1.0 -0.585891056576 -0.56946655391 
-9.55955955956 1.0 0.13437389375 0.132656219256 
-8.53853853854 1.0 -0.774699305584 -0.755263053323 
-6.53653653654 1.0 -0.250649611665 -0.259081787735 
7.33733733734 1.0 0.869481672757 0.838089651098 
6.83683683684 1.0 0.525796755923 0.535690442266 
1.45145145145 1.0 0.992886849216 0.990700602797 
-7.71771771772 1.0 -0.990730428893 -1.00044184201 
1.65165165165 1.0 0.996732988666 0.994879275875 
-0.0900900900901 1.0 -0.0899682743046 -0.0881714381056 
1.23123123123 1.0 0.942899611382 0.940849387926 
3.59359359359 1.0 -0.436766402789 -0.441470334324 
0.870870870871 1.0 0.764890207772 0.762896863017 
-7.63763763764 1.0 -0.976688773762 -0.990557035192 
0.37037037037 1.0 0.361960713579 0.360884006192 
9.35935935936 1.0 0.0653719505576 0.0211633939877 
3.13313313313 1.0 0.00845941955822 0.0122534035698 
7.81781781782 1.0 0.999346160464 0.90250878063 
-1.17117117117 1.0 -0.921206900567 -0.994538921024 
-2.37237237237 1.0 -0.695575258639 -0.856988327472 
-6.33633633634 1.0 -0.0531260071326 -0.0528174439541 
8.07807807808 1.0 0.974995298193 0.851333002934 
-7.81781781782 1.0 -0.999346160464 -1.00367183354 
-4.29429429429 1.0 0.913864194148 0.991821347798 
-4.77477477477 1.0 0.998054637396 1.00106390977 
-5.7957957958 1.0 0.468320967329 0.470984664754 
-8.6986986987 1.0 -0.66394288333 -0.645671633336 
8.23823823824 1.0 0.927077365617 0.794031130495 
-0.13013013013 1.0 -0.1297631736 -0.127938940826 
0.13013013013 1.0 0.1297631736 0.130363090707 
-8.61861861862 1.0 -0.721633711464 -0.702481271003 
-7.07707707708 1.0 -0.713087090062 -0.740848538825 
8.91891891892 1.0 0.484559073218 0.382402209047 
2.29229229229 1.0 0.750818471552 0.756346631658 
-8.87887887888 1.0 -0.519186710331 -0.504735566113 
8.95895895896 1.0 0.449154692451 0.351757373417 
-0.19019019019 1.0 -0.189045659132 -0.18736576326 
-4.33433433433 1.0 0.929384449502 0.999683039664 
-0.39039039039 1.0 -0.380549461752 -0.381652051526 
-4.53453453453 1.0 0.984225545624 1.01897441077 
4.47447447447 1.0 -0.971831589603 -0.971105264753 
-8.15815815816 1.0 -0.9540939133 -0.942088032469 
4.19419419419 1.0 -0.868714740054 -0.870048861037 
4.91491491491 1.0 -0.979561626072 -0.986717048047 
-5.5955955956 1.0 0.634676409709 0.630244306567 
-9.03903903904 1.0 -0.376243865658 -0.366617205448 
-1.05105105105 1.0 -0.867945718946 -0.922929745281 
-0.870870870871 1.0 -0.764890207772 -0.797015697942 
5.11511511512 1.0 -0.919995965877 -0.934796544901 
-8.55855855856 1.0 -0.761885650774 -0.742461761655 
2.27227227227 1.0 0.763890524376 0.76910817824 
3.15315315315 1.0 -0.0115602420643 -0.00819502486045 
3.99399399399 1.0 -0.752863081707 -0.756750819411 
-8.3983983984 1.0 -0.855429505195 -0.837044419051 
-4.89489489489 1.0 0.983391971377 0.976293632636 
7.11711711712 1.0 0.740579143612 0.733671494353 
0.830830830831 1.0 0.738491823944 0.736484744696 
-1.55155155155 1.0 -0.999814825028 -1.13913534044 
0.03003003003 1.0 0.0300255167065 0.0313194544234 
8.73873873874 1.0 0.633477463068 0.513024176508 
-8.8988988989 1.0 -0.501973484202 -0.488071850939 
-9.51951951952 1.0 0.094599889559 0.0928493166115 
-9.41941941942 1.0 -0.00535851570584 -0.0062127073366 
-6.23623623624 1.0 0.046931825201 0.0504252781109 
3.77377377377 1.0 -0.590905760288 -0.596332655979 
-6.8968968969 1.0 -0.575905704393 -0.599961173294 
-4.83483483483 1.0 0.99251286792 0.98996859289 
0.21021021021 1.0 0.208665487323 0.208660355402 
-1.77177177177 1.0 -0.979872320608 -1.15232287772 
-8.67867867868 1.0 -0.678779469621 -0.660234920281 
0.970970970971 1.0 0.825434213842 0.82347282289 
-1.71171171171 1.0 -0.990087845702 -1.15459094174 
-0.49049049049 1.0 -0.471058607419 -0.475366895581 
6.01601601602 1.0 -0.264002216892 -0.283195247421 
-8.77877877878 1.0 -0.601996584369 -0.585142872631 
7.7977977978 1.0 0.998422103411 0.904102750586 
-0.670670670671 1.0 -0.62151153354 -0.635629735806 
0.950950950951 1.0 0.813968289004 0.812002071694 
-8.11811811812 1.0 -0.965318303844 -0.954882694764 
-9.57957957958 1.0 0.154184093352 0.152579068303 
7.25725725726 1.0 0.827180739833 0.805600875947 
-4.75475475475 1.0 0.999102704803 1.00418458685 
-2.77277277277 1.0 -0.360514923027 -0.404675061496 
3.17317317317 1.0 -0.0315752704827 -0.0286445667453 
-2.49249249249 1.0 -0.604469813648 -0.738579045895 
-3.31331331331 1.0 0.170877953796 0.301622777621 
-3.77377377377 1.0 0.590905760288 0.750834379751 
-5.73573573574 1.0 0.520511228445 0.521306617535 
-3.89389389389 1.0 0.683320745574 0.830973142073 
-5.33533533534 1.0 0.812162990678 0.798440504436 
-9.45945945946 1.0 0.034674546587 0.0333092355394 
-5.41541541542 1.0 0.762889004574 0.751581873391 
-7.67767767768 1.0 -0.984498672401 -0.996316321952 
-3.93393393393 1.0 0.711999223182 0.854256225719 
-9.17917917918 1.0 -0.243137181641 -0.238030645849 
9.71971971972 1.0 -0.290684124469 -0.298319121211 
-7.8978978979 1.0 -0.999035835857 -0.999081502211 
1.51151151151 1.0 0.998243169988 0.996084152549 
-8.27827827828 1.0 -0.911328515751 -0.895440227116 
6.87687687688 1.0 0.559424700424 0.568046127201 
4.45445445445 1.0 -0.966918909573 -0.966197021797 
-0.01001001001 1.0 -0.0100098428432 -0.00849293609556 
-1.11111111111 1.0 -0.89619220103 -0.960076418184 
-3.99399399399 1.0 0.752863081707 0.886042038727 
-4.09409409409 1.0 0.81486800406 0.930882430521 
0.0500500500501 1.0 0.0500291567086 0.05119685245 
7.15715715716 1.0 0.766884055736 0.756155902489 
-2.93293293293 1.0 -0.207148878373 -0.192288246461 
-6.93693693694 1.0 -0.608168751487 -0.633380857352 
7.57757757758 1.0 0.96204298189 0.897723813602 
4.33433433433 1.0 -0.929384449502 -0.92922389966 
-6.21621621622 1.0 0.066919044364 0.0709172452913 
8.57857857858 1.0 0.748766641479 0.617521125006 
8.0980980981 1.0 0.970351253498 0.845182725099 
1.53153153153 1.0 0.999229236959 0.997090916483 
8.998998999 1.0 0.413030320922 0.320587945359 
6.41641641642 1.0 0.132837305145 0.135878882631 
-6.61661661662 1.0 -0.327287278425 -0.339600335834 
7.67767767768 1.0 0.984498672401 0.906160775878 
6.996996997 1.0 0.654719669029 0.657235059198 
5.05505505506 1.0 -0.941862214566 -0.954251214279 
-3.03303303303 1.0 -0.108346513523 -0.0577321185968 
-5.63563563564 1.0 0.603233924101 0.600375523231 
-6.6966966967 1.0 -0.401827232414 -0.417943895757 
-8.43843843844 1.0 -0.834011915114 -0.815120964105 
-0.33033033033 1.0 -0.32435551719 -0.324175299361 
-7.01701701702 1.0 -0.669720024621 -0.696689712534 
5.87587587588 1.0 -0.396140311588 -0.421085503718 
-5.57557557558 1.0 0.650019222236 0.644790704452 
-4.49449449449 1.0 0.976354771373 1.01769920919 
0.570570570571 1.0 0.540112324789 0.538266029797 
8.11811811812 1.0 0.965318303844 0.83873531409 
9.25925925926 1.0 0.164763965562 0.107180176771 
-5.01501501502 1.0 0.954557149695 0.94127967734 
-4.01401401401 1.0 0.765888052358 0.895813817899 
-4.31431431431 1.0 0.921809046742 0.995925328469 
9.83983983984 1.0 -0.403246556161 -0.406062748959 
1.77177177177 1.0 0.979872320608 0.978650367157 
-3.83383383383 1.0 0.63826408348 0.792850388028 
4.41441441441 1.0 -0.955933085822 -0.955301665003 
-6.63663663664 1.0 -0.346137843492 -0.359416819143 
-8.5985985986 1.0 -0.735347535638 -0.716066190642 
-0.810810810811 1.0 -0.724845989014 -0.750741433092 
-2.33233233233 1.0 -0.723776968945 -0.892393791384 
3.37337337337 1.0 -0.229710988177 -0.231078998167 
4.69469469469 1.0 -0.999843460211 -1.00112542153 
5.01501501502 1.0 -0.954557149695 -0.965376447666 
-6.996996997 1.0 -0.654719669029 -0.681322992483 
2.39239239239 1.0 0.681053382124 0.688038614019 
-3.53353353353 1.0 0.381982835353 0.54352594287 
-4.73473473473 1.0 0.99975034402 1.00701445228 
-6.81681681682 1.0 -0.508663293061 -0.529919869436 
-1.69169169169 1.0 -0.992701051804 -1.15433919749 
5.03503503504 1.0 -0.948399735659 -0.959998546441 
3.03303303303 1.0 0.108346513523 0.114143866905 
-4.61461461461 1.0 0.995223893414 1.01780539573 
5.75575575576 1.0 -0.503313872361 -0.531216042373 
-3.97397397397 1.0 0.739536372707 0.875860871245 
1.67167167167 1.0 0.994916395419 0.993141523547 
-7.45745745746 1.0 -0.922408976872 -0.944325912173 
5.07507507508 1.0 -0.934947206573 -0.948134802401 
6.13613613614 1.0 -0.146519791772 -0.159330996854 
-7.15715715716 1.0 -0.766884055736 -0.794959477478 
6.97697697698 1.0 0.639456909771 0.643226610678 
3.89389389389 1.0 -0.683320745574 -0.688181294368 
-4.25425425425 1.0 0.896879023055 0.982559513744 
7.27727727728 1.0 0.838264195546 0.814315292869 
1.69169169169 1.0 0.992701051804 0.991015164658 
9.0990990991 1.0 0.319952035985 0.240558972398 
-4.91491491491 1.0 0.979561626072 0.971165738853 
-3.69369369369 1.0 0.524477262156 0.688692049968 
-1.57157157157 1.0 -0.999999699498 -1.14270043191 
3.11311311311 1.0 0.0284756907485 0.0326911020602 
9.51951951952 1.0 -0.094599889559 -0.11948696059 
-3.57357357357 1.0 0.41867057176 0.582387482044 
-1.15115115115 1.0 -0.91323356617 -0.983360061871 
-4.15415415415 1.0 0.848191426515 0.953074849684 
-7.1971971972 1.0 -0.791959659904 -0.819869331216 
5.995995996 1.0 -0.2832577738 -0.303402816965 
8.35835835836 1.0 0.875475849797 0.739624898994 
0.01001001001 1.0 0.0100098428432 0.011420727994 
8.85885885886 1.0 0.536191852752 0.427321909488 
-5.61561561562 1.0 0.61907922661 0.615438420521 
1.07107107107 1.0 0.877714248189 0.875753965438 
-1.47147147147 1.0 -0.995071340501 -1.12048369434 
1.99199199199 1.0 0.912600742763 0.913593693267 
9.43943943944 1.0 -0.0146609534063 -0.0487754498342 
-6.5965965966 1.0 -0.308305540605 -0.319647819807 
-7.7977977978 1.0 -0.998422103411 -1.00382932643 
3.33333333333 1.0 -0.190567962875 -0.191122499656 
-0.850850850851 1.0 -0.75184168035 -0.781811210257 
6.73673673674 1.0 0.438160658811 0.449593166402 
-1.23123123123 1.0 -0.942899611382 -1.02614720455 
2.61261261261 1.0 0.504653050544 0.513699691187 
-7.3973973974 1.0 -0.897563688968 -0.921555909496 
-0.510510510511 1.0 -0.488622728493 -0.493750461222 
1.55155155155 1.0 0.999814825028 0.997703952953 
-9.5995995996 1.0 0.173932497848 0.172508437264 
-9.35935935936 1.0 -0.0653719505576 -0.0651373989561 
8.51851851852 1.0 0.787202470352 0.653471144439 
2.59259259259 1.0 0.521834495241 0.530785108464 
6.67667667668 1.0 0.38341529066 0.394695340805 
2.03203203203 1.0 0.895503224543 0.897035188552 
7.01701701702 1.0 0.669720024621 0.670888343602 
1.59159159159 1.0 0.999783786273 0.997750251663 
-8.81881881882 1.0 -0.569550710787 -0.55358259655 
7.75775775776 1.0 0.995374053792 0.906231019555 
6.63663663664 1.0 0.346137843492 0.356899521664 
-4.07407407407 1.0 0.803100948886 0.922710288534 
-2.79279279279 1.0 -0.341770182763 -0.378628332898 
-7.55755755756 1.0 -0.956387136503 -0.974115367463 
-7.35735735736 1.0 -0.879195966573 -0.904359129566 
-5.21521521522 1.0 0.87622408965 0.860401612705 
5.83583583584 1.0 -0.432577348176 -0.458727467056 
-9.13913913914 1.0 -0.281770446506 -0.275391988934 
4.85485485485 1.0 -0.989868890237 -0.995079924464 
-2.61261261261 1.0 -0.504653050544 -0.60385642611 
0.810810810811 1.0 0.724845989014 0.722833309515 
-1.49149149149 1.0 -0.996857019318 -1.12579137778 
-3.25325325325 1.0 0.111428711879 0.228403170751 
-3.59359359359 1.0 0.436766402789 0.601183808892 
8.47847847848 1.0 0.811257411747 0.676373253633 
-1.91191191191 1.0 -0.942382045726 -1.12864262712 
9.53953953954 1.0 -0.114509838728 -0.137261481146 
-0.45045045045 1.0 -0.435371096772 -0.438224637936 
-2.29229229229 1.0 -0.750818471552 -0.925649994943 
-3.19319319319 1.0 0.0515776439174 0.152717473675 
-7.37737737738 1.0 -0.888557889358 -0.913157912414 
6.15615615616 1.0 -0.126687794244 -0.138353779672 
-8.0980980981 1.0 -0.970351253498 -0.960747259927 
1.43143143143 1.0 0.99030442098 0.988118817372 
-8.93893893894 1.0 -0.466950456861 -0.454203225979 
-2.87287287287 1.0 -0.265497380359 -0.272790229096 
-0.47047047047 1.0 -0.453305691794 -0.456856545971 
-5.3953953954 1.0 0.775678794758 0.763710050214 
1.01101101101 1.0 0.84736912878 0.845413272168 
0.630630630631 1.0 0.589654207656 0.587706627445 
8.55855855856 1.0 0.761885650774 0.629712186237 
-5.03503503504 1.0 0.948399735659 0.934455979939 
0.41041041041 1.0 0.398985690337 0.397698747463 
4.29429429429 1.0 -0.913864194148 -0.914060379493 
8.63863863864 1.0 0.707630665292 0.579748098317 
8.71871871872 1.0 0.648840196822 0.526728020636 
-3.07307307307 1.0 -0.0684659772958 -0.00427679125631 
-5.65565565566 1.0 0.587146852786 0.585058287178 
-6.0960960961 1.0 0.185999691898 0.191971086676 
-8.25825825826 1.0 -0.919387180273 -0.904053801107 
2.87287287287 1.0 0.265497380359 0.273689536306 
-9.4994994995 1.0 0.0746520259067 0.0729749926086 
-2.51251251251 1.0 -0.588401237484 -0.71717986799 
7.03703703704 1.0 0.684451964588 0.684181696606 
-2.21221221221 1.0 -0.801249393857 -0.985515818444 
1.17117117117 1.0 0.921206900567 0.919201966283 
2.07207207207 1.0 0.876970223046 0.879073899605 
1.03103103103 1.0 0.857829327634 0.855873815526 
-8.01801801802 1.0 -0.986576173517 -0.980574815371 
-9.33933933934 1.0 -0.0853347124856 -0.0846629553033 
3.43343343343 1.0 -0.28771565565 -0.290209738806 
3.05305305305 1.0 0.0884239650333 0.0938443083274 
1.27127127127 1.0 0.955476737061 0.953392345198 
-3.05305305305 1.0 -0.0884239650333 -0.0309572451674 
-0.37037037037 1.0 -0.361960713579 -0.362586498902 
0.590590590591 1.0 0.556851671602 0.554965760031 
4.35435435435 1.0 -0.936587366299 -0.936276420117 
5.27527527528 1.0 -0.845718424022 -0.866812905506 
0.510510510511 1.0 0.488622728493 0.486933930496 
6.23623623624 1.0 -0.046931825201 -0.0539160457659 
-1.67167167167 1.0 -0.994916395419 -1.15359413973 
-6.31631631632 1.0 -0.0331249483513 -0.0320978854374 
0.33033033033 1.0 0.32435551719 0.323515481035 
-4.85485485485 1.0 0.989868890237 0.985695764136 
8.2982982983 1.0 0.902904601864 0.767987196479 
2.77277277277 1.0 0.360514923027 0.369510156952 
-1.01101101101 1.0 -0.84736912878 -0.896755946447 
-4.27427427427 1.0 0.905553075921 0.987367350115 
-0.610610610611 1.0 -0.573367839051 -0.5835842074 
-8.03803803804 1.0 -0.983109384216 -0.976169062596 
-4.99499499499 1.0 0.960331988856 0.947821664541 
-6.73673673674 1.0 -0.438160658811 -0.456088935322 
7.37737737738 1.0 0.888557889358 0.851961091471 
-1.29129129129 1.0 -0.961192106815 -1.05472661904 
-2.03203203203 1.0 -0.895503224543 -1.0868367528 
3.45345345345 1.0 -0.306830209454 -0.309668962366 
-8.05805805806 1.0 -0.979248576653 -0.971393749651 
4.87487487487 1.0 -0.986828185163 -0.992662336525 
3.63363363363 1.0 -0.472425730458 -0.477461220856 
-4.47447447447 1.0 0.971831589603 1.01658769778 
-7.93793793794 1.0 -0.996477739177 -0.994441620217 
4.93493493493 1.0 -0.975338684403 -0.98318917906 
-7.41741741742 1.0 -0.906209755988 -0.929551073127 
-5.23523523524 1.0 0.866401418913 0.850772215538 
-9.67967967968 1.0 0.252150304413 0.252196875068 
-8.45845845846 1.0 -0.822799547447 -0.803717580594 
5.41541541542 1.0 -0.762889004574 -0.788508085943 
-9.43943943944 1.0 0.0146609534063 0.0135277726422 
2.19219219219 1.0 0.813066617154 0.817018593426 
-2.55255255255 1.0 -0.555563147622 -0.673070913224 
-2.65265265265 1.0 -0.469690351946 -0.555870327004 
5.91591591592 1.0 -0.359068265792 -0.382601632867 
4.49449449449 1.0 -0.976354771373 -0.975652700238 
-9.1991991992 1.0 -0.223670498102 -0.219184429722 
8.7987987988 1.0 0.585891056576 0.470896064435 
0.25025025025 1.0 0.247646422081 0.247346774841 
-0.25025025025 1.0 -0.247646422081 -0.246383852329 
-2.89289289289 1.0 -0.246143932464 -0.24602662447 
-4.21421421421 1.0 0.878456163293 0.971866715225 
-7.11711711712 1.0 -0.740579143612 -0.768604952912 
2.11211211211 1.0 0.857031446499 0.859733684069 
6.45645645646 1.0 0.172405433055 0.177351533078 
0.690690690691 1.0 0.637069722791 0.635068099464 
-1.37137137137 1.0 -0.980180659514 -1.08781103464 
1.37137137137 1.0 0.980180659514 0.978018246923 
3.81381381381 1.0 -0.622725447279 -0.628049118838 
9.87987987988 1.0 -0.439553861488 -0.441914049501 
0.27027027027 1.0 0.266991905564 0.266550070119 
7.2972972973 1.0 0.849011685183 0.822635325647 
8.5985985986 1.0 0.735347535638 0.605127514569 
-6.75675675676 1.0 -0.456067581459 -0.474868891938 
-6.85685685686 1.0 -0.542719485852 -0.565451035482 
8.6986986987 1.0 0.66394288333 0.54025613749 
7.13713713714 1.0 0.753882673169 0.745104686492 
3.29329329329 1.0 -0.151119458915 -0.150824399856 
1.85185185185 1.0 0.960763202681 0.960187971291 
-7.21721721722 1.0 -0.804023831509 -0.83177033626 
5.71571571572 1.0 -0.537499969971 -0.565938682092 
6.71671671672 1.0 0.42007812671 0.431546092686 
-5.25525525526 1.0 0.856231505045 0.840863379247 
-7.85785785786 1.0 -0.999992487454 -1.00216447903 
4.57457457457 1.0 -0.990518615549 -0.990218753071 
2.97297297297 1.0 0.167821766571 0.174657618254 
-6.37637637638 1.0 -0.0930562402792 -0.0942910594994 
-9.3993993994 1.0 -0.0253758371902 -0.0259071341075 
-5.995995996 1.0 0.2832577738 0.289406162897 
-9.63963963964 1.0 0.213212289782 0.212367785394 
-2.69269269269 1.0 -0.433974744115 -0.50657547443 
-0.15015015015 1.0 -0.149586594914 -0.147783686974 
-2.67267267267 1.0 -0.451923110669 -0.531377187099 
4.39439439439 1.0 -0.949864345085 -0.94931647942 
6.1961961962 1.0 -0.0868794431893 -0.0962170221019 
-8.35835835836 1.0 -0.875475849797 -0.857761274063 
-1.03103103103 1.0 -0.857829327634 -0.909979755184 
-2.25225225225 1.0 -0.776656419186 -0.956704388719 
0.43043043043 1.0 0.417262010319 0.415880412614 
-8.998998999 1.0 -0.413030320922 -0.40212512764 
2.17217217217 1.0 0.824557973258 0.828193345112 
-8.31831831832 1.0 -0.894118814814 -0.877237586577 
-8.95895895896 1.0 -0.449154692451 -0.437008675164 
-2.43243243243 1.0 -0.651196684992 -0.799994160024 
2.09209209209 1.0 0.867174611281 0.869574614923 
4.95495495495 1.0 -0.970724838874 -0.97929112312 
1.41141141141 1.0 0.987325090799 0.985144043128 
-3.67367367367 1.0 0.507327764109 0.672060982208 
2.41241241241 1.0 0.666258547712 0.673507580628 
2.71271271271 1.0 0.415852445773 0.4250436393 
-9.47947947948 1.0 0.054674242632 0.0531266433517 
-4.03403403403 1.0 0.778606064409 0.90517990445 
6.91691691692 1.0 0.592155892373 0.599122742157 
6.77677677678 1.0 0.473791717778 0.484885258089 
-0.21021021021 1.0 -0.208665487323 -0.2070915066 
0.49049049049 1.0 0.471058607419 0.469435937157 
7.35735735736 1.0 0.879195966573 0.84522325721 
0.45045045045 1.0 0.435371096772 0.433901977136 
4.63463463463 1.0 -0.996978653508 -0.997319441512 
-5.17517517518 1.0 0.894812095251 0.878821080243 
-4.37437437437 1.0 0.943414910292 1.00617423088 
9.85985985986 1.0 -0.421484671785 -0.423995541252 
4.53453453453 1.0 -0.984225545624 -0.983661927878 
-2.71271271271 1.0 -0.415852445773 -0.481484453392 
-2.75275275275 1.0 -0.379115173303 -0.430513876751 
-5.2952952953 1.0 0.834866389361 0.820208651222 
7.5975975976 1.0 0.967313252172 0.900167214042 
-2.57257257257 1.0 -0.53880679503 -0.650390509948 
8.15815815816 1.0 0.9540939133 0.824964764915 
7.91791791792 1.0 0.997956771974 0.8893753669 
-4.93493493493 1.0 0.975338684403 0.965754105027 
-4.19419419419 1.0 0.868714740054 0.965973813045 
4.89489489489 1.0 -0.983391971377 -0.989874746311 
1.95195195195 1.0 0.928235370545 0.928726869016 
-1.09109109109 1.0 -0.887131000257 -0.947984172485 
6.61661661662 1.0 0.327287278425 0.337672066955 
7.97797797798 1.0 0.992322298019 0.87749168387 
9.57957957958 1.0 -0.154184093352 -0.172904443106 
5.85585585586 1.0 -0.41444188151 -0.440016103684 
-5.83583583584 1.0 0.432577348176 0.436303774402 
0.17017017017 1.0 0.169350063744 0.16964739529 
0.0700700700701 1.0 0.0700127456343 0.0710464664487 
-0.970970970971 1.0 -0.825434213842 -0.869510633533 
3.61361361361 1.0 -0.454687183165 -0.459568895033 
-1.85185185185 1.0 -0.960763202681 -1.14202024928 
-9.83983983984 1.0 0.403246556161 0.410494364662 
2.35235235235 1.0 0.709818357066 0.716244729754 
2.25225225225 1.0 0.776656419186 0.78156002895 
-8.1981981982 1.0 -0.941340119153 -0.927896324107 
5.31531531532 1.0 -0.823679750423 -0.846203874427 
4.43443443443 1.0 -0.961618700226 -0.960928844447 
-7.13713713714 1.0 -0.753882673169 -0.781960227999 
-4.35435435435 1.0 0.936587366299 1.00309814764 
-4.81481481481 1.0 0.994759058541 0.993954853791 
-5.67567567568 1.0 0.570824460166 0.569489587132 
9.03903903904 1.0 0.376243865658 0.288922912998 
-6.67667667668 1.0 -0.38341529066 -0.398599121188 
5.17517517518 1.0 -0.894812095251 -0.912034698629 
-9.65965965966 1.0 0.232727934358 0.23228841639 
-1.63163163163 1.0 -0.998150103477 -1.15065025496 
-3.37337337337 1.0 0.229710988177 0.371999405567 
9.33933933934 1.0 0.0853347124856 0.0385028929755 
-7.51751751752 1.0 -0.943927941216 -0.963429357161 
4.55455455455 1.0 -0.987569983594 -0.987122233855 
-5.07507507508 1.0 0.934947206573 0.919964475069 
4.21421421421 1.0 -0.878456163293 -0.879541732792 
5.35535535536 1.0 -0.800320725902 -0.824175039553 
7.05705705706 1.0 0.698909584547 0.697110668013 
9.11911911912 1.0 0.30092154409 0.224220876577 
6.25625625626 1.0 -0.0269257963344 -0.0327339163984 
-6.2962962963 1.0 -0.0131106134944 -0.0114036746453 
7.21721721722 1.0 0.804023831509 0.78699299439 
-2.91291291291 1.0 -0.226691833081 -0.219185291065 
5.63563563564 1.0 -0.603233924101 -0.632063780915 
5.8958958959 1.0 -0.377679973455 -0.401944361499 
-5.55555555556 1.0 0.665101514979 0.659075325836 
-5.81581581582 1.0 0.450539443112 0.453754463419 
5.33533533534 1.0 -0.812162990678 -0.835365923493 
5.5955955956 1.0 -0.634676409709 -0.663368667429 
-5.93593593594 1.0 0.340312647942 0.345924662876 
-9.6996996997 1.0 0.271471615699 0.272088623117 
-7.61761761762 1.0 -0.972195835089 -0.987062696479 
-3.39339339339 1.0 0.249148316352 0.394769611456 
3.79379379379 1.0 -0.606937230307 -0.6123238793 
1.83183183183 1.0 0.96612325186 0.965368845826 
-3.73373373373 1.0 0.558138856901 0.720639894487 
5.1951951952 1.0 -0.885695580449 -0.903716025798 
-8.47847847848 1.0 -0.811257411747 -0.792025622759 
5.65565565566 1.0 -0.587146852786 -0.615963284476 
-7.27727727728 1.0 -0.838264195546 -0.865205792934 
-2.45245245245 1.0 -0.635873830576 -0.779998713912 
-6.91691691692 1.0 -0.592155892373 -0.6168115206 
-9.97997997998 1.0 0.527114985665 0.546425856916 
-9.7997997998 1.0 0.366292850383 0.371142018904 
8.17817817818 1.0 0.947906971008 0.817649495852 
4.05405405405 1.0 -0.791012020637 -0.794171813383 
-7.87787787788 1.0 -0.99971449835 -1.00081881708 
9.91991991992 1.0 -0.475156566095 -0.477697598052 
1.25125125125 1.0 0.949378423874 0.947311304839 
-1.87187187187 1.0 -0.955018091318 -1.13810757981 
1.73173173173 1.0 0.987077824457 0.985601737811 
-9.15915915916 1.0 -0.26250641876 -0.256768261552 
-5.47547547548 1.0 0.722706208904 0.713556468126 
-2.13213213213 1.0 -0.846544793956 -1.03629931981 
9.7997997998 1.0 -0.366292850383 -0.370165122117 
-1.89189189189 1.0 -0.948890220341 -1.1336499183 
-1.41141141141 1.0 -0.987325090799 -1.10207914642 
4.99499499499 1.0 -0.960331988856 -0.97038464013 
-1.19119119119 1.0 -0.928811026462 -1.00540068277 
-2.19219219219 1.0 -0.813066617154 -0.999070566957 
4.27427427427 1.0 -0.905553075921 -0.905952251315 
-6.51651651652 1.0 -0.231219739195 -0.238693113278 
-7.65765765766 1.0 -0.980790267476 -0.9936413486 
1.79179179179 1.0 0.975679725882 0.974601990803 
-0.790790790791 1.0 -0.710909644644 -0.734887126086 
-0.710710710711 1.0 -0.65237258226 -0.669466852867 
9.47947947948 1.0 -0.054674242632 -0.084047533378 
5.47547547548 1.0 -0.722706208904 -0.749756707475 
-7.23723723724 1.0 -0.81576576016 -0.843296115809 
-1.43143143143 1.0 -0.99030442098 -1.10862061576 
-7.43743743744 1.0 -0.914492625181 -0.937141597142 
9.21921921922 1.0 0.204114170152 0.141063075035 
1.31131131131 1.0 0.966522242485 0.964403678823 
7.61761761762 1.0 0.972195835089 0.902230218666 
0.19019019019 1.0 0.189045659132 0.189191223983 
7.41741741742 1.0 0.906209755988 0.864250584614 
9.65965965966 1.0 -0.232727934358 -0.244479688173 
3.27327327327 1.0 -0.131300397197 -0.130570981807 
-0.630630630631 1.0 -0.589654207656 -0.601097706233 
6.21621621622 1.0 -0.066919044364 -0.0750810942028 
1.97197197197 1.0 0.920602539794 0.921339805104 
0.550550550551 1.0 0.523156507537 0.521356099636 
0.0900900900901 1.0 0.0899682743046 0.0908617765728 
3.83383383383 1.0 -0.63826408348 -0.643502770522 
2.79279279279 1.0 0.341770182763 0.350652015433 
-1.27127127127 1.0 -0.955476737061 -1.04554765182 
4.07407407407 1.0 -0.803100948886 -0.806003691289 
0.770770770771 1.0 0.69668837635 0.694669117575 
4.75475475475 1.0 -0.999102704803 -1.00162420192 
-8.63863863864 1.0 -0.707630665292 -0.688644564823 
-5.1951951952 1.0 0.885695580449 0.869751309894 
4.71471471471 1.0 -0.999997295481 -1.00165969441 
-0.35035035035 1.0 -0.343226895963 -0.343425794781 
-9.27927927928 1.0 -0.144985860003 -0.142819140708 
-9.91991991992 1.0 0.475156566095 0.488558569496 
-1.51151151151 1.0 -0.998243169988 -1.13067385995 
-6.01601601602 1.0 0.264002216892 0.270223534225 
8.53853853854 1.0 0.774699305584 0.64169682171 
-1.21121121121 1.0 -0.936042896216 -1.01593893382 
-6.43643643644 1.0 -0.152651959622 -0.156429180766 
-6.17617617618 1.0 0.106805021793 0.111666767044 
2.63263263263 1.0 0.487269347053 0.496390376826 
-0.27027027027 1.0 -0.266991905564 -0.265939191289 
9.8998998999 1.0 -0.45744688336 -0.459815611539 
-0.930930930931 1.0 -0.802176135594 -0.841240782851 
-6.41641641642 1.0 -0.132837305145 -0.135740356381 
-3.43343343343 1.0 0.28771565565 0.439213584524 
5.73573573574 1.0 -0.520511228445 -0.548710222235 
2.37237237237 1.0 0.695575258639 0.702285868482 
8.65865865866 1.0 0.693344009372 0.566769990853 
-1.83183183183 1.0 -0.96612325186 -1.14539283711 
8.43843843844 1.0 0.834011915114 0.698387223325 
4.51451451451 1.0 -0.980486642048 -0.979838510234 
-3.35335335335 1.0 0.210181594637 0.348877335234 
-7.53753753754 1.0 -0.950347982805 -0.968977702997 
-8.85885885886 1.0 -0.536191852752 -0.521212010141 
2.69269269269 1.0 0.433974744115 0.443183391393 
9.45945945946 1.0 -0.034674546587 -0.0663889730986 
0.750750750751 1.0 0.682187883844 0.680168517445 
9.17917917918 1.0 0.243137181641 0.174605673952 
-5.11511511512 1.0 0.919995965877 0.904348905045 
7.0970970971 1.0 0.726978798959 0.721859236181 
3.73373373373 1.0 -0.558138856901 -0.563575723719 
0.710710710711 1.0 0.65237258226 0.650361588287 
7.17717717718 1.0 0.779578080518 0.766822527777 
-5.51551551552 1.0 0.694460468753 0.686850984938 
9.13913913914 1.0 0.281770446506 0.207780286861 
6.31631631632 1.0 0.0331249483513 0.0307936671255 
5.81581581582 1.0 -0.450539443112 -0.477211165331 
9.95995995996 1.0 -0.509997599178 -0.513392494507 
-0.0500500500501 1.0 -0.0500291567086 -0.0483398406441 
-8.21821821822 1.0 -0.934395989648 -0.920285710285 
-6.71671671672 1.0 -0.42007812671 -0.437110575405 
-3.21321321321 1.0 0.0715593456609 0.178194493671 
5.95595595596 1.0 -0.32142063693 -0.343348515881 
6.8968968969 1.0 0.575905704393 0.583747700391 
-5.71571571572 1.0 0.537499969971 0.53761034376 
-8.17817817818 1.0 -0.947906971008 -0.935164999313 
-0.570570570571 1.0 -0.540112324789 -0.548088341378 
-6.95695695696 1.0 -0.623937863975 -0.64966108032 
2.45245245245 1.0 0.635873830576 0.643613270574 
-3.75375375375 1.0 0.574637462441 0.735956164539 
-9.11911911912 1.0 -0.30092154409 -0.293896538258 
6.95695695696 1.0 0.623937863975 0.628868084163 
7.07707707708 1.0 0.713087090062 0.709671122387 
4.37437437437 1.0 -0.943414910292 -0.942974351965 
1.91191191191 1.0 0.942382045726 0.942413485916 
3.97397397397 1.0 -0.739536372707 -0.743646791939 
7.45745745746 1.0 0.922408976872 0.874962527591 
9.97997997998 1.0 -0.527114985665 -0.531200314542 
0.530530530531 1.0 0.505991015532 0.504243031596 
2.01201201201 1.0 0.904233186475 0.905491228683 
6.85685685686 1.0 0.542719485852 0.552024707506 
-7.2972972973 1.0 -0.849011685183 -0.875582259034 
-4.95495495495 1.0 0.970724838874 0.960059252475 
-0.29029029029 1.0 -0.286230381945 -0.28542654705 
2.43243243243 1.0 0.651196684992 0.658697509118 
-1.97197197197 1.0 -0.920602539794 -1.11028113848 
4.65465465465 1.0 -0.998333836705 -0.998954848466 
6.81681681682 1.0 0.508663293061 0.519050645606 
6.0960960961 1.0 -0.185999691898 -0.201044995705 
3.21321321321 1.0 -0.0715593456609 -0.0695083908456 
5.93593593594 1.0 -0.340312647942 -0.363066530062 
8.61861861862 1.0 0.721633711464 0.59253522074 
6.11611611612 1.0 -0.166293065952 -0.180231897521 
9.55955955956 1.0 -0.13437389375 -0.155068346997 
0.910910910911 1.0 0.790062479764 0.788083674114 
-9.73973973974 1.0 0.309780130585 0.311804125321 
1.33133133133 1.0 0.971465007816 0.969330379402 
4.13413413413 1.0 -0.837417761709 -0.839530811294 
8.31831831832 1.0 0.894118814814 0.758785399417 
-6.05605605606 1.0 0.225181436261 0.231386434082 
4.25425425425 1.0 -0.896879023055 -0.897495288943 
-0.03003003003 1.0 -0.0300255167065 -0.028415212356 
7.53753753754 1.0 0.950347982805 0.891687189745 
6.6966966967 1.0 0.401827232414 0.413243696027 
-1.65165165165 1.0 -0.996732988666 -1.15236228687 
1.13113113113 1.0 0.904894218889 0.902912529207 
8.8988988989 1.0 0.501973484202 0.397518786706 
-0.910910910911 1.0 -0.790062479764 -0.826736104333 
1.19119119119 1.0 0.928811026462 0.926792170575 
5.4954954955 1.0 -0.708725363073 -0.736168749335 
8.41841841842 1.0 0.844890020967 0.709051338749 
2.49249249249 1.0 0.604469813648 0.612642450109 
9.73973973974 1.0 -0.309780130585 -0.316279937605 
-9.75975975976 1.0 0.328751980598 0.331619099753 
-8.91891891892 1.0 -0.484559073218 -0.471226014226 
-7.997997998 1.0 -0.989647555109 -0.984607910051 
0.47047047047 1.0 0.453305691794 0.451756221733 
-0.590590590591 1.0 -0.556851671602 -0.565912682318 
-8.57857857858 1.0 -0.748766641479 -0.729394587217 
-7.77777777778 1.0 -0.997097890944 -1.00358677638 
-0.750750750751 1.0 -0.682187883844 -0.70256684791 
-1.25125125125 1.0 -0.949378423874 -1.03601897009 
-2.39239239239 1.0 -0.681053382124 -0.838499247263 
-7.03703703704 1.0 -0.684451964588 -0.711737390308 
8.83883883884 1.0 0.552982096013 0.442001074465 
9.31931931932 1.0 0.105263273301 0.0557776779575 
-7.5975975976 1.0 -0.967313252172 -0.983157824394 
-9.61961961962 1.0 0.193611192318 0.192439576304 
4.01401401401 1.0 -0.765888052358 -0.7695420395 
6.03603603604 1.0 -0.244640851113 -0.262844979969 
-9.2992992993 1.0 -0.125149645879 -0.123509033539 
9.05905905906 1.0 0.357620745349 0.27291354369 
-1.07107107107 1.0 -0.877714248189 -0.935599906699 
-2.99299299299 1.0 -0.148053371305 -0.111482067188 
2.83283283283 1.0 0.303877337824 0.312460914968 
8.01801801802 1.0 0.986576173517 0.86796215402 
6.53653653654 1.0 0.250649611665 0.258809494932 
2.65265265265 1.0 0.469690351946 0.478863518637 
3.31331331331 1.0 -0.170877953796 -0.171011418935 
-9.37937937938 1.0 -0.0453829883483 -0.0455504073479 
-8.83883883884 1.0 -0.552982096013 -0.537496055191 
5.43543543544 1.0 -0.749793457774 -0.775929716562 
5.77577577578 1.0 -0.485914794209 -0.51346320258 
-5.05505505506 1.0 0.941862214566 0.927350835638 
-2.85285285285 1.0 -0.284744420138 -0.299454094758 
5.6956956957 1.0 -0.554273288059 -0.582894638409 
-5.87587587588 1.0 0.396140311588 0.400760942119 
7.93793793794 1.0 0.996477739177 0.885740527611 
2.75275275275 1.0 0.379115173303 0.388199774511 
-4.69469469469 1.0 0.999843460211 1.01179638901 
-6.7967967968 1.0 -0.491325964149 -0.511794037503 
8.4984984985 1.0 0.799390133963 0.665031257342 
6.43643643644 1.0 0.152651959622 0.156667354559 
7.73773773774 1.0 0.993251282848 0.906758899758 
-5.45545545546 1.0 0.736397402892 0.726503963361 
0.730730730731 1.0 0.667413978747 0.665397218363 
6.51651651652 1.0 0.231219739195 0.238660090766 
-4.67467467467 1.0 0.999288899866 1.0137455089 
4.23423423423 1.0 -0.887845512006 -0.888691182126 
6.07607607608 1.0 -0.205631771434 -0.221758957995 
0.610610610611 1.0 0.573367839051 0.571448277895 
5.61561561562 1.0 -0.61907922661 -0.647867382834 
-2.27227227227 1.0 -0.763890524376 -0.941455252442 
3.19319319319 1.0 -0.0515776439174 -0.0490855766207 
-7.47747747748 1.0 -0.929955638285 -0.951102680725 
-5.31531531532 1.0 0.823679750423 0.809463524295 
9.81981981982 1.0 -0.384846824231 -0.388118367135 
-2.53253253253 1.0 -0.572096837274 -0.695339044933 
-3.85385385385 1.0 0.653546911213 0.805987832576 
-4.41441441441 1.0 0.955933085822 1.01132316404 
-2.47247247247 1.0 -0.620296125676 -0.759522958335 
-8.13813813814 1.0 -0.959898466376 -0.948661786856 
-2.01201201201 1.0 -0.904233186475 -1.09522121019 
3.23323323323 1.0 -0.0915123672906 -0.0899033385739 
1.75175175175 1.0 0.983672194447 0.982317514658 
-2.05205205205 1.0 -0.886414355831 -1.07787967598 
4.17417417417 1.0 -0.858625146533 -0.860214611152 
0.31031031031 1.0 0.305354140677 0.304641536602 
1.29129129129 1.0 0.961192106815 0.959090432895 
-0.950950950951 1.0 -0.813968289004 -0.855500872825 
-5.35535535536 1.0 0.800320725902 0.787140145291 
-9.21921921922 1.0 -0.204114170152 -0.200234897214 
-8.07807807808 1.0 -0.974995298193 -0.96625206008 
-6.11611611612 1.0 0.166293065952 0.172066541274 
2.93293293293 1.0 0.207148878373 0.214588300682 
7.71771771772 1.0 0.990730428893 0.906925134249 
2.85285285285 1.0 0.284744420138 0.293143723356 
7.63763763764 1.0 0.976688773762 0.903915156182 
-0.43043043043 1.0 -0.417262010319 -0.419476411207 
3.95395395395 1.0 -0.725913266541 -0.730233748242 
7.8978978979 1.0 0.999035835857 0.892678922957 
7.85785785786 1.0 0.999992487454 0.89827777403 
4.83483483483 1.0 -0.99251286792 -0.997127656011 
5.53553553554 1.0 -0.679917243139 -0.708008319474 
-9.01901901902 1.0 -0.39471619201 -0.384446590176 
4.03403403403 1.0 -0.778606064409 -0.782016846065 
-4.79479479479 1.0 0.996606561851 0.997653629554 
-6.35635635636 1.0 -0.0731057736575 -0.0735519928159 
-3.11311311311 1.0 -0.0284756907485 0.0487200586199 
5.0950950951 1.0 -0.927657483133 -0.941649740968 
6.05605605606 1.0 -0.225181436261 -0.242362616292 
-3.81381381381 1.0 0.622725447279 0.779280161095 
3.57357357357 1.0 -0.41867057176 -0.423173168073 
7.51751751752 1.0 0.943927941216 0.888090009407 
-8.73873873874 1.0 -0.633477463068 -0.615852511132 
-7.97797797798 1.0 -0.992322298019 -0.988265337598 
-0.23023023023 1.0 -0.228201684929 -0.226766088614 
-7.33733733734 1.0 -0.869481672757 -0.895161854663 
-2.35235235235 1.0 -0.709818357066 -0.874955977299 
6.55655655656 1.0 0.269979026825 0.27879647456 
-0.730730730731 1.0 -0.667413978747 -0.686111642719 
-1.33133133133 1.0 -0.971465007816 -1.07200863983 
-2.41241241241 1.0 -0.666258547712 -0.819497889959 
9.2992992993 1.0 0.125149645879 0.0729844008944 
6.93693693694 1.0 0.608168751487 0.614164885772 
3.47347347347 1.0 -0.325821789448 -0.328987742195 
1.57157157157 1.0 0.999999699498 0.997923577656 
5.97597597598 1.0 -0.302399804444 -0.323457297067 
6.65665665666 1.0 0.36484968073 0.375910655183 
8.03803803804 1.0 0.983109384216 0.86272658564 
8.33833833834 1.0 0.884974675839 0.749329977672 
6.75675675676 1.0 0.456067581459 0.467375825312 
-2.23223223223 1.0 -0.789111039566 -0.971392612861 
-4.23423423423 1.0 0.887845512006 0.977393950701 
-0.11011011011 1.0 -0.109887744787 -0.108066210777 
5.51551551552 1.0 -0.694460468753 -0.722251316515 
2.99299299299 1.0 0.148053371305 0.154559703911 
-3.23323323323 1.0 0.0915123672906 0.203428392778 
10.0 1.0 -0.544021110889 -0.548978380186 
-9.07907907908 1.0 -0.338854295004 -0.330526946409 
2.13213213213 1.0 0.846544793956 0.84955429729 
3.93393393393 1.0 -0.711999223182 -0.716515668784 
-3.27327327327 1.0 0.131300397197 0.25310348733 
-5.95595595596 1.0 0.32142063693 0.327263557628 
1.47147147147 1.0 0.995071340501 0.99288893022 
-7.4974974975 1.0 -0.93712958481 -0.957470792099 
-3.17317317317 1.0 0.0315752704827 0.127013972496 
-5.27527527528 1.0 0.845718424022 0.830675406755 
9.93993993994 1.0 -0.492675811867 -0.49555741308 
5.25525525526 1.0 -0.856231505045 -0.876580364827 
0.35035035035 1.0 0.343226895963 0.342265364812 
6.2962962963 1.0 0.0131106134944 0.00963311287177 
-3.95395395395 1.0 0.725913266541 0.865266743295 
-8.71871871872 1.0 -0.648840196822 -0.630875860671 
1.09109109109 1.0 0.887131000257 0.885165479734 
4.97497497497 1.0 -0.965721938658 -0.975022914128 
7.23723723724 1.0 0.81576576016 0.796493036122 
-3.63363363363 1.0 0.472425730458 0.637489310868 
-8.4984984985 1.0 -0.799390133963 -0.780049543941 
-8.41841841842 1.0 -0.844890020967 -0.826231364576 
-6.03603603604 1.0 0.244640851113 0.250881141166 
7.997997998 1.0 0.989647555109 0.872885121821 
-7.31731731732 1.0 -0.859418901282 -0.885568631716 
-2.31231231231 1.0 -0.737445499834 -0.909294106728 
3.35335335335 1.0 -0.210181594637 -0.211148162384 
-5.15515515516 1.0 0.903569980268 0.887610722917 
8.13813813814 1.0 0.959898466376 0.831994684482 
-1.53153153153 1.0 -0.999229236959 -1.13512416838 
-0.990990990991 1.0 -0.836569314705 -0.883264272981 
1.05105105105 1.0 0.867945718946 0.865988758872 
-9.25925925926 1.0 -0.164763965562 -0.162046987613 
9.23923923924 1.0 0.184476035731 0.124162443127 
5.57557557558 1.0 -0.650019222236 -0.678562475566 
2.89289289289 1.0 0.246143932464 0.254106612802 
-4.43443443443 1.0 0.961618700226 1.01340268278 
-4.59459459459 1.0 0.993070259711 1.01855661157 
-9.71971971972 1.0 0.290684124469 0.291959180093 
1.39139139139 1.0 0.983950052752 0.981776917004 
0.890890890891 1.0 0.777632176518 0.775646182808 
-8.97897897898 1.0 -0.431178912314 -0.419647568243 
-6.87687687688 1.0 -0.559424700424 -0.582838155177 
-9.95995995996 1.0 0.509997599178 0.527208950274 
9.75975975976 1.0 -0.328751980598 -0.334243103827 
2.33233233233 1.0 0.723776968945 0.72991070638 
2.31231231231 1.0 0.737445499834 0.743279425997 
8.27827827828 1.0 0.911328515751 0.776931398537 
-2.73273273273 1.0 -0.397563478837 -0.456123862926 
9.5995995996 1.0 -0.173932497848 -0.190766678648 
8.21821821822 1.0 0.934395989648 0.802178717737 
-7.83783783784 1.0 -0.999869691753 -1.0031162053 
-7.05705705706 1.0 -0.698909584547 -0.726459189278 
2.95295295295 1.0 0.187522900919 0.194670122791 
-5.85585585586 1.0 0.41444188151 0.418637537689 
-3.55355355355 1.0 0.400406942668 0.563166774994 
5.2952952953 1.0 -0.834866389361 -0.856686832149 
-3.29329329329 1.0 0.151119458915 0.2775146798 
-4.45445445445 1.0 0.966918909573 1.01515650588 
-0.530530530531 1.0 -0.505991015532 -0.512002028187 
-7.95795795796 1.0 -0.994599330244 -0.991544181276 
4.31431431431 1.0 -0.921809046742 -0.921818089974 
0.850850850851 1.0 0.75184168035 0.749841179885 
4.77477477477 1.0 -0.998054637396 -1.00105371981 
-8.33833833834 1.0 -0.884974675839 -0.867656588303 
3.91391391391 1.0 -0.69779981921 -0.702496727294 
-2.11211211211 1.0 -0.857031446499 -1.04755856334 
3.55355355355 1.0 -0.400406942668 -0.404685208553 
-3.09309309309 1.0 -0.0484805492288 0.0222889387831 
3.75375375375 1.0 -0.574637462441 -0.580081262862 
9.67967967968 1.0 -0.252150304413 -0.262416076402 
1.63163163163 1.0 0.998150103477 0.996227294495 
1.61161161161 1.0 0.999167171889 0.997184577383 
1.93193193193 1.0 0.935496175869 0.935752272373 
-5.37537537538 1.0 0.788157702332 0.775563084116 
8.77877877878 1.0 0.601996584369 0.485104432294 
8.45845845846 1.0 0.822799547447 0.687493217247 
-4.17417417417 1.0 0.858625146533 0.959711211376 
9.6996996997 1.0 -0.271471615699 -0.28036353212 
7.47747747748 1.0 0.929955638285 0.879729177985 
8.37837837838 1.0 0.865626143701 0.729674127505 
4.09409409409 1.0 -0.81486800406 -0.817509400054 
8.67867867868 1.0 0.678779469621 0.553604730433 
-9.23923923924 1.0 -0.184476035731 -0.181187326462 
5.13513513514 1.0 -0.911965725448 -0.927575819949 
7.95795795796 1.0 0.994599330244 0.881778065834 
-0.650650650651 1.0 -0.605704250039 -0.618447959503 
-1.99199199199 1.0 -0.912600742763 -1.10303515864 
4.61461461461 1.0 -0.995223893414 -0.995317934196 
2.23223223223 1.0 0.789111039566 0.793698251968 
5.21521521522 1.0 -0.87622408965 -0.895033284807 
-1.61161161161 1.0 -0.999167171889 -1.1484647442 
6.17617617618 1.0 -0.106805021793 -0.117311871199 
-7.6976976977 1.0 -0.987812502254 -0.99858281211 
6.4964964965 1.0 0.211697196671 0.218359605661 
-6.57657657658 1.0 -0.289200237681 -0.299570012104 
-7.73773773774 1.0 -0.993251282848 -1.0018945952 
-6.47647647648 1.0 -0.19208980849 -0.19768117513 
-3.79379379379 1.0 0.606937230307 0.765275326207 
3.41341341341 1.0 -0.268485788917 -0.270618970809 
0.15015015015 1.0 0.149586594914 0.150035743975 
2.91291291291 1.0 0.226691833081 0.234403354491 
3.39339339339 1.0 -0.249148316352 -0.250905679491 
-6.65665665666 1.0 -0.36484968073 -0.379086605547 
-1.45145145145 1.0 -0.992886849216 -1.11475778401 
3.71371371371 1.0 -0.541416556108 -0.54682227142 
6.5965965966 1.0 0.308305540605 0.318238651169 
-4.11411411411 1.0 0.826308470068 0.938664535307 
-8.51851851852 1.0 -0.787202470352 -0.767793841014 
-6.25625625626 1.0 0.0269257963344 0.0298679227829 
2.51251251251 1.0 0.588401237484 0.596766294463 
8.25825825826 1.0 0.919387180273 0.785614033849 
-3.15315315315 1.0 0.0115602420643 0.101101245868 
2.73273273273 1.0 0.397563478837 0.40671337821 
-8.65865865866 1.0 -0.693344009372 -0.674560845092 
8.87887887888 1.0 0.519186710331 0.412493248045 
2.57257257257 1.0 0.53880679503 0.547640435224 
4.11411411411 1.0 -0.826308470068 -0.828686025063 
-7.17717717718 1.0 -0.779578080518 -0.807597490704 
-5.53553553554 1.0 0.679917243139 0.673096063709 
-1.59159159159 1.0 -0.999783786273 -1.14581252619 
-1.75175175175 1.0 -0.983672194447 -1.15358899028 
3.51351351351 1.0 -0.363405633971 -0.367169037701 
-4.13413413413 1.0 0.837417761709 0.946060651213 
8.75875875876 1.0 0.617860839267 0.499148389631 
-9.93993993994 1.0 0.492675811867 0.50791866254 
-6.97697697698 1.0 -0.639456909771 -0.665644329213 
7.65765765766 1.0 0.980790267476 0.905224482876 
-0.31031031031 1.0 -0.305354140677 -0.304840406554 
5.45545545546 1.0 -0.736397402892 -0.763011513484 
-4.97497497497 1.0 0.965721938658 0.954081638981 
-4.65465465465 1.0 0.998333836705 1.0153979089 
-5.91591591592 1.0 0.359068265792 0.364398685872 
9.15915915916 1.0 0.26250641876 0.191240719136 
-7.25725725726 1.0 -0.827180739833 -0.854442551136 
-3.91391391391 1.0 0.69779981921 0.842826052579 
-1.39139139139 1.0 -0.983950052752 -1.09514031451 
-9.81981981982 1.0 0.384846824231 0.390841569574 
-4.51451451451 1.0 0.980486642048 1.01849387468 
-3.45345345345 1.0 0.306830209454 0.460868724849 
6.7967967968 1.0 0.491325964149 0.502112941231 
0.11011011011 1.0 0.109887744787 0.110636199705 
1.87187187187 1.0 0.955018091318 0.954633650423 
9.4994994995 1.0 -0.0746520259067 -0.101747924043 
-2.07207207207 1.0 -0.876970223046 -1.06834832249 
5.7957957958 1.0 -0.468320967329 -0.495459039436 
-0.890890890891 1.0 -0.777632176518 -0.811992528323 
0.790790790791 1.0 0.710909644644 0.708892761597 
-2.17217217217 1.0 -0.824557973258 -1.0120540699 
-9.77977977978 1.0 0.347592070824 0.351399807765 
-0.550550550551 1.0 -0.523156507537 -0.530116389259 
-6.4964964965 1.0 -0.211697196671 -0.218222603444 
-0.41041041041 1.0 -0.398985690337 -0.400617123038 
-1.35135135135 1.0 -0.97601842181 -1.08009819243 
6.37637637638 1.0 0.0930562402792 0.0940370352579 
4.81481481481 1.0 -0.994759058541 -0.998805714516 
8.1981981982 1.0 0.941340119153 0.810052827479 
9.1991991992 1.0 0.223670498102 0.157878636244 
-6.15615615616 1.0 0.126687794244 0.13190566047 
-2.83283283283 1.0 -0.303877337824 -0.325996269515 
0.650650650651 1.0 0.605704250039 0.603733916148 
9.3993993994 1.0 0.0253758371902 -0.0136964484838 
-3.61361361361 1.0 0.454687183165 0.619552106408 
-6.55655655656 1.0 -0.269979026825 -0.279377716923 
5.67567567568 1.0 -0.570824460166 -0.599571583544 
5.3953953954 1.0 -0.775678794758 -0.800743604044 
-9.0990990991 1.0 -0.319952035985 -0.312276619924 
-7.91791791792 1.0 -0.997956771974 -0.996954933139 
5.23523523524 1.0 -0.866401418913 -0.885987634369 
-8.37837837838 1.0 -0.865626143701 -0.847555811503 
4.73473473473 1.0 -0.99975034402 -1.00182607887 
-3.13313313313 1.0 -0.00845941955823 0.0749971392337 
-3.87387387387 1.0 0.668567805308 0.818694618119 
2.05205205205 1.0 0.886414355831 0.888228431888 
9.37937937938 1.0 0.0453829883483 0.00376251019273 
6.3963963964 1.0 0.112969411094 0.114998091584 
9.63963963964 1.0 -0.213212289782 -0.22655732904 
8.97897897898 1.0 0.431178912314 0.336236416565 
-4.39439439439 1.0 0.949864345085 1.00891477431 
3.01301301301 1.0 0.128225638051 0.134385408873 
3.69369369369 1.0 -0.524477262156 -0.529827346695 
2.21221221221 1.0 0.801249393857 0.805519017236 
-0.17017017017 1.0 -0.169350063744 -0.167594568427 
-3.33333333333 1.0 0.190567962875 0.325414514109 
3.65365365365 1.0 -0.489974935275 -0.495139870672 
-4.71471471471 1.0 0.999997295481 1.00955219317 
1.71171171171 1.0 0.990087845702 0.988501447536 
6.57657657658 1.0 0.289200237681 0.29860985638 
3.67367367367 1.0 -0.507327764109 -0.512597596309 
-3.41341341341 1.0 0.268485788917 0.417177561515 
-7.75775775776 1.0 -0.995374053792 -1.00294241043 
-2.59259259259 1.0 -0.521834495241 -0.627313554282 
9.61961961962 1.0 -0.193611192318 -0.208651987553 
9.07907907908 1.0 0.338854295004 0.256791043364 
-6.13613613614 1.0 0.146519791772 0.152041861352 
-1.13113113113 1.0 -0.904894218889 -0.971870461451 
2.55255255255 1.0 0.555563147622 0.564259636015 
8.81881881882 1.0 0.569550710787 0.456527033524 
-4.63463463463 1.0 0.996978653508 1.01675182991 
9.01901901902 1.0 0.39471619201 0.304815576531 
-4.57457457457 1.0 0.990518615549 1.01900336286 
-0.770770770771 1.0 -0.69668837635 -0.718827131306 
9.41941941942 1.0 0.00535851570584 -0.0312101918357 
-6.45645645646 1.0 -0.172405433055 -0.177079738078 
-2.15215215215 1.0 -0.835718856574 -1.02446416974 
3.53353353353 1.0 -0.381982835353 -0.386014445097 
-3.01301301301 1.0 -0.128225638051 -0.0845807306227 
-8.23823823824 1.0 -0.927077365617 -0.912336925809 
9.77977977978 1.0 -0.347592070824 -0.352205771544 
0.990990990991 1.0 0.836569314705 0.834611444239 
3.49349349349 1.0 -0.34468278404 -0.348157310074 
-9.31931931932 1.0 -0.105263273301 -0.104121899481 
-5.75575575576 1.0 0.503313872361 0.504765072634 
-9.53953953954 1.0 0.114509838728 0.112744687659 
-4.87487487487 1.0 0.986828185163 0.981137195984 
1.81181181181 1.0 0.971096090611 0.97017418418 
1.35135135135 1.0 0.97601842181 0.973869014809 
-6.07607607608 1.0 0.205631771434 0.211747105648 
-5.13513513514 1.0 0.911965725448 0.896120055254 
-1.31131131131 1.0 -0.966522242485 -1.0635491911 
2.15215215215 1.0 0.835718856574 0.839039730147 
-7.57757757758 1.0 -0.96204298189 -0.978842093669 
1.15115115115 1.0 0.91323356617 0.911241078441 
3.09309309309 1.0 0.0484805492288 0.0531084936951 
7.4974974975 1.0 0.93712958481 0.884104533823 
6.27627627628 1.0 -0.00690897593668 -0.0115468116169 
-5.8958958959 1.0 0.377679973455 0.382679427456 
-8.75875875876 1.0 -0.617860839267 -0.600606524943 
-1.79179179179 1.0 -0.975679725882 -1.15053865017 
-9.8998998999 1.0 0.45744688336 0.469132324905 
4.79479479479 1.0 -0.996606561851 -1.00011431851 
-5.6956956957 1.0 0.554273288059 0.553672506567 
2.53253253253 1.0 0.572096837274 0.580636831196 
5.37537537538 1.0 -0.788157702332 -0.812633459422 
-0.690690690691 1.0 -0.637069722791 -0.652637788542 
1.11111111111 1.0 0.89619220103 0.894219529817 
-3.47347347347 1.0 0.325821789448 0.482134735514 
4.15415415415 1.0 -0.848191426515 -0.85004115765 
-4.05405405405 1.0 0.791012020637 0.914144098873 
8.93893893894 1.0 0.466950456861 0.367147185538 
6.33633633634 1.0 0.0531260071326 0.051922643104 
-6.27627627628 1.0 0.00690897593668 0.00925495839212 
-1.95195195195 1.0 -0.928235370545 -1.11696209645 
7.77777777778 1.0 0.997097890944 0.905344579782 
-5.77577577578 1.0 0.485914794209 0.487989684687 
8.05805805806 1.0 0.979248576653 0.857182249482 
1.21121121121 1.0 0.936042896216 0.934008858738 
2.67267267267 1.0 0.451923110669 0.461125631177 
-3.71371371371 1.0 0.541416556108 0.704885179432 
-1.81181181181 1.0 -0.971096090611 -1.14823050583 
0.39039039039 1.0 0.380549461752 0.379364204911 
5.55555555556 1.0 -0.665101514979 -0.693443907725 
-2.09209209209 1.0 -0.867174611281 -1.05824151178 
9.27927927928 1.0 0.144985860003 0.090119695325 
1.49149149149 1.0 0.996857019318 0.994683494815 
5.15515515516 1.0 -0.903569980268 -0.919988269004 
-3.51351351351 1.0 0.363405633971 0.523469866206 
7.83783783784 1.0 0.999869691753 0.900565991785 
3.25325325325 1.0 -0.111428711879 -0.110260752853 
-2.63263263263 1.0 -0.487269347053 -0.580036141774 
-4.55455455455 1.0 0.987569983594 1.01914341458 
3.07307307307 1.0 0.0684659772958 0.0734960514674 
7.6976976977 1.0 0.987812502254 0.906726726583 
4.59459459459 1.0 -0.993070259711 -0.992950851641 
-10.0 1.0 0.544021110889 0.56556588573 
-9.87987987988 1.0 0.439553861488 0.449643659366 
-3.65365365365 1.0 0.489974935275 0.654992922339 
-1.73173173173 1.0 -0.987077824457 -1.1543429659 
-0.0700700700701 1.0 -0.0700127456343 -0.0682606259806 
-5.97597597598 1.0 0.302399804444 0.308421822648 
3.87387387387 1.0 -0.668567805308 -0.673573940681 
0.670670670671 1.0 0.62151153354 0.619523321805 
7.1971971972 1.0 0.791959659904 0.777102238179 
-8.2982982983 1.0 -0.902904601864 -0.886500153437 
7.87787787788 1.0 0.99971449835 0.895647580537 
0.930930930931 1.0 0.802176135594 0.800204023024 
-5.0950950951 1.0 0.927657483133 0.912297102953 
-6.83683683684 1.0 -0.525796755923 -0.547808605313 
2.47247247247 1.0 0.620296125676 0.628259870036 
-1.93193193193 1.0 -0.935496175869 -1.12308136254 
-7.0970970971 1.0 -0.726978798959 -0.754899137037 
7.31731731732 1.0 0.859418901282 0.830560265913 
-5.43543543544 1.0 0.749793457774 0.739179492402 
-0.830830830831 1.0 -0.738491823944 -0.766384618279 
-2.97297297297 1.0 -0.167821766571 -0.138414826303 
0.29029029029 1.0 0.286230381945 0.28565068969 
-6.1961961962 1.0 0.0868794431893 0.0913342169133 
3.85385385385 1.0 -0.653546911213 -0.658679439794 
7.55755755756 1.0 0.956387136503 0.894897823094 
7.43743743744 1.0 0.914492625181 0.869803346562 
7.3973973974 1.0 0.897563688968 0.858303384869 
-6.77677677678 1.0 -0.473791717778 -0.493440514714 
-3.49349349349 1.0 0.34468278404 0.50300406904 
-9.05905905906 1.0 -0.357620745349 -0.34864223416 
0.23023023023 1.0 0.228201684929 0.228047863685 
8.3983983984 1.0 0.855429505195 0.719481622737 
2.81281281281 1.0 0.322888465175 0.331632999277 
6.47647647648 1.0 0.19208980849 0.197919539352 
