-9.85985985986 1.0 0.421484671785 -0.183390101686 
6.35635635636 1.0 0.0731057736575 0.112547349928 
-2.81281281281 1.0 -0.322888465175 -0.293060108369 
-2.95295295295 1.0 -0.187522900919 -0.0568901397198 
1.89189189189 1.0 0.948890220341 0.929056287071 
4.67467467467 1.0 -0.999288899866 -1.04946239389 
-6.3963963964 1.0 -0.112969411094 0.0607764246411 
-5.4954954955 1.0 0.708725363073 0.847402404736 
-8.7987987988 1.0 -0.585891056576 -0.265908088959 
-9.55955955956 1.0 0.13437389375 -0.206591792819 
-8.53853853854 1.0 -0.774699305584 -0.283566202128 
-6.53653653654 1.0 -0.250649611665 -0.0196603195439 
7.33733733734 1.0 0.869481672757 0.712443063292 
6.83683683684 1.0 0.525796755923 0.503100218043 
1.45145145145 1.0 0.992886849216 0.972552909824 
-7.71771771772 1.0 -0.990730428893 -0.30258153991 
1.65165165165 1.0 0.996732988666 0.974062291887 
-0.0900900900901 1.0 -0.0899682743046 -0.103710693343 
1.23123123123 1.0 0.942899611382 0.929520231406 
3.59359359359 1.0 -0.436766402789 -0.471024421327 
0.870870870871 1.0 0.764890207772 0.768129589801 
-7.63763763764 1.0 -0.976688773762 -0.298963571002 
0.37037037037 1.0 0.361960713579 0.378003763191 
9.35935935936 1.0 0.0653719505576 -0.0169238743535 
3.13313313313 1.0 0.00845941955822 0.0052865936205 
7.81781781782 1.0 0.999346160464 0.714018891324 
-1.17117117117 1.0 -0.921206900567 -1.14692034412 
-2.37237237237 1.0 -0.695575258639 -0.892847534175 
-6.33633633634 1.0 -0.0531260071326 0.0991243787084 
8.07807807808 1.0 0.974995298193 0.648434947001 
-7.81781781782 1.0 -0.999346160464 -0.30523785752 
-4.29429429429 1.0 0.913864194148 1.60658730861 
-4.77477477477 1.0 0.998054637396 1.48958640584 
-5.7957957958 1.0 0.468320967329 0.544226181925 
-8.6986986987 1.0 -0.66394288333 -0.273021825878 
8.23823823824 1.0 0.927077365617 0.590178351977 
-0.13013013013 1.0 -0.1297631736 -0.148727070463 
0.13013013013 1.0 0.1297631736 0.137004843958 
-8.61861861862 1.0 -0.721633711464 -0.278441247284 
-7.07707707708 1.0 -0.713087090062 -0.222371955628 
8.91891891892 1.0 0.484559073218 0.244613676515 
2.29229229229 1.0 0.750818471552 0.745536538037 
-8.87887887888 1.0 -0.519186710331 -0.259998863037 
8.95895895896 1.0 0.449154692451 0.221316932884 
-0.19019019019 1.0 -0.189045659132 -0.216628397537 
-4.33433433433 1.0 0.929384449502 1.61145282716 
-0.39039039039 1.0 -0.380549461752 -0.443022185493 
-4.53453453453 1.0 0.984225545624 1.59362006347 
4.47447447447 1.0 -0.971831589603 -1.0281549265 
-8.15815815816 1.0 -0.9540939133 -0.302029941472 
4.19419419419 1.0 -0.868714740054 -0.927609831669 
4.91491491491 1.0 -0.979561626072 -1.01879640333 
-5.5955955956 1.0 0.634676409709 0.744310821097 
-9.03903903904 1.0 -0.376243865658 -0.247759832407 
-1.05105105105 1.0 -0.867945718946 -1.07164785366 
-0.870870870871 1.0 -0.764890207772 -0.931440798741 
5.11511511512 1.0 -0.919995965877 -0.947530679816 
-8.55855855856 1.0 -0.761885650774 -0.282315465098 
2.27227227227 1.0 0.763890524376 0.757772461984 
3.15315315315 1.0 -0.0115602420643 -0.0158114786232 
3.99399399399 1.0 -0.752863081707 -0.808128458947 
-8.3983983984 1.0 -0.855429505195 -0.291658436657 
-4.89489489489 1.0 0.983391971377 1.40954838434 
7.11711711712 1.0 0.740579143612 0.647806590541 
0.830830830831 1.0 0.738491823944 0.743577709008 
-1.55155155155 1.0 -0.999814825028 -1.27459877191 
0.03003003003 1.0 0.0300255167065 0.0293529403617 
8.73873873874 1.0 0.633477463068 0.346785513083 
-8.8988988989 1.0 -0.501973484202 -0.258496425878 
-9.51951951952 1.0 0.094599889559 -0.209747118121 
-9.41941941942 1.0 -0.00535851570584 -0.217674069141 
-6.23623623624 1.0 0.046931825201 0.16824488632 
3.77377377377 1.0 -0.590905760288 -0.63656578959 
-6.8968968969 1.0 -0.575905704393 -0.171991670761 
-4.83483483483 1.0 0.99251286792 1.45161503788 
0.21021021021 1.0 0.208665487323 0.220359624098 
-1.77177177177 1.0 -0.979872320608 -1.26466708898 
-8.67867867868 1.0 -0.678779469621 -0.274401502935 
0.970970970971 1.0 0.825434213842 0.823888648123 
-1.71171171171 1.0 -0.990087845702 -1.27377302251 
-0.49049049049 1.0 -0.471058607419 -0.553849783678 
6.01601601602 1.0 -0.264002216892 -0.22603401605 
-8.77877877878 1.0 -0.601996584369 -0.267357242414 
7.7977977978 1.0 0.998422103411 0.717349439841 
-0.670670670671 1.0 -0.62151153354 -0.743656322583 
0.950950950951 1.0 0.813968289004 0.813389496719 
-8.11811811812 1.0 -0.965318303844 -0.303210371033 
-9.57957957958 1.0 0.154184093352 -0.205018312796 
7.25725725726 1.0 0.827180739833 0.693908199864 
-4.75475475475 1.0 0.999102704803 1.50127158454 
-2.77277277277 1.0 -0.360514923027 -0.357400442173 
3.17317317317 1.0 -0.0315752704827 -0.0369489127015 
-2.49249249249 1.0 -0.604469813648 -0.755080973462 
-3.31331331331 1.0 0.170877953796 0.581555426616 
-3.77377377377 1.0 0.590905760288 1.26567485934 
-5.73573573574 1.0 0.520511228445 0.602969657965 
-3.89389389389 1.0 0.683320745574 1.39032927971 
-5.33533533534 1.0 0.812162990678 1.01196764802 
-9.45945945946 1.0 0.034674546587 -0.214497808913 
-5.41541541542 1.0 0.762889004574 0.930049136885 
-7.67767767768 1.0 -0.984498672401 -0.30094896518 
-3.93393393393 1.0 0.711999223182 1.42588284005 
-9.17917917918 1.0 -0.243137181641 -0.236757696924 
9.71971971972 1.0 -0.290684124469 -0.228670486677 
-7.8978978979 1.0 -0.999035835857 -0.306037325643 
1.51151151151 1.0 0.998243169988 0.976768107395 
-8.27827827828 1.0 -0.911328515751 -0.297486543121 
6.87687687688 1.0 0.559424700424 0.527973128021 
4.45445445445 1.0 -0.966918909573 -1.02368136486 
-0.01001001001 1.0 -0.0100098428432 -0.0146034561407 
-1.11111111111 1.0 -0.89619220103 -1.1112245206 
-3.99399399399 1.0 0.752863081707 1.47343945404 
-4.09409409409 1.0 0.81486800406 1.53714199605 
0.0500500500501 1.0 0.0500291567086 0.051154019779 
7.15715715716 1.0 0.766884055736 0.66277064499 
-2.93293293293 1.0 -0.207148878373 -0.0915112402986 
-6.93693693694 1.0 -0.608168751487 -0.184529627257 
7.57757757758 1.0 0.96204298189 0.735495315525 
4.33433433433 1.0 -0.929384449502 -0.988002877835 
-6.21621621622 1.0 0.066919044364 0.182846062737 
8.57857857858 1.0 0.748766641479 0.4325329648 
8.0980980981 1.0 0.970351253498 0.641827715611 
1.53153153153 1.0 0.999229236959 0.977455426349 
8.998998999 1.0 0.413030320922 0.197858199995 
6.41641641642 1.0 0.132837305145 0.168987291479 
-6.61661661662 1.0 -0.327287278425 -0.0600706560817 
7.67767767768 1.0 0.984498672401 0.731591878545 
6.996996997 1.0 0.654719669029 0.594285599309 
5.05505505506 1.0 -0.941862214566 -0.973146580054 
-3.03303303303 1.0 -0.108346513523 0.0837019448849 
-5.63563563564 1.0 0.603233924101 0.703446156739 
-6.6966966967 1.0 -0.401827232414 -0.0965956469273 
-8.43843843844 1.0 -0.834011915114 -0.28947439367 
-0.33033033033 1.0 -0.32435551719 -0.37545890738 
-7.01701701702 1.0 -0.669720024621 -0.207265445315 
5.87587587588 1.0 -0.396140311588 -0.366059110267 
-5.57557557558 1.0 0.650019222236 0.764845569705 
-4.49449449449 1.0 0.976354771373 1.60257938977 
0.570570570571 1.0 0.540112324789 0.554604808043 
8.11811811812 1.0 0.965318303844 0.63501905488 
9.25925925926 1.0 0.164763965562 0.0429783751034 
-5.01501501502 1.0 0.954557149695 1.31460985098 
-4.01401401401 1.0 0.765888052358 1.48773942218 
-4.31431431431 1.0 0.921809046742 1.60938572401 
9.83983983984 1.0 -0.403246556161 -0.296668908543 
1.77177177177 1.0 0.979872320608 0.957868938831 
-3.83383383383 1.0 0.63826408348 1.33132264532 
4.41441441441 1.0 -0.955933085822 -1.01346638076 
-6.63663663664 1.0 -0.346137843492 -0.0695604338958 
-8.5985985986 1.0 -0.735347535638 -0.279752133552 
-0.810810810811 1.0 -0.724845989014 -0.878254336764 
-2.33233233233 1.0 -0.723776968945 -0.934075936513 
3.37337337337 1.0 -0.229710988177 -0.248165007175 
4.69469469469 1.0 -0.999843460211 -1.04924302282 
5.01501501502 1.0 -0.954557149695 -0.988227624865 
-6.996996997 1.0 -0.654719669029 -0.201865911948 
2.39239239239 1.0 0.681053382124 0.679805895093 
-3.53353353353 1.0 0.381982835353 0.942838960483 
-4.73473473473 1.0 0.99975034402 1.51244922799 
-6.81681681682 1.0 -0.508663293061 -0.144447958626 
-1.69169169169 1.0 -0.992701051804 -1.2757301596 
5.03503503504 1.0 -0.948399735659 -0.980888563003 
3.03303303303 1.0 0.108346513523 0.109833660189 
-4.61461461461 1.0 0.995223893414 1.56816038314 
5.75575575576 1.0 -0.503313872361 -0.481859277632 
-3.97397397397 1.0 0.739536372707 1.45836176543 
1.67167167167 1.0 0.994916395419 0.97224833104 
-7.45745745746 1.0 -0.922408976872 -0.285139797398 
5.07507507508 1.0 -0.934947206573 -0.965004351047 
6.13613613614 1.0 -0.146519791772 -0.104625386201 
-7.15715715716 1.0 -0.766884055736 -0.240087355189 
6.97697697698 1.0 0.639456909771 0.584113124308 
3.89389389389 1.0 -0.683320745574 -0.734915670945 
-4.25425425425 1.0 0.896879023055 1.59877049187 
7.27727727728 1.0 0.838264195546 0.699068534583 
1.69169169169 1.0 0.992701051804 0.970079327971 
9.0990990991 1.0 0.319952035985 0.138654316194 
-4.91491491491 1.0 0.979561626072 1.39467935345 
-3.69369369369 1.0 0.524477262156 1.16826453859 
-1.57157157157 1.0 -0.999999699498 -1.27633150199 
3.11311311311 1.0 0.0284756907485 0.0263350802957 
9.51951951952 1.0 -0.094599889559 -0.112120488774 
-3.57357357357 1.0 0.41867057176 1.00269133992 
-1.15115115115 1.0 -0.91323356617 -1.13546261264 
-4.15415415415 1.0 0.848191426515 1.56601972702 
-7.1971971972 1.0 -0.791959659904 -0.247963351164 
5.995995996 1.0 -0.2832577738 -0.246226222131 
8.35835835836 1.0 0.875475849797 0.539162181816 
0.01001001001 1.0 0.0100098428432 0.00743121675046 
8.85885885886 1.0 0.536191852752 0.279202366333 
-5.61561561562 1.0 0.61907922661 0.723840701944 
1.07107107107 1.0 0.877714248189 0.871373887564 
-1.47147147147 1.0 -0.995071340501 -1.26252718947 
1.99199199199 1.0 0.912600742763 0.895583256697 
9.43943943944 1.0 -0.0146609534063 -0.0646712370351 
-6.5965965966 1.0 -0.308305540605 -0.0503379086685 
-7.7977977978 1.0 -0.998422103411 -0.30486076388 
3.33333333333 1.0 -0.190567962875 -0.206202809147 
-0.850850850851 1.0 -0.75184168035 -0.914041331744 
6.73673673674 1.0 0.438160658811 0.435114936035 
-1.23123123123 1.0 -0.942899611382 -1.178585069 
2.61261261261 1.0 0.504653050544 0.510080212394 
-7.3973973974 1.0 -0.897563688968 -0.278535407853 
-0.510510510511 1.0 -0.488622728493 -0.575646098586 
1.55155155155 1.0 0.999814825028 0.977784177216 
-9.5995995996 1.0 0.173932497848 -0.203447890133 
-9.35935935936 1.0 -0.0653719505576 -0.22244719403 
8.51851851852 1.0 0.787202470352 0.463073243114 
2.59259259259 1.0 0.521834495241 0.526843491998 
6.67667667668 1.0 0.38341529066 0.390526657123 
2.03203203203 1.0 0.895503224543 0.879826739518 
7.01701701702 1.0 0.669720024621 0.604101971048 
1.59159159159 1.0 0.999783786273 0.977367234225 
-8.81881881882 1.0 -0.569550710787 -0.264447053164 
7.75775775776 1.0 0.995374053792 0.723207088843 
6.63663663664 1.0 0.346137843492 0.359310212902 
-4.07407407407 1.0 0.803100948886 1.52596128298 
-2.79279279279 1.0 -0.341770182763 -0.325429887461 
-7.55755755756 1.0 -0.956387136503 -0.293857871912 
-7.35735735736 1.0 -0.879195966573 -0.273513588758 
-5.21521521522 1.0 0.87622408965 1.13157696288 
5.83583583584 1.0 -0.432577348176 -0.4052254976 
-9.13913913914 1.0 -0.281770446506 -0.239919442852 
4.85485485485 1.0 -0.989868890237 -1.03216455948 
-2.61261261261 1.0 -0.504653050544 -0.596932081078 
0.810810810811 1.0 0.724845989014 0.730830894954 
-1.49149149149 1.0 -0.996857019318 -1.26631074353 
-3.25325325325 1.0 0.111428711879 0.47636754355 
-3.59359359359 1.0 0.436766402789 1.03178959437 
8.47847847848 1.0 0.811257411747 0.482863900686 
-1.91191191191 1.0 -0.942382045726 -1.22421779451 
9.53953953954 1.0 -0.114509838728 -0.123921815646 
-0.45045045045 1.0 -0.435371096772 -0.509853517067 
-2.29229229229 1.0 -0.750818471552 -0.972928418326 
-3.19319319319 1.0 0.0515776439174 0.369696434272 
-7.37737737738 1.0 -0.888557889358 -0.276088306046 
6.15615615616 1.0 -0.126687794244 -0.0844580203766 
-8.0980980981 1.0 -0.970351253498 -0.303731576178 
1.43143143143 1.0 0.99030442098 0.970429879384 
-8.93893893894 1.0 -0.466950456861 -0.255465399051 
-2.87287287287 1.0 -0.265497380359 -0.193737546901 
-0.47047047047 1.0 -0.453305691794 -0.531915085433 
-5.3953953954 1.0 0.775678794758 0.950630128069 
1.01101101101 1.0 0.84736912878 0.843891308646 
0.630630630631 1.0 0.589654207656 0.602536246539 
8.55855855856 1.0 0.761885650774 0.442821924863 
-5.03503503504 1.0 0.948399735659 1.29755034192 
0.41041041041 1.0 0.398985690337 0.415270208686 
4.29429429429 1.0 -0.913864194148 -0.972781490129 
8.63863863864 1.0 0.707630665292 0.401057378181 
8.71871871872 1.0 0.648840196822 0.357804653051 
-3.07307307307 1.0 -0.0684659772958 0.154915343376 
-5.65565565566 1.0 0.587146852786 0.683137843625 
-6.0960960961 1.0 0.185999691898 0.275777526041 
-8.25825825826 1.0 -0.919387180273 -0.298340267347 
2.87287287287 1.0 0.265497380359 0.271541028198 
-9.4994994995 1.0 0.0746520259067 -0.211328542578 
-2.51251251251 1.0 -0.588401237484 -0.730104476234 
7.03703703704 1.0 0.684451964588 0.613560959677 
-2.21221221221 1.0 -0.801249393857 -1.04348554399 
1.17117117117 1.0 0.921206900567 0.91032789867 
2.07207207207 1.0 0.876970223046 0.86273596364 
1.03103103103 1.0 0.857829327634 0.853390418495 
-8.01801801802 1.0 -0.986576173517 -0.305320750822 
-9.33933933934 1.0 -0.0853347124856 -0.224039497687 
3.43343343343 1.0 -0.28771565565 -0.310491304886 
3.05305305305 1.0 0.0884239650333 0.0890828870155 
1.27127127127 1.0 0.955476737061 0.940552164481 
-3.05305305305 1.0 -0.0884239650333 0.119253541228 
-0.37037037037 1.0 -0.361960713579 -0.420567444053 
0.590590590591 1.0 0.556851671602 0.570855763985 
4.35435435435 1.0 -0.936587366299 -0.994994001241 
5.27527527528 1.0 -0.845718424022 -0.86228043226 
0.510510510511 1.0 0.488622728493 0.504255982408 
6.23623623624 1.0 -0.046931825201 -0.00441009263819 
-1.67167167167 1.0 -0.994916395419 -1.27715248835 
-6.31631631632 1.0 -0.0331249483513 0.112428177419 
0.33033033033 1.0 0.32435551719 0.33983831224 
-4.85485485485 1.0 0.989868890237 1.43802991884 
8.2982982983 1.0 0.902904601864 0.565385589454 
2.77277277277 1.0 0.360514923027 0.367459432099 
-1.01101101101 1.0 -0.84736912878 -1.04319060777 
-4.27427427427 1.0 0.905553075921 1.60305096635 
-0.610610610611 1.0 -0.573367839051 -0.682148924574 
-8.03803803804 1.0 -0.983109384216 -0.305000956865 
-4.99499499499 1.0 0.960331988856 1.33133987315 
-6.73673673674 1.0 -0.438160658811 -0.113449376104 
7.37737737738 1.0 0.888557889358 0.719624336989 
-1.29129129129 1.0 -0.961192106815 -1.20608685988 
-2.03203203203 1.0 -0.895503224543 -1.16760312143 
3.45345345345 1.0 -0.306830209454 -0.331058752496 
-8.05805805806 1.0 -0.979248576653 -0.304628428099 
4.87487487487 1.0 -0.986828185163 -1.02812694157 
3.63363363363 1.0 -0.472425730458 -0.509416752829 
-4.47447447447 1.0 0.971831589603 1.60608042467 
-7.93793793794 1.0 -0.996477739177 -0.306039102061 
4.93493493493 1.0 -0.975338684403 -1.01350664703 
-7.41741741742 1.0 -0.906209755988 -0.280857789729 
-5.23523523524 1.0 0.866401418913 1.11201975827 
-9.67967967968 1.0 0.252150304413 -0.197200541252 
-8.45845845846 1.0 -0.822799547447 -0.288341975058 
5.41541541542 1.0 -0.762889004574 -0.768808890614 
-9.43943943944 1.0 0.0146609534063 -0.216085185867 
2.19219219219 1.0 0.813066617154 0.803597169952 
-2.55255255255 1.0 -0.555563147622 -0.678471565094 
-2.65265265265 1.0 -0.469690351946 -0.539948260135 
5.91591591592 1.0 -0.359068265792 -0.326443306482 
4.49449449449 1.0 -0.976354771373 -1.03220444478 
-9.1991991992 1.0 -0.223670498102 -0.235172918417 
8.7987987988 1.0 0.585891056576 0.313288648014 
0.25025025025 1.0 0.247646422081 0.260973006493 
-0.25025025025 1.0 -0.247646422081 -0.284752412405 
-2.89289289289 1.0 -0.246143932464 -0.159957032079 
-4.21421421421 1.0 0.878456163293 1.58795447053 
-7.11711711712 1.0 -0.740579143612 -0.23156548581 
2.11211211211 1.0 0.857031446499 0.844324378233 
6.45645645646 1.0 0.172405433055 0.205671086153 
0.690690690691 1.0 0.637069722791 0.647947528401 
-1.37137137137 1.0 -0.980180659514 -1.23608271971 
1.37137137137 1.0 0.980180659514 0.961908281443 
3.81381381381 1.0 -0.622725447279 -0.670536791536 
9.87987987988 1.0 -0.439553861488 -0.31894675106 
0.27027027027 1.0 0.266991905564 0.280992877745 
7.2972972973 1.0 0.849011685183 0.703876546108 
8.5985985986 1.0 0.735347535638 0.422140105518 
-6.75675675676 1.0 -0.456067581459 -0.121533365087 
-6.85685685686 1.0 -0.542719485852 -0.158639492521 
8.6986986987 1.0 0.66394288333 0.368744886118 
7.13713713714 1.0 0.753882673169 0.655468485891 
3.29329329329 1.0 -0.151119458915 -0.164013322667 
1.85185185185 1.0 0.960763202681 0.940048605673 
-7.21721721722 1.0 -0.804023831509 -0.251667134094 
5.71571571572 1.0 -0.537499969971 -0.519157496748 
6.71671671672 1.0 0.42007812671 0.420558271215 
-5.25525525526 1.0 0.856231505045 1.09229247386 
-7.85785785786 1.0 -0.999992487454 -0.305775382406 
4.57457457457 1.0 -0.990518615549 -1.04414610543 
2.97297297297 1.0 0.167821766571 0.171458278961 
-6.37637637638 1.0 -0.0930562402792 0.0732987246452 
-9.3993993994 1.0 -0.0253758371902 -0.21926420659 
-5.995995996 1.0 0.2832577738 0.359913660676 
-9.63963963964 1.0 0.213212289782 -0.200316983412 
-2.69269269269 1.0 -0.433974744115 -0.48096352056 
-0.15015015015 1.0 -0.149586594914 -0.171319927922 
-2.67267267267 1.0 -0.451923110669 -0.510700129862 
4.39439439439 1.0 -0.949864345085 -1.0077274449 
6.1961961962 1.0 -0.0868794431893 -0.0442866071424 
-8.35835835836 1.0 -0.875475849797 -0.293727740296 
-1.03103103103 1.0 -0.857829327634 -1.05762205091 
-2.25225225225 1.0 -0.776656419186 -1.00939846228 
0.43043043043 1.0 0.417262010319 0.433554265987 
-8.998998999 1.0 -0.413030320922 -0.250861480114 
2.17217217217 1.0 0.824557973258 0.814262141426 
-8.31831831832 1.0 -0.894118814814 -0.295673517524 
-8.95895895896 1.0 -0.449154692451 -0.253937891244 
-2.43243243243 1.0 -0.651196684992 -0.826581538984 
2.09209209209 1.0 0.867174611281 0.853694397296 
4.95495495495 1.0 -0.970724838874 -1.00780289806 
1.41141141141 1.0 0.987325090799 0.967947961399 
-3.67367367367 1.0 0.507327764109 1.14222816742 
2.41241241241 1.0 0.666258547712 0.665769457093 
2.71271271271 1.0 0.415852445773 0.422632848905 
-9.47947947948 1.0 0.054674242632 -0.21291218239 
-4.03403403403 1.0 0.778606064409 1.50126015657 
6.91691691692 1.0 0.592155892373 0.551475947948 
6.77677677678 1.0 0.473791717778 0.463283001418 
-0.21021021021 1.0 -0.208665487323 -0.239324788322 
0.49049049049 1.0 0.471058607419 0.486954577346 
7.35735735736 1.0 0.879195966573 0.716205718827 
0.45045045045 1.0 0.435371096772 0.451599344516 
4.63463463463 1.0 -0.996978653508 -1.04861876968 
-5.17517517518 1.0 0.894812095251 1.17012350463 
-4.37437437437 1.0 0.943414910292 1.61342150777 
9.85985985986 1.0 -0.421484671785 -0.307833526533 
4.53453453453 1.0 -0.984225545624 -1.03902789518 
-2.71271271271 1.0 -0.415852445773 -0.450751212707 
-2.75275275275 1.0 -0.379115173303 -0.388954798811 
-5.2952952953 1.0 0.834866389361 1.05238487045 
7.5975975976 1.0 0.967313252172 0.735320089839 
-2.57257257257 1.0 -0.53880679503 -0.65182905068 
8.15815815816 1.0 0.9540939133 0.62081473881 
7.91791791792 1.0 0.997956771974 0.693519342442 
-4.93493493493 1.0 0.975338684403 1.37940994487 
-4.19419419419 1.0 0.868714740054 1.58140871076 
4.89489489489 1.0 -0.983391971377 -1.02367038412 
1.95195195195 1.0 0.928235370545 0.909992898181 
-1.09109109109 1.0 -0.887131000257 -1.09845551907 
6.61661661662 1.0 0.327287278425 0.343273651131 
7.97797797798 1.0 0.992322298019 0.678297549022 
9.57957957958 1.0 -0.154184093352 -0.147438615886 
5.85585585586 1.0 -0.41444188151 -0.38570404948 
-5.83583583584 1.0 0.432577348176 0.505851889896 
0.17017017017 1.0 0.169350063744 0.179020515596 
0.0700700700701 1.0 0.0700127456343 0.0728269577058 
-0.970970970971 1.0 -0.825434213842 -1.01313939611 
3.61361361361 1.0 -0.454687183165 -0.490322748548 
-1.85185185185 1.0 -0.960763202681 -1.24488178139 
-9.83983983984 1.0 0.403246556161 -0.184905413706 
2.35235235235 1.0 0.709818357066 0.706997335059 
2.25225225225 1.0 0.776656419186 0.769698865321 
-8.1981981982 1.0 -0.941340119153 -0.300675149536 
5.31531531532 1.0 -0.823679750423 -0.837290291269 
4.43443443443 1.0 -0.961618700226 -1.01878479238 
-7.13713713714 1.0 -0.753882673169 -0.235908761006 
-4.35435435435 1.0 0.936587366299 1.61279562621 
-4.81481481481 1.0 0.994759058541 1.46474502726 
-5.67567567568 1.0 0.570824460166 0.662926127054 
9.03903903904 1.0 0.376243865658 0.174260832933 
-6.67667667668 1.0 -0.38341529066 -0.0878204609132 
5.17517517518 1.0 -0.894812095251 -0.918394888143 
-9.65965965966 1.0 0.232727934358 -0.19875686642 
-1.63163163163 1.0 -0.998150103477 -1.27840294264 
-3.37337337337 1.0 0.229710988177 0.68451643461 
9.33933933934 1.0 0.0853347124856 -0.00495562167597 
-7.51751751752 1.0 -0.943927941216 -0.29069771186 
4.55455455455 1.0 -0.987569983594 -1.04180042615 
-5.07507507508 1.0 0.934947206573 1.26250054618 
4.21421421421 1.0 -0.878456163293 -0.937446969941 
5.35535535536 1.0 -0.800320725902 -0.810905079298 
7.05705705706 1.0 0.698909584547 0.622661549009 
9.11911911912 1.0 0.30092154409 0.126740331404 
6.25625625626 1.0 -0.0269257963344 0.0153889899716 
-6.2962962963 1.0 -0.0131106134944 0.125992565652 
7.21721721722 1.0 0.804023831509 0.682524159306 
-2.91291291291 1.0 -0.226691833081 -0.125874353235 
5.63563563564 1.0 -0.603233924101 -0.591315278823 
5.8958958959 1.0 -0.377679973455 -0.346301785483 
-5.55555555556 1.0 0.665101514979 0.785433724837 
-5.81581581582 1.0 0.450539443112 0.524954908206 
5.33533533534 1.0 -0.812162990678 -0.824269399581 
5.5955955956 1.0 -0.634676409709 -0.626023963343 
-5.93593593594 1.0 0.340312647942 0.413111099365 
-9.6996996997 1.0 0.271471615699 -0.195648175984 
-7.61761761762 1.0 -0.972195835089 -0.297832670341 
-3.39339339339 1.0 0.249148316352 0.718216561254 
3.79379379379 1.0 -0.606937230307 -0.653693399783 
1.83183183183 1.0 0.96612325186 0.945025973647 
-3.73373373373 1.0 0.558138856901 1.21834309597 
5.1951951952 1.0 -0.885695580449 -0.907916876127 
-8.47847847848 1.0 -0.811257411747 -0.287183976425 
5.65565565566 1.0 -0.587146852786 -0.573604638283 
-7.27727727728 1.0 -0.838264195546 -0.261879466543 
-2.45245245245 1.0 -0.635873830576 -0.803324449129 
-6.91691691692 1.0 -0.592155892373 -0.178360837199 
-9.97997997998 1.0 0.527114985665 -0.174411836255 
-9.7997997998 1.0 0.366292850383 -0.18795122636 
8.17817817818 1.0 0.947906971008 0.613427695595 
4.05405405405 1.0 -0.791012020637 -0.847886728299 
-7.87787787788 1.0 -0.99971449835 -0.305939823752 
9.91991991992 1.0 -0.475156566095 -0.341014485045 
1.25125125125 1.0 0.949378423874 0.935213198926 
-1.87187187187 1.0 -0.955018091318 -1.23855295787 
1.73173173173 1.0 0.987077824457 0.964679290964 
-9.15915915916 1.0 -0.26250641876 -0.238339997439 
-5.47547547548 1.0 0.722706208904 0.86808669474 
-2.13213213213 1.0 -0.846544793956 -1.10453348528 
9.7997997998 1.0 -0.366292850383 -0.274190242377 
-1.89189189189 1.0 -0.948890220341 -1.23166584566 
-1.41141141141 1.0 -0.987325090799 -1.24815372471 
4.99499499499 1.0 -0.960331988856 -0.995161250032 
-1.19119119119 1.0 -0.928811026462 -1.15793002365 
-2.19219219219 1.0 -0.813066617154 -1.05963673279 
4.27427427427 1.0 -0.905553075921 -0.964555591692 
-6.51651651652 1.0 -0.231219739195 -0.00893477057756 
-7.65765765766 1.0 -0.980790267476 -0.300001539557 
1.79179179179 1.0 0.975679725882 0.953937244905 
-0.790790790791 1.0 -0.710909644644 -0.859885808846 
-0.710710710711 1.0 -0.65237258226 -0.783476654401 
9.47947947948 1.0 -0.054674242632 -0.0884409314086 
5.47547547548 1.0 -0.722706208904 -0.723837989899 
-7.23723723724 1.0 -0.81576576016 -0.255218993925 
-1.43143143143 1.0 -0.99030442098 -1.25344572062 
-7.43743743744 1.0 -0.914492625181 -0.283058311698 
9.21921921922 1.0 0.204114170152 0.066950203907 
1.31131131131 1.0 0.966522242485 0.950164528262 
7.61761761762 1.0 0.972195835089 0.734838345417 
0.19019019019 1.0 0.189045659132 0.199777773752 
7.41741741742 1.0 0.906209755988 0.725439450471 
9.65965965966 1.0 -0.232727934358 -0.194081186214 
3.27327327327 1.0 -0.131300397197 -0.142860588115 
-0.630630630631 1.0 -0.589654207656 -0.702873547962 
6.21621621622 1.0 -0.066919044364 -0.0243057445452 
1.97197197197 1.0 0.920602539794 0.902957194441 
0.550550550551 1.0 0.523156507537 0.538085197747 
0.0900900900901 1.0 0.0899682743046 0.0943644512883 
3.83383383383 1.0 -0.63826408348 -0.687088163632 
2.79279279279 1.0 0.341770182763 0.348653924521 
-1.27127127127 1.0 -0.955476737061 -1.19738958395 
4.07407407407 1.0 -0.803100948886 -0.860412139311 
0.770770770771 1.0 0.69668837635 0.704410176869 
4.75475475475 1.0 -0.999102704803 -1.04602434315 
-8.63863863864 1.0 -0.707630665292 -0.277111983259 
-5.1951951952 1.0 0.885695580449 1.15094969506 
4.71471471471 1.0 -0.999997295481 -1.04859658259 
-0.35035035035 1.0 -0.343226895963 -0.398042647911 
-9.27927927928 1.0 -0.144985860003 -0.228816183782 
-9.91991991992 1.0 0.475156566095 -0.178875971499 
-1.51151151151 1.0 -0.998243169988 -1.26958569856 
-6.01601601602 1.0 0.264002216892 0.342621978354 
8.53853853854 1.0 0.774699305584 0.453003268508 
-1.21121121121 1.0 -0.936042896216 -1.16848655669 
-6.43643643644 1.0 -0.152651959622 0.0365102542452 
-6.17617617618 1.0 0.106805021793 0.212816628587 
2.63263263263 1.0 0.487269347053 0.493067949403 
-0.27027027027 1.0 -0.266991905564 -0.307463316266 
9.8998998999 1.0 -0.45744688336 -0.330007439554 
-0.930930930931 1.0 -0.802176135594 -0.981554054849 
-6.41641641642 1.0 -0.132837305145 0.0485138407207 
-3.43343343343 1.0 0.28771565565 0.784530773419 
5.73573573574 1.0 -0.520511228445 -0.500601836684 
2.37237237237 1.0 0.695575258639 0.693549547519 
8.65865865866 1.0 0.693344009372 0.390374763308 
-1.83183183183 1.0 -0.96612325186 -1.25065496621 
8.43843843844 1.0 0.834011915114 0.502163188174 
4.51451451451 1.0 -0.980486642048 -1.03582902267 
-3.35335335335 1.0 0.210181594637 0.650488597323 
-7.53753753754 1.0 -0.950347982805 -0.292330535887 
-8.85885885886 1.0 -0.536191852752 -0.261491835884 
2.69269269269 1.0 0.433974744115 0.440588646159 
9.45945945946 1.0 -0.034674546587 -0.0765664011115 
0.750750750751 1.0 0.682187883844 0.69074237835 
9.17917917918 1.0 0.243137181641 0.0909000618875 
-5.11511511512 1.0 0.919995965877 1.22630630349 
7.0970970971 1.0 0.726978798959 0.6397847482 
3.73373373373 1.0 -0.558138856901 -0.601490264029 
0.710710710711 1.0 0.65237258226 0.662507763535 
7.17717717718 1.0 0.779578080518 0.669713504451 
-5.51551551552 1.0 0.694460468753 0.826724022023 
9.13913913914 1.0 0.281770446506 0.114808227512 
6.31631631632 1.0 0.0331249483513 0.0740950932084 
5.81581581582 1.0 -0.450539443112 -0.424612485991 
9.95995995996 1.0 -0.509997599178 -0.362863395175 
-0.0500500500501 1.0 -0.0500291567086 -0.0589798666587 
-8.21821821822 1.0 -0.934395989648 -0.299935869472 
-6.71671671672 1.0 -0.42007812671 -0.105137723567 
-3.21321321321 1.0 0.0715593456609 0.405371799177 
5.95595595596 1.0 -0.32142063693 -0.28646837083 
6.8968968969 1.0 0.575905704393 0.539897320287 
-5.71571571572 1.0 0.537499969971 0.622832432929 
-8.17817817818 1.0 -0.947906971008 -0.301373632414 
-0.570570570571 1.0 -0.540112324789 -0.640089504912 
-6.95695695696 1.0 -0.623937863975 -0.190501249414 
2.45245245245 1.0 0.635873830576 0.636831197772 
-3.75375375375 1.0 0.574637462441 1.24235847274 
-9.11911911912 1.0 -0.30092154409 -0.241495644675 
6.95695695696 1.0 0.623937863975 0.573586095113 
7.07707707708 1.0 0.713087090062 0.631402980696 
4.37437437437 1.0 -0.943414910292 -1.00156944706 
1.91191191191 1.0 0.942382045726 0.923043829669 
3.97397397397 1.0 -0.739536372707 -0.794165589198 
7.45745745746 1.0 0.922408976872 0.729909766176 
9.97997997998 1.0 -0.527114985665 -0.373703220892 
0.530530530531 1.0 0.505991015532 0.521300903808 
2.01201201201 1.0 0.904233186475 0.887872587837 
6.85685685686 1.0 0.542719485852 0.515706339257 
-7.2972972973 1.0 -0.849011685183 -0.264994276339 
-4.95495495495 1.0 0.970724838874 1.36375414999 
-0.29029029029 1.0 -0.286230381945 -0.330158444066 
2.43243243243 1.0 0.651196684992 0.651443442829 
-1.97197197197 1.0 -0.920602539794 -1.19848163853 
4.65465465465 1.0 -0.998333836705 -1.04925437731 
6.81681681682 1.0 0.508663293061 0.490158327477 
6.0960960961 1.0 -0.185999691898 -0.14506498487 
3.21321321321 1.0 -0.0715593456609 -0.0793003584157 
5.93593593594 1.0 -0.340312647942 -0.306495018928 
8.61861861862 1.0 0.721633711464 0.411647028323 
6.11611611612 1.0 -0.166293065952 -0.124831621444 
9.55955955956 1.0 -0.13437389375 -0.135695108037 
0.910910910911 1.0 0.790062479764 0.791407225268 
-9.73973973974 1.0 0.309780130585 -0.192555968114 
1.33133133133 1.0 0.971465007816 0.95443638297 
4.13413413413 1.0 -0.837417761709 -0.895740452409 
8.31831831832 1.0 0.894118814814 0.556797902418 
-6.05605605606 1.0 0.225181436261 0.308727379108 
4.25425425425 1.0 -0.896879023055 -0.955922757435 
-0.03003003003 1.0 -0.0300255167065 -0.0367431831247 
7.53753753754 1.0 0.950347982805 0.734911578987 
6.6966966967 1.0 0.401827232414 0.405693610539 
-1.65165165165 1.0 -0.996732988666 -1.27804256474 
1.13113113113 1.0 0.904894218889 0.895784089615 
8.8988988989 1.0 0.501973484202 0.256193825178 
-0.910910910911 1.0 -0.790062479764 -0.965205938609 
1.19119119119 1.0 0.928811026462 0.917076426692 
5.4954954955 1.0 -0.708725363073 -0.708239972394 
8.41841841842 1.0 0.844890020967 0.511618825699 
2.49249249249 1.0 0.604469813648 0.606762115174 
9.73973973974 1.0 -0.309780130585 -0.240117438419 
-9.75975975976 1.0 0.328751980598 -0.191016432779 
-8.91891891892 1.0 -0.484559073218 -0.256985088384 
-7.997997998 1.0 -0.989647555109 -0.305586163232 
0.47047047047 1.0 0.453305691794 0.469400922488 
-0.590590590591 1.0 -0.556851671602 -0.661217127501 
-8.57857857858 1.0 -0.748766641479 -0.281043820527 
-7.77777777778 1.0 -0.997097890944 -0.304408709983 
-0.750750750751 1.0 -0.682187883844 -0.822247855792 
-1.25125125125 1.0 -0.949378423874 -1.18822089806 
-2.39239239239 1.0 -0.681053382124 -0.871346260561 
-7.03703703704 1.0 -0.684451964588 -0.212480789196 
8.83883883884 1.0 0.552982096013 0.290624513679 
9.31931931932 1.0 0.105263273301 0.00702094668181 
-7.5975975976 1.0 -0.967313252172 -0.296606407555 
-9.61961961962 1.0 0.193611192318 -0.201880718098 
4.01401401401 1.0 -0.765888052358 -0.821739836149 
6.03603603604 1.0 -0.244640851113 -0.205810011974 
-9.2992992993 1.0 -0.125149645879 -0.227224292729 
9.05905905906 1.0 0.357620745349 0.162417280608 
-1.07107107107 1.0 -0.877714248189 -1.08526119613 
-2.99299299299 1.0 -0.148053371305 0.0130328438121 
2.83283283283 1.0 0.303877337824 0.310461412201 
8.01801801802 1.0 0.986576173517 0.66700464047 
6.53653653654 1.0 0.250649611665 0.276436563709 
2.65265265265 1.0 0.469690351946 0.475811741581 
3.31331331331 1.0 -0.170877953796 -0.18513102344 
-9.37937937938 1.0 -0.0453829883483 -0.220855337831 
-8.83883883884 1.0 -0.552982096013 -0.262974764602 
5.43543543544 1.0 -0.749793457774 -0.754129351087 
5.77577577578 1.0 -0.485914794209 -0.462939956258 
-5.05505505506 1.0 0.941862214566 1.28017575376 
-2.85285285285 1.0 -0.284744420138 -0.22719491174 
5.6956956957 1.0 -0.554273288059 -0.537516313135 
-5.87587587588 1.0 0.396140311588 0.468180246653 
7.93793793794 1.0 0.996477739177 0.68868023449 
2.75275275275 1.0 0.379115173303 0.386062059038 
-4.69469469469 1.0 0.999843460211 1.53323139147 
-6.7967967968 1.0 -0.491325964149 -0.137029734584 
8.4984984985 1.0 0.799390133963 0.473028061146 
6.43643643644 1.0 0.152651959622 0.187429953585 
7.73773773774 1.0 0.993251282848 0.725725795819 
-5.45545545546 1.0 0.736397402892 0.888764413911 
0.730730730731 1.0 0.667413978747 0.676773823474 
6.51651651652 1.0 0.231219739195 0.259092798764 
-4.67467467467 1.0 0.999288899866 1.54281112302 
4.23423423423 1.0 -0.887845512006 -0.946885612916 
6.07607607608 1.0 -0.205631771434 -0.165313701513 
0.610610610611 1.0 0.573367839051 0.586834178487 
5.61561561562 1.0 -0.61907922661 -0.608791350466 
-2.27227227227 1.0 -0.763890524376 -0.991461407836 
3.19319319319 1.0 -0.0515776439174 -0.0581153600042 
-7.47747747748 1.0 -0.929955638285 -0.287105033309 
-5.31531531532 1.0 0.823679750423 1.03223293184 
9.81981981982 1.0 -0.384846824231 -0.285454075582 
-2.53253253253 1.0 -0.572096837274 -0.704565807816 
-3.85385385385 1.0 0.653546911213 1.35174000661 
-4.41441441441 1.0 0.955933085822 1.61255387167 
-2.47247247247 1.0 -0.620296125676 -0.779489384153 
-8.13813813814 1.0 -0.959898466376 -0.302642668067 
-2.01201201201 1.0 -0.904233186475 -1.17847155188 
3.23323323323 1.0 -0.0915123672906 -0.100493344154 
1.75175175175 1.0 0.983672194447 0.961449947427 
-2.05205205205 1.0 -0.886414355831 -1.15615585976 
4.17417417417 1.0 -0.858625146533 -0.917377397661 
0.31031031031 1.0 0.305354140677 0.320430931201 
1.29129129129 1.0 0.961192106815 0.945536213914 
-0.950950950951 1.0 -0.813968289004 -0.997534586729 
-5.35535535536 1.0 0.800320725902 0.991602928376 
-9.21921921922 1.0 -0.204114170152 -0.233586027931 
-8.07807807808 1.0 -0.974995298193 -0.304204775782 
-6.11611611612 1.0 0.166293065952 0.259665613146 
2.93293293293 1.0 0.207148878373 0.211928003685 
7.71771771772 1.0 0.990730428893 0.727965555628 
2.85285285285 1.0 0.284744420138 0.291088533965 
7.63763763764 1.0 0.976688773762 0.734053835634 
-0.43043043043 1.0 -0.417262010319 -0.487676562171 
3.95395395395 1.0 -0.725913266541 -0.779856870702 
7.8978978979 1.0 0.999035835857 0.698117824222 
7.85785785786 1.0 0.999992487454 0.706575560033 
4.83483483483 1.0 -0.99251286792 -1.03578185027 
5.53553553554 1.0 -0.679917243139 -0.676175555403 
-9.01901901902 1.0 -0.39471619201 -0.249313570979 
4.03403403403 1.0 -0.778606064409 -0.834994315553 
-4.79479479479 1.0 0.996606561851 1.47740654545 
-6.35635635636 1.0 -0.0731057736575 0.0860812672142 
-3.11311311311 1.0 -0.0284756907485 0.226463468232 
5.0950950951 1.0 -0.927657483133 -0.956464715038 
6.05605605606 1.0 -0.225181436261 -0.185565977025 
-3.81381381381 1.0 0.622725447279 1.31016681163 
3.57357357357 1.0 -0.41867057176 -0.451531596051 
7.51751751752 1.0 0.943927941216 0.734145508186 
-8.73873873874 1.0 -0.633477463068 -0.27021729688 
-7.97797797798 1.0 -0.992322298019 -0.305795511425 
-0.23023023023 1.0 -0.228201684929 -0.262036152313 
-7.33733733734 1.0 -0.869481672757 -0.27080832587 
-2.35235235235 1.0 -0.709818357066 -0.91375805937 
6.55655655656 1.0 0.269979026825 0.293534460401 
-0.730730730731 1.0 -0.667413978747 -0.802998719119 
-1.33133133133 1.0 -0.971465007816 -1.22205101995 
-2.41241241241 1.0 -0.666258547712 -0.84925662686 
9.2992992993 1.0 0.125149645879 0.0190036342577 
6.93693693694 1.0 0.608168751487 0.562706335301 
3.47347347347 1.0 -0.325821789448 -0.351504235969 
1.57157157157 1.0 0.999999699498 0.97775465672 
5.97597597598 1.0 -0.302399804444 -0.266374900165 
6.65665665666 1.0 0.36484968073 0.375063420086 
8.03803803804 1.0 0.983109384216 0.661027760494 
8.33833833834 1.0 0.884974675839 0.548055399586 
6.75675675676 1.0 0.456067581459 0.449358208944 
-2.23223223223 1.0 -0.789111039566 -1.02673969627 
-4.23423423423 1.0 0.887845512006 1.59374010552 
-0.11011011011 1.0 -0.109887744787 -0.126187619905 
5.51551551552 1.0 -0.694460468753 -0.69234999556 
2.99299299299 1.0 0.148053371305 0.151030528384 
-3.23323323323 1.0 0.0915123672906 0.440938160491 
10.0 1.0 -0.544021110889 -0.384485325071 
-9.07907907908 1.0 -0.338854295004 -0.244636705048 
2.13213213213 1.0 0.846544793956 0.834627728943 
3.93393393393 1.0 -0.711999223182 -0.765208187499 
-3.27327327327 1.0 0.131300397197 0.511632040287 
-5.95595595596 1.0 0.32142063693 0.395163220239 
1.47147147147 1.0 0.995071340501 0.974316954564 
-7.4974974975 1.0 -0.93712958481 -0.288956768068 
-3.17317317317 1.0 0.0315752704827 0.333940048147 
-5.27527527528 1.0 0.845718424022 1.07240943174 
9.93993993994 1.0 -0.492675811867 -0.351966815838 
5.25525525526 1.0 -0.856231505045 -0.874239554805 
0.35035035035 1.0 0.343226895963 0.359030948892 
6.2962962963 1.0 0.0131106134944 0.0546526185733 
-3.95395395395 1.0 0.725913266541 1.44250857751 
-8.71871871872 1.0 -0.648840196822 -0.271626850421 
1.09109109109 1.0 0.887131000257 0.879854402297 
4.97497497497 1.0 -0.965721938658 -1.0016870778 
7.23723723724 1.0 0.81576576016 0.688393895546 
-3.63363363363 1.0 0.472425730458 1.08823493469 
-8.4984984985 1.0 -0.799390133963 -0.286001380093 
-8.41841841842 1.0 -0.844890020967 -0.290580225062 
-6.03603603604 1.0 0.244640851113 0.325558486389 
7.997997998 1.0 0.989647555109 0.672762690994 
-7.31731731732 1.0 -0.859418901282 -0.267969553736 
-2.31231231231 1.0 -0.737445499834 -0.953799725771 
3.35335335335 1.0 -0.210181594637 -0.227217775134 
-5.15515515516 1.0 0.903569980268 1.18908389684 
8.13813813814 1.0 0.959898466376 0.628013291448 
-1.53153153153 1.0 -0.999229236959 -1.27234928056 
-0.990990990991 1.0 -0.836569314705 -1.02836060709 
1.05105105105 1.0 0.867945718946 0.862551934527 
-9.25925925926 1.0 -0.164763965562 -0.230407321164 
9.23923923924 1.0 0.184476035731 0.0549658291588 
5.57557557558 1.0 -0.650019222236 -0.643004453223 
2.89289289289 1.0 0.246143932464 0.251826511374 
-4.43443443443 1.0 0.961618700226 1.61107689374 
-4.59459459459 1.0 0.993070259711 1.57544124455 
-9.71971971972 1.0 0.290684124469 -0.194099932794 
1.39139139139 1.0 0.983950052752 0.965107338881 
0.890890890891 1.0 0.777632176518 0.779929040063 
-8.97897897898 1.0 -0.431178912314 -0.252403083549 
-6.87687687688 1.0 -0.559424700424 -0.16541894212 
-9.95995995996 1.0 0.509997599178 -0.175894155748 
9.75975975976 1.0 -0.328751980598 -0.251520617133 
2.33233233233 1.0 0.723776968945 0.720146302308 
2.31231231231 1.0 0.737445499834 0.732993611779 
8.27827827828 1.0 0.911328515751 0.573814333066 
-2.73273273273 1.0 -0.397563478837 -0.420076820837 
9.5995995996 1.0 -0.173932497848 -0.159150628834 
8.21821821822 1.0 0.934395989648 0.598105247867 
-7.83783783784 1.0 -0.999869691753 -0.305542055436 
-7.05705705706 1.0 -0.698909584547 -0.217515205392 
2.95295295295 1.0 0.187522900919 0.191760331493 
-5.85585585586 1.0 0.41444188151 0.486924617202 
-3.55355355355 1.0 0.400406942668 0.973034501238 
5.2952952953 1.0 -0.834866389361 -0.849962359701 
-3.29329329329 1.0 0.151119458915 0.546703867848 
-4.45445445445 1.0 0.966918909573 1.6089160524 
-0.530530530531 1.0 -0.505991015532 -0.59729250333 
-7.95795795796 1.0 -0.994599330244 -0.305947076334 
4.31431431431 1.0 -0.921809046742 -0.980598008314 
0.850850850851 1.0 0.75184168035 0.756011557196 
4.77477477477 1.0 -0.998054637396 -1.04409975635 
-8.33833833834 1.0 -0.884974675839 -0.294716635827 
3.91391391391 1.0 -0.69779981921 -0.75022566506 
-2.11211211211 1.0 -0.857031446499 -1.11831829787 
3.55355355355 1.0 -0.400406942668 -0.431854254433 
-3.09309309309 1.0 -0.0484805492288 0.190660923874 
3.75375375375 1.0 -0.574637462441 -0.619161992097 
9.67967967968 1.0 -0.252150304413 -0.205650903245 
1.63163163163 1.0 0.998150103477 0.975520510723 
1.61161161161 1.0 0.999167171889 0.97662234954 
1.93193193193 1.0 0.935496175869 0.916688912706 
-5.37537537538 1.0 0.788157702332 0.971152546635 
8.77877877878 1.0 0.601996584369 0.324524149811 
8.45845845846 1.0 0.822799547447 0.492576906006 
-4.17417417417 1.0 0.858625146533 1.57409842921 
9.6996996997 1.0 -0.271471615699 -0.217181162207 
7.47747747748 1.0 0.929955638285 0.731647871292 
8.37837837838 1.0 0.865626143701 0.530122322216 
4.09409409409 1.0 -0.81486800406 -0.872565844303 
8.67867867868 1.0 0.678779469621 0.379602754769 
-9.23923923924 1.0 -0.184476035731 -0.231997380644 
5.13513513514 1.0 -0.911965725448 -0.938205426672 
7.95795795796 1.0 0.994599330244 0.683604850832 
-0.650650650651 1.0 -0.605704250039 -0.723379734602 
-1.99199199199 1.0 -0.912600742763 -1.18876356393 
4.61461461461 1.0 -0.995223893414 -1.04755548312 
2.23223223223 1.0 0.789111039566 0.781313325203 
5.21521521522 1.0 -0.87622408965 -0.897062202473 
-1.61161161161 1.0 -0.999167171889 -1.27823617877 
6.17617617618 1.0 -0.106805021793 -0.0643412171132 
-7.6976976977 1.0 -0.987812502254 -0.301808196161 
6.4964964965 1.0 0.211697196671 0.241511511129 
-6.57657657658 1.0 -0.289200237681 -0.0403599802947 
-7.73773773774 1.0 -0.993251282848 -0.303271263006 
-6.47647647648 1.0 -0.19208980849 0.013276286015 
-3.79379379379 1.0 0.606937230307 1.28828107304 
3.41341341341 1.0 -0.268485788917 -0.289812647823 
0.15015015015 1.0 0.149586594914 0.158094074777 
2.91291291291 1.0 0.226691833081 0.231952819069 
3.39339339339 1.0 -0.249148316352 -0.269033595329 
-6.65665665666 1.0 -0.36484968073 -0.0788095618077 
-1.45145145145 1.0 -0.992886849216 -1.25823787643 
3.71371371371 1.0 -0.541416556108 -0.583559082682 
6.5965965966 1.0 0.308305540605 0.326960649547 
-4.11411411411 1.0 0.826308470068 1.54754407436 
-8.51851851852 1.0 -0.787202470352 -0.284795143988 
-6.25625625626 1.0 0.0269257963344 0.153901592919 
2.51251251251 1.0 0.588401237484 0.591312705205 
8.25825825826 1.0 0.919387180273 0.582079979899 
-3.15315315315 1.0 0.0115602420643 0.298130572015 
2.73273273273 1.0 0.397563478837 0.404455295067 
-8.65865865866 1.0 -0.693344009372 -0.275765141896 
8.87887887888 1.0 0.519186710331 0.267724422596 
2.57257257257 1.0 0.53880679503 0.543352944156 
4.11411411411 1.0 -0.826308470068 -0.884343366395 
-7.17717717718 1.0 -0.779578080518 -0.244104485214 
-5.53553553554 1.0 0.679917243139 0.806063793581 
-1.59159159159 1.0 -0.999783786273 -1.27754483844 
-1.75175175175 1.0 -0.983672194447 -1.26824406492 
3.51351351351 1.0 -0.363405633971 -0.3919866686 
-4.13413413413 1.0 0.837417761709 1.55716922313 
8.75875875876 1.0 0.617860839267 0.335690885247 
-9.93993993994 1.0 0.492675811867 -0.177382233541 
-6.97697697698 1.0 -0.639456909771 -0.19627893056 
7.65765765766 1.0 0.980790267476 0.732970383895 
-0.31031031031 1.0 -0.305354140677 -0.352827217112 
5.45545545546 1.0 -0.736397402892 -0.739136789695 
-4.97497497497 1.0 0.965721938658 1.34772606338 
-4.65465465465 1.0 0.998333836705 1.55183375702 
-5.91591591592 1.0 0.359068265792 0.431267166656 
9.15915915916 1.0 0.26250641876 0.102860614742 
-7.25725725726 1.0 -0.827180739833 -0.25862206746 
-3.91391391391 1.0 0.69779981921 1.40848825174 
-1.39139139139 1.0 -0.983950052752 -1.24236498851 
-9.81981981982 1.0 0.384846824231 -0.186425830251 
-4.51451451451 1.0 0.980486642048 1.59842261856 
-3.45345345345 1.0 0.306830209454 0.817094709704 
6.7967967968 1.0 0.491325964149 0.476884532365 
0.11011011011 1.0 0.109887744787 0.115759388474 
1.87187187187 1.0 0.955018091318 0.934724969005 
9.4994994995 1.0 -0.0746520259067 -0.100292917364 
-2.07207207207 1.0 -0.876970223046 -1.14412743682 
5.7957957958 1.0 -0.468320967329 -0.443854193453 
-0.890890890891 1.0 -0.777632176518 -0.948498635555 
0.790790790791 1.0 0.710909644644 0.717774046686 
-2.17217217217 1.0 -0.824557973258 -1.07519425761 
-9.77977977978 1.0 0.347592070824 -0.18948147217 
-0.550550550551 1.0 -0.523156507537 -0.618777473768 
-6.4964964965 1.0 -0.211697196671 0.00204357769379 
-0.41041041041 1.0 -0.398985690337 -0.46539565905 
-1.35135135135 1.0 -0.97601842181 -1.22931024478 
6.37637637638 1.0 0.0930562402792 0.131536045232 
4.81481481481 1.0 -0.994759058541 -1.03897755215 
8.1981981982 1.0 0.941340119153 0.605856443924 
9.1991991992 1.0 0.223670498102 0.078929096306 
-6.15615615616 1.0 0.126687794244 0.22818263913 
-2.83283283283 1.0 -0.303877337824 -0.260308908656 
0.650650650651 1.0 0.605704250039 0.617958243942 
9.3993993994 1.0 0.0253758371902 -0.0408268524241 
-3.61361361361 1.0 0.454687183165 1.06031020107 
-6.55655655656 1.0 -0.269979026825 -0.0301347750185 
5.67567567568 1.0 -0.570824460166 -0.555668540281 
5.3953953954 1.0 -0.775678794758 -0.783168861127 
-9.0990990991 1.0 -0.319952035985 -0.243068202767 
-7.91791791792 1.0 -0.997956771974 -0.306069795443 
5.23523523524 1.0 -0.866401418913 -0.885834987843 
-8.37837837838 1.0 -0.865626143701 -0.292707970007 
4.73473473473 1.0 -0.99975034402 -1.04752350656 
-3.13313313313 1.0 -0.00845941955823 0.262295827401 
-3.87387387387 1.0 0.668567805308 1.37141117827 
2.05205205205 1.0 0.886414355831 0.871447313559 
9.37937937938 1.0 0.0453829883483 -0.028881656026 
6.3963963964 1.0 0.112969411094 0.150352709907 
9.63963963964 1.0 -0.213212289782 -0.18247352597 
8.97897897898 1.0 0.431178912314 0.209606340052 
-4.39439439439 1.0 0.949864345085 1.61333822254 
3.01301301301 1.0 0.128225638051 0.130485962797 
3.69369369369 1.0 -0.524477262156 -0.56537714023 
2.21221221221 1.0 0.801249393857 0.792613509109 
-0.17017017017 1.0 -0.169350063744 -0.193956875024 
-3.33333333333 1.0 0.190567962875 0.616159357379 
3.65365365365 1.0 -0.489974935275 -0.52829677624 
-4.71471471471 1.0 0.999997295481 1.52310666047 
1.71171171171 1.0 0.990087845702 0.96755604219 
6.57657657658 1.0 0.289200237681 0.310378418624 
3.67367367367 1.0 -0.507327764109 -0.54695333736 
-3.41341341341 1.0 0.268485788917 0.751563124062 
-7.75775775776 1.0 -0.995374053792 -0.303879591287 
-2.59259259259 1.0 -0.521834495241 -0.62464629571 
9.61961961962 1.0 -0.193611192318 -0.170829476038 
9.07907907908 1.0 0.338854295004 0.150547530258 
-6.13613613614 1.0 0.146519791772 0.243799761029 
-1.13113113113 1.0 -0.904894218889 -1.123562152 
2.55255255255 1.0 0.555563147622 0.559603914274 
8.81881881882 1.0 0.569550710787 0.301987681818 
-4.63463463463 1.0 0.996978653508 1.56028740252 
9.01901901902 1.0 0.39471619201 0.186075411654 
-4.57457457457 1.0 0.990518615549 1.58211876215 
-0.770770770771 1.0 -0.69668837635 -0.841213633608 
9.41941941942 1.0 0.00535851570584 -0.0527573902417 
-6.45645645646 1.0 -0.172405433055 0.0247647623767 
-2.15215215215 1.0 -0.835718856574 -1.09015935618 
3.53353353353 1.0 -0.381982835353 -0.412002524337 
-3.01301301301 1.0 -0.128225638051 0.0482865443141 
-8.23823823824 1.0 -0.927077365617 -0.299157137358 
9.77977977978 1.0 -0.347592070824 -0.262878660194 
0.990990990991 1.0 0.836569314705 0.834056667136 
3.49349349349 1.0 -0.34468278404 -0.37181707336 
-9.31931931932 1.0 -0.105263273301 -0.225631962419 
-5.75575575576 1.0 0.503313872361 0.583241874228 
-9.53953953954 1.0 0.114509838728 -0.208168130219 
-4.87487487487 1.0 0.986828185163 1.4240031586 
1.81181181181 1.0 0.971096090611 0.949655896374 
1.35135135135 1.0 0.97601842181 0.958351146939 
-6.07607607608 1.0 0.205631771434 0.292132535951 
-5.13513513514 1.0 0.911965725448 1.20781634506 
-1.31131131131 1.0 -0.966522242485 -1.21430864215 
2.15215215215 1.0 0.835718856574 0.824606333627 
-7.57757757758 1.0 -0.96204298189 -0.295282311872 
1.15115115115 1.0 0.91323356617 0.903229987498 
3.09309309309 1.0 0.0484805492288 0.0473238934084 
7.4974974975 1.0 0.93712958481 0.733058712759 
6.27627627628 1.0 -0.00690897593668 0.035080263121 
-5.8958958959 1.0 0.377679973455 0.44962560049 
-8.75875875876 1.0 -0.617860839267 -0.268793866609 
-1.79179179179 1.0 -0.975679725882 -1.26054499001 
-9.8998998999 1.0 0.45744688336 -0.180375267311 
4.79479479479 1.0 -0.996606561851 -1.04175052664 
-5.6956956957 1.0 0.554273288059 0.642821071028 
2.53253253253 1.0 0.572096837274 0.575591931906 
5.37537537538 1.0 -0.788157702332 -0.797202950397 
-0.690690690691 1.0 -0.637069722791 -0.763692266839 
1.11111111111 1.0 0.89619220103 0.887991698082 
-3.47347347347 1.0 0.325821789448 0.849230727148 
4.15415415415 1.0 -0.848191426515 -0.906753068855 
-4.05405405405 1.0 0.791012020637 1.51400083061 
8.93893893894 1.0 0.466950456861 0.232987038609 
6.33633633634 1.0 0.0531260071326 0.0933968818838 
-6.27627627628 1.0 0.00690897593668 0.139817221872 
-1.95195195195 1.0 -0.928235370545 -1.20762831125 
7.77777777778 1.0 0.997097890944 0.720413576885 
-5.77577577578 1.0 0.485914794209 0.563657888373 
8.05805805806 1.0 0.979248576653 0.654836411086 
1.21121121121 1.0 0.936042896216 0.923474271901 
2.67267267267 1.0 0.451923110669 0.458316826707 
-3.71371371371 1.0 0.541416556108 1.1936407982 
-1.81181181181 1.0 -0.971096090611 -1.25587515714 
0.39039039039 1.0 0.380549461752 0.396751797269 
5.55555555556 1.0 -0.665101514979 -0.659724384971 
-2.09209209209 1.0 -0.867174611281 -1.13151562132 
9.27927927928 1.0 0.144985860003 0.0309902033797 
1.49149149149 1.0 0.996857019318 0.975721998451 
5.15515515516 1.0 -0.903569980268 -0.928492315207 
-3.51351351351 1.0 0.363405633971 0.91212539572 
7.83783783784 1.0 0.999869691753 0.710426174825 
3.25325325325 1.0 -0.111428711879 -0.121683664035 
-2.63263263263 1.0 -0.487269347053 -0.568695956915 
-4.55455455455 1.0 0.987569983594 1.58818194891 
3.07307307307 1.0 0.0684659772958 0.0682430910252 
7.6976976977 1.0 0.987812502254 0.729922267932 
4.59459459459 1.0 -0.993070259711 -1.04606454627 
-10.0 1.0 0.544021110889 -0.172935369133 
-9.87987987988 1.0 0.439553861488 -0.181880014376 
-3.65365365365 1.0 0.489974935275 1.11554642446 
-1.73173173173 1.0 -0.987077824457 -1.27127851487 
-0.0700700700701 1.0 -0.0700127456343 -0.0813052053847 
-5.97597597598 1.0 0.302399804444 0.377429019998 
3.87387387387 1.0 -0.668567805308 -0.719284814914 
0.670670670671 1.0 0.62151153354 0.633096526321 
7.1971971972 1.0 0.791959659904 0.676297719947 
-8.2982982983 1.0 -0.902904601864 -0.296597218414 
7.87787787788 1.0 0.99971449835 0.702471339295 
0.930930930931 1.0 0.802176135594 0.802561547881 
-5.0950950951 1.0 0.927657483133 1.24453921956 
-6.83683683684 1.0 -0.525796755923 -0.15165019489 
2.47247247247 1.0 0.620296125676 0.621936209752 
-1.93193193193 1.0 -0.935496175869 -1.2162061601 
-7.0970970971 1.0 -0.726978798959 -0.22705429837 
7.31731731732 1.0 0.859418901282 0.708334057867 
-5.43543543544 1.0 0.749793457774 0.909422863806 
-0.830830830831 1.0 -0.738491823944 -0.896309382613 
-2.97297297297 1.0 -0.167821766571 -0.0220341837035 
0.29029029029 1.0 0.286230381945 0.300814008714 
-6.1961961962 1.0 0.0868794431893 0.197703828545 
3.85385385385 1.0 -0.653546911213 -0.703339948438 
7.55755755756 1.0 0.956387136503 0.735360344377 
7.43743743744 1.0 0.914492625181 0.72784128973 
7.3973973974 1.0 0.897563688968 0.722701379496 
-6.77677677678 1.0 -0.473791717778 -0.129392520248 
-3.49349349349 1.0 0.34468278404 0.880915254981 
-9.05905905906 1.0 -0.357620745349 -0.246200727207 
0.23023023023 1.0 0.228201684929 0.24076000371 
8.3983983984 1.0 0.855429505195 0.520939865217 
2.81281281281 1.0 0.322888465175 0.329652267116 
6.47647647648 1.0 0.19208980849 0.223701315046 
