-9.85985985986 1.0 0.421484671785 0.413624201076 
6.35635635636 1.0 0.0731057736575 0.0965811332794 
-2.81281281281 1.0 -0.322888465175 -0.338142698393 
-2.95295295295 1.0 -0.187522900919 -0.172273144716 
1.89189189189 1.0 0.948890220341 0.948841798726 
4.67467467467 1.0 -0.999288899866 -0.98970207068 
-6.3963963964 1.0 -0.112969411094 -0.114937137206 
-5.4954954955 1.0 0.708725363073 0.703996839272 
-8.7987987988 1.0 -0.585891056576 -0.592302309577 
-9.55955955956 1.0 0.13437389375 0.109180007301 
-8.53853853854 1.0 -0.774699305584 -0.773257584146 
-6.53653653654 1.0 -0.250649611665 -0.258995470727 
7.33733733734 1.0 0.869481672757 0.867532225346 
6.83683683684 1.0 0.525796755923 0.564020047303 
1.45145145145 1.0 0.992886849216 0.996177504663 
-7.71771771772 1.0 -0.990730428893 -1.00241509138 
1.65165165165 1.0 0.996732988666 0.998346660236 
-0.0900900900901 1.0 -0.0899682743046 -0.0837709283189 
1.23123123123 1.0 0.942899611382 0.946892577742 
3.59359359359 1.0 -0.436766402789 -0.434259944307 
0.870870870871 1.0 0.764890207772 0.765581610542 
-7.63763763764 1.0 -0.976688773762 -0.991586439779 
0.37037037037 1.0 0.361960713579 0.357036931454 
9.35935935936 1.0 0.0653719505576 0.0294909272907 
3.13313313313 1.0 0.00845941955822 0.0131995667088 
7.81781781782 1.0 0.999346160464 0.930268365917 
-1.17117117117 1.0 -0.921206900567 -0.897338709346 
-2.37237237237 1.0 -0.695575258639 -0.77230887996 
-6.33633633634 1.0 -0.0531260071326 -0.0526522185824 
8.07807807808 1.0 0.974995298193 0.877428416368 
-7.81781781782 1.0 -0.999346160464 -1.00705087419 
-4.29429429429 1.0 0.913864194148 0.969313956549 
-4.77477477477 1.0 0.998054637396 0.996953624454 
-5.7957957958 1.0 0.468320967329 0.473499235807 
-8.6986986987 1.0 -0.66394288333 -0.666813549207 
8.23823823824 1.0 0.927077365617 0.818844376909 
-0.13013013013 1.0 -0.1297631736 -0.121725934471 
0.13013013013 1.0 0.1297631736 0.128105119975 
-8.61861861862 1.0 -0.721633711464 -0.722105094928 
-7.07707707708 1.0 -0.713087090062 -0.739599091429 
8.91891891892 1.0 0.484559073218 0.398944769778 
2.29229229229 1.0 0.750818471552 0.752028357361 
-8.87887887888 1.0 -0.519186710331 -0.528727175441 
8.95895895896 1.0 0.449154692451 0.367647521729 
-0.19019019019 1.0 -0.189045659132 -0.178081903795 
-4.33433433433 1.0 0.929384449502 0.979076744422 
-0.39039039039 1.0 -0.380549461752 -0.359198881434 
-4.53453453453 1.0 0.984225545624 1.00699082601 
4.47447447447 1.0 -0.971831589603 -0.960400629076 
-8.15815815816 1.0 -0.9540939133 -0.951799784584 
4.19419419419 1.0 -0.868714740054 -0.859343096059 
4.91491491491 1.0 -0.979561626072 -0.976249559508 
-5.5955955956 1.0 0.634676409709 0.633660866898 
-9.03903903904 1.0 -0.376243865658 -0.392274258237 
-1.05105105105 1.0 -0.867945718946 -0.837220430004 
-0.870870870871 1.0 -0.764890207772 -0.729622426613 
5.11511511512 1.0 -0.919995965877 -0.924002860819 
-8.55855855856 1.0 -0.761885650774 -0.76087230339 
2.27227227227 1.0 0.763890524376 0.764920340314 
3.15315315315 1.0 -0.0115602420643 -0.00695643885898 
3.99399399399 1.0 -0.752863081707 -0.746546456699 
-8.3983983984 1.0 -0.855429505195 -0.85201613094 
-4.89489489489 1.0 0.983391971377 0.975022420679 
7.11711711712 1.0 0.740579143612 0.763079370777 
0.830830830831 1.0 0.738491823944 0.738552404687 
-1.55155155155 1.0 -0.999814825028 -1.01515833973 
0.03003003003 1.0 0.0300255167065 0.0314067099377 
8.73873873874 1.0 0.633477463068 0.53226197313 
-8.8988988989 1.0 -0.501973484202 -0.512321095266 
-9.51951951952 1.0 0.094599889559 0.0687518970671 
-9.41941941942 1.0 -0.00535851570584 -0.0315267149057 
-6.23623623624 1.0 0.046931825201 0.0508268336825 
3.77377377377 1.0 -0.590905760288 -0.587418892907 
-6.8968968969 1.0 -0.575905704393 -0.59908947954 
-4.83483483483 1.0 0.99251286792 0.987368324618 
0.21021021021 1.0 0.208665487323 0.205286973158 
-1.77177177177 1.0 -0.979872320608 -1.02366082649 
-8.67867867868 1.0 -0.678779469621 -0.681009461253 
0.970970970971 1.0 0.825434213842 0.827545631397 
-1.71171171171 1.0 -0.990087845702 -1.02621279681 
-0.49049049049 1.0 -0.471058607419 -0.444799174238 
6.01601601602 1.0 -0.264002216892 -0.264313976681 
-8.77877877878 1.0 -0.601996584369 -0.60766049209 
7.7977977978 1.0 0.998422103411 0.931969940521 
-0.670670670671 1.0 -0.62151153354 -0.58846667459 
0.950950950951 1.0 0.813968289004 0.815818878834 
-8.11811811812 1.0 -0.965318303844 -0.963753883741 
-9.57957957958 1.0 0.154184093352 0.129442059765 
7.25725725726 1.0 0.827180739833 0.835103169994 
-4.75475475475 1.0 0.999102704803 0.999530198738 
-2.77277277277 1.0 -0.360514923027 -0.383952365302 
3.17317317317 1.0 -0.0315752704827 -0.0271123136168 
-2.49249249249 1.0 -0.604469813648 -0.671792614223 
-3.31331331331 1.0 0.170877953796 0.258414926407 
-3.77377377377 1.0 0.590905760288 0.704447453703 
-5.73573573574 1.0 0.520511228445 0.524131156769 
-3.89389389389 1.0 0.683320745574 0.789086594024 
-5.33533533534 1.0 0.812162990678 0.80201405269 
-9.45945945946 1.0 0.034674546587 0.00842401508009 
-5.41541541542 1.0 0.762889004574 0.755281359992 
-7.67767767768 1.0 -0.984498672401 -0.997797082848 
-3.93393393393 1.0 0.711999223182 0.814119269177 
-9.17917917918 1.0 -0.243137181641 -0.264318648049 
9.71971971972 1.0 -0.290684124469 -0.298149023617 
-7.8978978979 1.0 -0.999035835857 -1.00375429723 
1.51151151151 1.0 0.998243169988 1.00108106387 
-8.27827827828 1.0 -0.911328515751 -0.907756992362 
6.87687687688 1.0 0.559424700424 0.596608513895 
4.45445445445 1.0 -0.966918909573 -0.955476697094 
-0.01001001001 1.0 -0.0100098428432 -0.00715371530587 
-1.11111111111 1.0 -0.89619220103 -0.868511079925 
-3.99399399399 1.0 0.752863081707 0.848689579045 
-4.09409409409 1.0 0.81486800406 0.898438673947 
0.0500500500501 1.0 0.0500291567086 0.0507265142598 
7.15715715716 1.0 0.766884055736 0.785618353279 
-2.93293293293 1.0 -0.207148878373 -0.196358763716 
-6.93693693694 1.0 -0.608168751487 -0.632406454443 
7.57757757758 1.0 0.96204298189 0.926574930625 
4.33433433433 1.0 -0.929384449502 -0.918448008837 
-6.21621621622 1.0 0.066919044364 0.0713813351888 
8.57857857858 1.0 0.748766641479 0.638832680112 
8.0980980981 1.0 0.970351253498 0.87112918004 
1.53153153153 1.0 0.999229236959 1.00190175617 
8.998998999 1.0 0.413030320922 0.335806189351 
6.41641641642 1.0 0.132837305145 0.160215296255 
-6.61661661662 1.0 -0.327287278425 -0.339412071764 
7.67767767768 1.0 0.984498672401 0.934611354331 
6.996996997 1.0 0.654719669029 0.68633540606 
5.05505505506 1.0 -0.941862214566 -0.943602099367 
-3.03303303303 1.0 -0.108346513523 -0.075279680372 
-5.63563563564 1.0 0.603233924101 0.60364772647 
-6.6966966967 1.0 -0.401827232414 -0.417595825366 
-8.43843843844 1.0 -0.834011915114 -0.830971110571 
-0.33033033033 1.0 -0.32435551719 -0.306126312329 
-7.01701701702 1.0 -0.669720024621 -0.695537233599 
5.87587587588 1.0 -0.396140311588 -0.40409524926 
-5.57557557558 1.0 0.650019222236 0.648270169783 
-4.49449449449 1.0 0.976354771373 1.00412714405 
0.570570570571 1.0 0.540112324789 0.536250450175 
8.11811811812 1.0 0.965318303844 0.864529668558 
9.25925925926 1.0 0.164763965562 0.11756740629 
-5.01501501502 1.0 0.954557149695 0.942143632782 
-4.01401401401 1.0 0.765888052358 0.859422351146 
-4.31431431431 1.0 0.921809046742 0.974374319445 
9.83983983984 1.0 -0.403246556161 -0.408796839549 
1.77177177177 1.0 0.979872320608 0.980501752123 
-3.83383383383 1.0 0.63826408348 0.748552240149 
4.41441441441 1.0 -0.955933085822 -0.944554498657 
-6.63663663664 1.0 -0.346137843492 -0.35919337531 
-8.5985985986 1.0 -0.735347535638 -0.735291878241 
-0.810810810811 1.0 -0.724845989014 -0.689514388634 
-2.33233233233 1.0 -0.723776968945 -0.802259842657 
3.37337337337 1.0 -0.229710988177 -0.226645556508 
4.69469469469 1.0 -0.999843460211 -0.99061962516 
5.01501501502 1.0 -0.954557149695 -0.954800226935 
-6.996996997 1.0 -0.654719669029 -0.680210604806 
2.39239239239 1.0 0.681053382124 0.683259918313 
-3.53353353353 1.0 0.381982835353 0.493627279329 
-4.73473473473 1.0 0.99975034402 1.00179546289 
-6.81681681682 1.0 -0.508663293061 -0.529264855508 
-1.69169169169 1.0 -0.992701051804 -1.0262291205 
5.03503503504 1.0 -0.948399735659 -0.949388133146 
3.03303303303 1.0 0.108346513523 0.11366413575 
-4.61461461461 1.0 0.995223893414 1.00876873141 
5.75575575576 1.0 -0.503313872361 -0.515720359402 
-3.97397397397 1.0 0.739536372707 0.837562239811 
1.67167167167 1.0 0.994916395419 0.996353971509 
-7.45745745746 1.0 -0.922408976872 -0.943837955741 
5.07507507508 1.0 -0.934947206573 -0.937442332986 
6.13613613614 1.0 -0.146519791772 -0.138767539033 
-7.15715715716 1.0 -0.766884055736 -0.793649558816 
6.97697697698 1.0 0.639456909771 0.672253731334 
3.89389389389 1.0 -0.683320745574 -0.678457818503 
-4.25425425425 1.0 0.896879023055 0.958108630553 
7.27727727728 1.0 0.838264195546 0.843809933749 
1.69169169169 1.0 0.992701051804 0.993965855478 
9.0990990991 1.0 0.319952035985 0.254012878226 
-4.91491491491 1.0 0.979561626072 0.970298084625 
-3.69369369369 1.0 0.524477262156 0.640160209762 
-1.57157157157 1.0 -0.999999699498 -1.01790381279 
3.11311311311 1.0 0.0284756907485 0.0333465842991 
9.51951951952 1.0 -0.094599889559 -0.114657974023 
-3.57357357357 1.0 0.41867057176 0.53240528726 
-1.15115115115 1.0 -0.91323356617 -0.888009953811 
-4.15415415415 1.0 0.848191426515 0.923643894935 
-7.1971971972 1.0 -0.791959659904 -0.818565310893 
5.995995996 1.0 -0.2832577738 -0.284798389758 
8.35835835836 1.0 0.875475849797 0.763331569369 
0.01001001001 1.0 0.0100098428432 0.0121110171809 
8.85885885886 1.0 0.536191852752 0.444806499047 
-5.61561561562 1.0 0.61907922661 0.618785739938 
1.07107107107 1.0 0.877714248189 0.880904239257 
-1.47147147147 1.0 -0.995071340501 -1.00047869562 
1.99199199199 1.0 0.912600742763 0.912340196817 
9.43943943944 1.0 -0.0146609534063 -0.0421679969385 
-6.5965965966 1.0 -0.308305540605 -0.319491098316 
-7.7977977978 1.0 -0.998422103411 -1.00690780686 
3.33333333333 1.0 -0.190567962875 -0.187253405552 
-0.850850850851 1.0 -0.75184168035 -0.716476779589 
6.73673673674 1.0 0.438160658811 0.477222512688 
-1.23123123123 1.0 -0.942899611382 -0.923591925816 
2.61261261261 1.0 0.504653050544 0.509082625633 
-7.3973973974 1.0 -0.897563688968 -0.92074472807 
-0.510510510511 1.0 -0.488622728493 -0.461454028051 
1.55155155155 1.0 0.999814825028 1.00231674389 
-9.5995995996 1.0 0.173932497848 0.149729571156 
-9.35935935936 1.0 -0.0653719505576 -0.0909500986929 
8.51851851852 1.0 0.787202470352 0.675486111281 
2.59259259259 1.0 0.521834495241 0.526087092959 
6.67667667668 1.0 0.38341529066 0.421824425075 
2.03203203203 1.0 0.895503224543 0.89526008128 
7.01701701702 1.0 0.669720024621 0.700055495911 
1.59159159159 1.0 0.999783786273 1.00193374726 
-8.81881881882 1.0 -0.569550710787 -0.576725259037 
7.75775775776 1.0 0.995374053792 0.934304631692 
6.63663663664 1.0 0.346137843492 0.383662739927 
-4.07407407407 1.0 0.803100948886 0.889268279778 
-2.79279279279 1.0 -0.341770182763 -0.361157692219 
-7.55755755756 1.0 -0.956387136503 -0.974366888376 
-7.35735735736 1.0 -0.879195966573 -0.903380315114 
-5.21521521522 1.0 0.87622408965 0.863412570073 
5.83583583584 1.0 -0.432577348176 -0.442251175925 
-9.13913913914 1.0 -0.281770446506 -0.301585047185 
4.85485485485 1.0 -0.989868890237 -0.984633894821 
-2.61261261261 1.0 -0.504653050544 -0.556548754151 
0.810810810811 1.0 0.724845989014 0.724583483982 
-1.49149149149 1.0 -0.996857019318 -1.00469335143 
-3.25325325325 1.0 0.111428711879 0.189051779485 
-3.59359359359 1.0 0.436766402789 0.551273423097 
8.47847847848 1.0 0.811257411747 0.69883569774 
-1.91191191191 1.0 -0.942382045726 -1.00252806154 
9.53953953954 1.0 -0.114509838728 -0.132885515668 
-0.45045045045 1.0 -0.435371096772 -0.411012252072 
-2.29229229229 1.0 -0.750818471552 -0.830362960508 
-3.19319319319 1.0 0.0515776439174 0.118136033721 
-7.37737737738 1.0 -0.888557889358 -0.91225824924 
6.15615615616 1.0 -0.126687794244 -0.11750921706 
-8.0980980981 1.0 -0.970351253498 -0.969205247401 
1.43143143143 1.0 0.99030442098 0.993727675795 
-8.93893893894 1.0 -0.466950456861 -0.478927257245 
-2.87287287287 1.0 -0.265497380359 -0.267940287217 
-0.47047047047 1.0 -0.453305691794 -0.427983938734 
-5.3953953954 1.0 0.775678794758 0.767394808856 
1.01101101101 1.0 0.84736912878 0.849959685157 
0.630630630631 1.0 0.589654207656 0.586561265703 
8.55855855856 1.0 0.761885650774 0.651262573775 
-5.03503503504 1.0 0.948399735659 0.93561082398 
0.41041041041 1.0 0.398985690337 0.394041101702 
4.29429429429 1.0 -0.913864194148 -0.903286494921 
8.63863863864 1.0 0.707630665292 0.600316402705 
8.71871871872 1.0 0.648840196822 0.546241273657 
-3.07307307307 1.0 -0.0684659772958 -0.0266428002554 
-5.65565565566 1.0 0.587146852786 0.588249958948 
-6.0960960961 1.0 0.185999691898 0.192905115287 
-8.25825825826 1.0 -0.919387180273 -0.91593024852 
2.87287287287 1.0 0.265497380359 0.271176498124 
-9.4994994995 1.0 0.0746520259067 0.0485957200824 
-2.51251251251 1.0 -0.588401237484 -0.653556554416 
7.03703703704 1.0 0.684451964588 0.713409313602 
-2.21221221221 1.0 -0.801249393857 -0.880915767347 
1.17117117117 1.0 0.921206900567 0.92503913288 
2.07207207207 1.0 0.876970223046 0.876804092754 
1.03103103103 1.0 0.857829327634 0.860636362962 
-8.01801801802 1.0 -0.986576173517 -0.987436146719 
-9.33933933934 1.0 -0.0853347124856 -0.110603532297 
3.43343343343 1.0 -0.28771565565 -0.284957730804 
3.05305305305 1.0 0.0884239650333 0.0936432388345 
1.27127127127 1.0 0.955476737061 0.959484895249 
-3.05305305305 1.0 -0.0884239650333 -0.0509580484809 
-0.37037037037 1.0 -0.361960713579 -0.341642185525 
0.590590590591 1.0 0.556851671602 0.553229498023 
4.35435435435 1.0 -0.936587366299 -0.925503981926 
5.27527527528 1.0 -0.845718424022 -0.855403619572 
0.510510510511 1.0 0.488622728493 0.48416357602 
6.23623623624 1.0 -0.046931825201 -0.0319560585754 
-1.67167167167 1.0 -0.994916395419 -1.02583620443 
-6.31631631632 1.0 -0.0331249483513 -0.0318958686509 
0.33033033033 1.0 0.32435551719 0.319591256857 
-4.85485485485 1.0 0.989868890237 0.983558426832 
8.2982982983 1.0 0.902904601864 0.792263580314 
2.77277277277 1.0 0.360514923027 0.36597604596 
-1.01101101101 1.0 -0.84736912878 -0.815044714931 
-4.27427427427 1.0 0.905553075921 0.963892959187 
-0.610610610611 1.0 -0.573367839051 -0.542189298793 
-8.03803803804 1.0 -0.983109384216 -0.983420401743 
-4.99499499499 1.0 0.960331988856 0.948376621313 
-6.73673673674 1.0 -0.438160658811 -0.455644876069 
7.37737737738 1.0 0.888557889358 0.881345868194 
-1.29129129129 1.0 -0.961192106815 -0.947154881771 
-2.03203203203 1.0 -0.895503224543 -0.966681902084 
3.45345345345 1.0 -0.306830209454 -0.30415294623 
-8.05805805806 1.0 -0.979248576653 -0.979041439553 
4.87487487487 1.0 -0.986828185163 -0.98221239138 
3.63363363363 1.0 -0.472425730458 -0.469823006349 
-4.47447447447 1.0 0.971831589603 1.0021939392 
-7.93793793794 1.0 -0.996477739177 -0.99981302036 
4.93493493493 1.0 -0.975338684403 -0.972707701399 
-7.41741741742 1.0 -0.906209755988 -0.928837892141 
-5.23523523524 1.0 0.866401418913 0.853911211471 
-9.67967967968 1.0 0.252150304413 0.231037434924 
-8.45845845846 1.0 -0.822799547447 -0.820003510581 
5.41541541542 1.0 -0.762889004574 -0.776257802532 
-9.43943943944 1.0 0.0146609534063 -0.0115814894473 
2.19219219219 1.0 0.813066617154 0.813471688833 
-2.55255255255 1.0 -0.555563147622 -0.61588859262 
-2.65265265265 1.0 -0.469690351946 -0.515227959205 
5.91591591592 1.0 -0.359068265792 -0.365084033114 
4.49449449449 1.0 -0.976354771373 -0.964964942639 
-9.1991991992 1.0 -0.223670498102 -0.24549330623 
8.7987987988 1.0 0.585891056576 0.48927892663 
0.25025025025 1.0 0.247646422081 0.243649182369 
-0.25025025025 1.0 -0.247646422081 -0.233612264851 
-2.89289289289 1.0 -0.246143932464 -0.244209950769 
-4.21421421421 1.0 0.878456163293 0.945439250242 
-7.11711711712 1.0 -0.740579143612 -0.767314181251 
2.11211211211 1.0 0.857031446499 0.857000848979 
6.45645645646 1.0 0.172405433055 0.202175787374 
0.690690690691 1.0 0.637069722791 0.634866831634 
-1.37137137137 1.0 -0.980180659514 -0.974178787719 
1.37137137137 1.0 0.980180659514 0.983931590927 
3.81381381381 1.0 -0.622725447279 -0.618836387496 
9.87987987988 1.0 -0.439553861488 -0.44562832882 
0.27027027027 1.0 0.266991905564 0.262744927215 
7.2972972973 1.0 0.849011685183 0.852117383373 
8.5985985986 1.0 0.735347535638 0.626195809475 
-6.75675675676 1.0 -0.456067581459 -0.474373939688 
-6.85685685686 1.0 -0.542719485852 -0.564686863854 
8.6986986987 1.0 0.66394288333 0.56004013479 
7.13713713714 1.0 0.753882673169 0.774542724256 
3.29329329329 1.0 -0.151119458915 -0.147531010745 
1.85185185185 1.0 0.960763202681 0.96089493441 
-7.21721721722 1.0 -0.804023831509 -0.830479509555 
5.71571571572 1.0 -0.537499969971 -0.550906447801 
6.71671671672 1.0 0.42007812671 0.459015262701 
-5.25525525526 1.0 0.856231505045 0.844116162866 
-7.85785785786 1.0 -0.999992487454 -1.00617251738 
4.57457457457 1.0 -0.990518615549 -0.979605598093 
2.97297297297 1.0 0.167821766571 0.173369580264 
-6.37637637638 1.0 -0.0930562402792 -0.0941833801489 
-9.3993993994 1.0 -0.0253758371902 -0.0514066058992 
-5.995995996 1.0 0.2832577738 0.290831136582 
-9.63963963964 1.0 0.213212289782 0.190361544968 
-2.69269269269 1.0 -0.433974744115 -0.472614580761 
-0.15015015015 1.0 -0.149586594914 -0.140593869033 
-2.67267267267 1.0 -0.451923110669 -0.494076232452 
4.39439439439 1.0 -0.949864345085 -0.938558646795 
6.1961961962 1.0 -0.0868794431893 -0.0748123414884 
-8.35835835836 1.0 -0.875475849797 -0.871848687238 
-1.03103103103 1.0 -0.857829327634 -0.826261506533 
-2.25225225225 1.0 -0.776656419186 -0.856588740994 
0.43043043043 1.0 0.417262010319 0.412355955217 
-8.998998999 1.0 -0.413030320922 -0.42745432653 
2.17217217217 1.0 0.824557973258 0.824834752955 
-8.31831831832 1.0 -0.894118814814 -0.890438739954 
-8.95895895896 1.0 -0.449154692451 -0.461949073319 
-2.43243243243 1.0 -0.651196684992 -0.724003149168 
2.09209209209 1.0 0.867174611281 0.86706905314 
4.95495495495 1.0 -0.970724838874 -0.968791944611 
1.41141141141 1.0 0.987325090799 0.990869941361 
-3.67367367367 1.0 0.507327764109 0.623127478759 
2.41241241241 1.0 0.666258547712 0.66867637737 
2.71271271271 1.0 0.415852445773 0.421016936307 
-9.47947947948 1.0 0.054674242632 0.0284847588813 
-4.03403403403 1.0 0.778606064409 0.869761965092 
6.91691691692 1.0 0.592155892373 0.627890965411 
6.77677677678 1.0 0.473791717778 0.512814934073 
-0.21021021021 1.0 -0.208665487323 -0.196690926571 
0.49049049049 1.0 0.471058607419 0.466446920754 
7.35735735736 1.0 0.879195966573 0.874639164613 
0.45045045045 1.0 0.435371096772 0.430534368664 
4.63463463463 1.0 -0.996978653508 -0.986763067265 
-5.17517517518 1.0 0.894812095251 0.881531637126 
-4.37437437437 1.0 0.943414910292 0.987418510944 
9.85985985986 1.0 -0.421484671785 -0.427219120871 
4.53453453453 1.0 -0.984225545624 -0.973010530667 
-2.71271271271 1.0 -0.415852445773 -0.450856840614 
-2.75275275275 1.0 -0.379115173303 -0.406510766614 
-5.2952952953 1.0 0.834866389361 0.823647869602 
7.5975975976 1.0 0.967313252172 0.928944792194 
-2.57257257257 1.0 -0.53880679503 -0.596476353853 
8.15815815816 1.0 0.9540939133 0.85044532116 
7.91791791792 1.0 0.997956771974 0.916553451329 
-4.93493493493 1.0 0.975338684403 0.965270611844 
-4.19419419419 1.0 0.868714740054 0.938548894705 
4.89489489489 1.0 -0.983391971377 -0.97941770913 
1.95195195195 1.0 0.928235370545 0.92801675805 
-1.09109109109 1.0 -0.887131000257 -0.858349157261 
6.61661661662 1.0 0.327287278425 0.364242930672 
7.97797797798 1.0 0.992322298019 0.904286043691 
9.57957957958 1.0 -0.154184093352 -0.169443881438 
5.85585585586 1.0 -0.41444188151 -0.423284621516 
-5.83583583584 1.0 0.432577348176 0.438601836592 
0.17017017017 1.0 0.169350063744 0.166751163992 
0.0700700700701 1.0 0.0700127456343 0.0700634444452 
-0.970970970971 1.0 -0.825434213842 -0.791852762183 
3.61361361361 1.0 -0.454687183165 -0.452141217659 
-1.85185185185 1.0 -0.960763202681 -1.0142469122 
-9.83983983984 1.0 0.403246556161 0.39343364206 
2.35235235235 1.0 0.709818357066 0.711611058419 
2.25225225225 1.0 0.776656419186 0.777514859463 
-8.1981981982 1.0 -0.941340119153 -0.938464806775 
5.31531531532 1.0 -0.823679750423 -0.834584158592 
4.43443443443 1.0 -0.961618700226 -0.950194261883 
-7.13713713714 1.0 -0.753882673169 -0.780656927916 
-4.35435435435 1.0 0.936587366299 0.983423918572 
-4.81481481481 1.0 0.994759058541 0.990871533383 
-5.67567567568 1.0 0.570824460166 0.572595770919 
9.03903903904 1.0 0.376243865658 0.303449845228 
-6.67667667668 1.0 -0.38341529066 -0.398295484915 
5.17517517518 1.0 -0.894812095251 -0.901051033991 
-9.65965965966 1.0 0.232727934358 0.210696382775 
-1.63163163163 1.0 -0.998150103477 -1.02384206286 
-3.37337337337 1.0 0.229710988177 0.325838106419 
9.33933933934 1.0 0.0853347124856 0.0472506611974 
-7.51751751752 1.0 -0.943927941216 -0.963354341318 
4.55455455455 1.0 -0.987569983594 -0.976489840983 
-5.07507507508 1.0 0.934947206573 0.921647974692 
4.21421421421 1.0 -0.878456163293 -0.868814195287 
5.35535535536 1.0 -0.800320725902 -0.812321164387 
7.05705705706 1.0 0.698909584547 0.726392495223 
9.11911911912 1.0 0.30092154409 0.237307596618 
6.25625625626 1.0 -0.0269257963344 -0.0104988324412 
-6.2962962963 1.0 -0.0131106134944 -0.0111595613888 
7.21721721722 1.0 0.804023831509 0.816495328649 
-2.91291291291 1.0 -0.226691833081 -0.220343595453 
5.63563563564 1.0 -0.603233924101 -0.617898000312 
5.8958958959 1.0 -0.377679973455 -0.38469198707 
-5.55555555556 1.0 0.665101514979 0.662610899418 
-5.81581581582 1.0 0.450539443112 0.456161478889 
5.33533533534 1.0 -0.812162990678 -0.82363211793 
5.5955955956 1.0 -0.634676409709 -0.649603723435 
-5.93593593594 1.0 0.340312647942 0.347671474597 
-9.6996996997 1.0 0.271471615699 0.251379987787 
-7.61761761762 1.0 -0.972195835089 -0.98788199325 
-3.39339339339 1.0 0.249148316352 0.347819885539 
3.79379379379 1.0 -0.606937230307 -0.603256969705 
1.83183183183 1.0 0.96612325186 0.966363345439 
-3.73373373373 1.0 0.558138856901 0.673078979263 
5.1951951952 1.0 -0.885695580449 -0.892658397673 
-8.47847847848 1.0 -0.811257411747 -0.808744383442 
5.65565565566 1.0 -0.587146852786 -0.601588805549 
-7.27727727728 1.0 -0.838264195546 -0.86399933861 
-2.45245245245 1.0 -0.635873830576 -0.70702402361 
-6.91691691692 1.0 -0.592155892373 -0.615887669852 
-9.97997997998 1.0 0.527114985665 0.533810781753 
-9.7997997998 1.0 0.366292850383 0.352953460918 
8.17817817818 1.0 0.947906971008 0.842968262806 
4.05405405405 1.0 -0.791012020637 -0.783757278245 
-7.87787787788 1.0 -0.99971449835 -1.00515487757 
9.91991991992 1.0 -0.475156566095 -0.48239637788 
1.25125125125 1.0 0.949378423874 0.953387968341 
-1.87187187187 1.0 -0.955018091318 -1.01079099348 
1.73173173173 1.0 0.987077824457 0.988011627779 
-9.15915915916 1.0 -0.26250641876 -0.283017581854 
-5.47547547548 1.0 0.722706208904 0.717239310413 
-2.13213213213 1.0 -0.846544793956 -0.923825548427 
9.7997997998 1.0 -0.366292850383 -0.371924393403 
-1.89189189189 1.0 -0.948890220341 -1.00688597377 
-1.41141141141 1.0 -0.987325090799 -0.985724647435 
4.99499499499 1.0 -0.960331988856 -0.95983825218 
-1.19119119119 1.0 -0.928811026462 -0.906381455871 
-2.19219219219 1.0 -0.813066617154 -0.89236265445 
4.27427427427 1.0 -0.905553075921 -0.895184306363 
-6.51651651652 1.0 -0.231219739195 -0.238621480235 
-7.65765765766 1.0 -0.980790267476 -0.994891256176 
1.79179179179 1.0 0.975679725882 0.976169495807 
-0.790790790791 1.0 -0.710909644644 -0.675704667967 
-0.710710710711 1.0 -0.65237258226 -0.618357016723 
9.47947947948 1.0 -0.054674242632 -0.0783223899059 
5.47547547548 1.0 -0.722706208904 -0.737055436023 
-7.23723723724 1.0 -0.81576576016 -0.842025744408 
-1.43143143143 1.0 -0.99030442098 -0.990989461097 
-7.43743743744 1.0 -0.914492625181 -0.936536106511 
9.21921921922 1.0 0.204114170152 0.152244188107 
1.31131131131 1.0 0.966522242485 0.970475670159 
7.61761761762 1.0 0.972195835089 0.9309309109 
0.19019019019 1.0 0.189045659132 0.186036767291 
7.41741741742 1.0 0.906209755988 0.893560154105 
9.65965965966 1.0 -0.232727934358 -0.24288429431 
3.27327327327 1.0 -0.131300397197 -0.127568677995 
-0.630630630631 1.0 -0.589654207656 -0.557802626635 
6.21621621622 1.0 -0.066919044364 -0.0533980078533 
1.97197197197 1.0 0.920602539794 0.920355614327 
0.550550550551 1.0 0.523156507537 0.519074025171 
0.0900900900901 1.0 0.0899682743046 0.0894103796308 
3.83383383383 1.0 -0.63826408348 -0.634151518658 
2.79279279279 1.0 0.341770182763 0.347303160433 
-1.27127127127 1.0 -0.955476737061 -0.939606816293 
4.07407407407 1.0 -0.803100948886 -0.795531231093 
0.770770770771 1.0 0.69668837635 0.695772461544 
4.75475475475 1.0 -0.999102704803 -0.991156786753 
-8.63863863864 1.0 -0.707630665292 -0.708659571551 
-5.1951951952 1.0 0.885695580449 0.872619583315 
4.71471471471 1.0 -0.999997295481 -0.99116833612 
-0.35035035035 1.0 -0.343226895963 -0.323949852581 
-9.27927927928 1.0 -0.144985860003 -0.169029435084 
-9.91991991992 1.0 0.475156566095 0.473947016988 
-1.51151151151 1.0 -0.998243169988 -1.00854814328 
-6.01601601602 1.0 0.264002216892 0.271544907205 
8.53853853854 1.0 0.774699305584 0.66348166293 
-1.21121121121 1.0 -0.936042896216 -0.915133958262 
-6.43643643644 1.0 -0.152651959622 -0.156367837967 
-6.17617617618 1.0 0.106805021793 0.112270195342 
2.63263263263 1.0 0.487269347053 0.4918669572 
-0.27027027027 1.0 -0.266991905564 -0.251914271483 
9.8998998999 1.0 -0.45744688336 -0.464021668647 
-0.930930930931 1.0 -0.802176135594 -0.767674609551 
-6.41641641642 1.0 -0.132837305145 -0.135668853371 
-3.43343343343 1.0 0.28771565565 0.390972244426 
5.73573573574 1.0 -0.520511228445 -0.533448653034 
2.37237237237 1.0 0.695575258639 0.697573054586 
8.65865865866 1.0 0.693344009372 0.587081476573 
-1.83183183183 1.0 -0.96612325186 -1.01725768478 
8.43843843844 1.0 0.834011915114 0.721280475669 
4.51451451451 1.0 -0.980486642048 -0.969168578707 
-3.35335335335 1.0 0.210181594637 0.303601644469 
-7.53753753754 1.0 -0.950347982805 -0.969060782206 
-8.85885885886 1.0 -0.536191852752 -0.544933030787 
2.69269269269 1.0 0.433974744115 0.439014730409 
9.45945945946 1.0 -0.034674546587 -0.0602208953332 
0.750750750751 1.0 0.682187883844 0.680945062019 
9.17917917918 1.0 0.243137181641 0.186562792608 
-5.11511511512 1.0 0.919995965877 0.906492363257 
7.0970970971 1.0 0.726978798959 0.751231093618 
3.73373373373 1.0 -0.558138856901 -0.554990239993 
0.710710710711 1.0 0.65237258226 0.650484437283 
7.17717717718 1.0 0.779578080518 0.796303755557 
-5.51551551552 1.0 0.694460468753 0.69047654338 
9.13913913914 1.0 0.281770446506 0.220495120798 
6.31631631632 1.0 0.0331249483513 0.0538402778551 
5.81581581582 1.0 -0.450539443112 -0.46098625957 
9.95995995996 1.0 -0.509997599178 -0.5190790198 
-0.0500500500501 1.0 -0.0500291567086 -0.0455635974786 
-8.21821821822 1.0 -0.934395989648 -0.93128756829 
-6.71671671672 1.0 -0.42007812671 -0.436715589142 
-3.21321321321 1.0 0.0715593456609 0.141921776452 
5.95595595596 1.0 -0.32142063693 -0.325292159841 
6.8968968969 1.0 0.575905704393 0.612416359162 
-5.71571571572 1.0 0.537499969971 0.540532507946 
-8.17817817818 1.0 -0.947906971008 -0.945303304054 
-0.570570570571 1.0 -0.540112324789 -0.510417945746 
-6.95695695696 1.0 -0.623937863975 -0.648638134142 
2.45245245245 1.0 0.635873830576 0.638717477102 
-3.75375375375 1.0 0.574637462441 0.688958385821 
-9.11911911912 1.0 -0.30092154409 -0.320015996925 
6.95695695696 1.0 0.623937863975 0.65781548469 
7.07707707708 1.0 0.713087090062 0.73900099735 
4.37437437437 1.0 -0.943414910292 -0.93220801421 
1.91191191191 1.0 0.942382045726 0.9422630592 
3.97397397397 1.0 -0.739536372707 -0.733525168553 
7.45745745746 1.0 0.922408976872 0.904180344158 
9.97997997998 1.0 -0.527114985665 -0.537381594484 
0.530530530531 1.0 0.505991015532 0.501708844761 
2.01201201201 1.0 0.904233186475 0.903973875537 
6.85685685686 1.0 0.542719485852 0.580474083386 
-7.2972972973 1.0 -0.849011685183 -0.874419843708 
-4.95495495495 1.0 0.970724838874 0.959940750335 
-0.29029029029 1.0 -0.286230381945 -0.270103833255 
2.43243243243 1.0 0.651196684992 0.653827255639 
-1.97197197197 1.0 -0.920602539794 -0.986701816469 
4.65465465465 1.0 -0.998333836705 -0.988416323454 
6.81681681682 1.0 0.508663293061 0.547253708759 
6.0960960961 1.0 -0.185999691898 -0.181044318303 
3.21321321321 1.0 -0.0715593456609 -0.0673870312403 
5.93593593594 1.0 -0.340312647942 -0.345280850278 
8.61861861862 1.0 0.721633711464 0.613355780482 
6.11611611612 1.0 -0.166293065952 -0.159949835988 
9.55955955956 1.0 -0.13437389375 -0.15114855891 
0.910910910911 1.0 0.790062479764 0.791354206396 
-9.73973973974 1.0 0.309780130585 0.292050961282 
1.33133133133 1.0 0.971465007816 0.975366276236 
4.13413413413 1.0 -0.837417761709 -0.828918421484 
8.31831831832 1.0 0.894118814814 0.782875605319 
-6.05605605606 1.0 0.225181436261 0.232508115542 
4.25425425425 1.0 -0.896879023055 -0.886736892069 
-0.03003003003 1.0 -0.0300255167065 -0.0263807771962 
7.53753753754 1.0 0.950347982805 0.920675058665 
6.6966966967 1.0 0.401827232414 0.440546088625 
-1.65165165165 1.0 -0.996732988666 -1.02503889024 
1.13113113113 1.0 0.904894218889 0.908525301204 
8.8988988989 1.0 0.501973484202 0.414380233673 
-0.910910910911 1.0 -0.790062479764 -0.755224919425 
1.19119119119 1.0 0.928811026462 0.932715561394 
5.4954954955 1.0 -0.708725363073 -0.723305048161 
8.41841841842 1.0 0.844890020967 0.732153884283 
2.49249249249 1.0 0.604469813648 0.607736169907 
9.73973973974 1.0 -0.309780130585 -0.316589328136 
-9.75975975976 1.0 0.328751980598 0.312370181484 
-8.91891891892 1.0 -0.484559073218 -0.49571953182 
-7.997997998 1.0 -0.989647555109 -0.991085919652 
0.47047047047 1.0 0.453305691794 0.448567605007 
-0.590590590591 1.0 -0.556851671602 -0.526393200021 
-8.57857857858 1.0 -0.748766641479 -0.748215681254 
-7.77777777778 1.0 -0.997097890944 -1.00637423905 
-0.750750750751 1.0 -0.682187883844 -0.647445635311 
-1.25125125125 1.0 -0.949378423874 -0.931751012303 
-2.39239239239 1.0 -0.681053382124 -0.756651978221 
-7.03703703704 1.0 -0.684451964588 -0.710548440802 
8.83883883884 1.0 0.552982096013 0.459789934806 
9.31931931932 1.0 0.105263273301 0.0649416061734 
-7.5975975976 1.0 -0.967313252172 -0.983777435276 
-9.61961961962 1.0 0.193611192318 0.170037676443 
4.01401401401 1.0 -0.765888052358 -0.759261383537 
6.03603603604 1.0 -0.244640851113 -0.243685371039 
-9.2992992993 1.0 -0.125149645879 -0.149648300977 
9.05905905906 1.0 0.357620745349 0.287087584762 
-1.07107107107 1.0 -0.877714248189 -0.847917618698 
-2.99299299299 1.0 -0.148053371305 -0.123870817986 
2.83283283283 1.0 0.303877337824 0.309511845528 
8.01801801802 1.0 0.986576173517 0.894485972819 
6.53653653654 1.0 0.250649611665 0.284551086192 
2.65265265265 1.0 0.469690351946 0.474446217353 
3.31331331331 1.0 -0.170877953796 -0.167428959379 
-9.37937937938 1.0 -0.0453829883483 -0.0712160937331 
-8.83883883884 1.0 -0.552982096013 -0.560933951233 
5.43543543544 1.0 -0.749793457774 -0.76353517004 
5.77577577578 1.0 -0.485914794209 -0.497728800862 
-5.05505505506 1.0 0.941862214566 0.928778757319 
-2.85285285285 1.0 -0.284744420138 -0.291517244517 
5.6956956957 1.0 -0.554273288059 -0.56808679707 
-5.87587587588 1.0 0.396140311588 0.402838583594 
7.93793793794 1.0 0.996477739177 0.912793623474 
2.75275275275 1.0 0.379115173303 0.38449069129 
-4.69469469469 1.0 0.999843460211 1.00538660929 
-6.7967967968 1.0 -0.491325964149 -0.511193244121 
8.4984984985 1.0 0.799390133963 0.687272073957 
6.43643643644 1.0 0.152651959622 0.181249938348 
7.73773773774 1.0 0.993251282848 0.934931284823 
-5.45545545546 1.0 0.736397402892 0.730202043702 
0.730730730731 1.0 0.667413978747 0.665846473802 
6.51651651652 1.0 0.231219739195 0.264180157743 
-4.67467467467 1.0 0.999288899866 1.0067095671 
4.23423423423 1.0 -0.887845512006 -0.877946176968 
6.07607607608 1.0 -0.205631771434 -0.20203935032 
0.610610610611 1.0 0.573367839051 0.570002602925 
5.61561561562 1.0 -0.61907922661 -0.633904816438 
-2.27227227227 1.0 -0.763890524376 -0.843712040773 
3.19319319319 1.0 -0.0515776439174 -0.0472589039846 
-7.47747747748 1.0 -0.929955638285 -0.950742238726 
-5.31531531532 1.0 0.823679750423 0.81297621159 
9.81981981982 1.0 -0.384846824231 -0.390364311256 
-2.53253253253 1.0 -0.572096837274 -0.634918698244 
-3.85385385385 1.0 0.653546911213 0.762461508319 
-4.41441441441 1.0 0.955933085822 0.994360488842 
-2.47247247247 1.0 -0.620296125676 -0.689617903716 
-8.13813813814 1.0 -0.959898466376 -0.957951030561 
-2.01201201201 1.0 -0.904233186475 -0.973825734387 
3.23323323323 1.0 -0.0915123672906 -0.0874875013721 
1.75175175175 1.0 0.983672194447 0.984449962866 
-2.05205205205 1.0 -0.886414355831 -0.959064500857 
4.17417417417 1.0 -0.858625146533 -0.849535148651 
0.31031031031 1.0 0.305354140677 0.300724356976 
1.29129129129 1.0 0.961192106815 0.965181375995 
-0.950950950951 1.0 -0.813968289004 -0.779885109252 
-5.35535535536 1.0 0.800320725902 0.790762371608 
-9.21921921922 1.0 -0.204114170152 -0.226546628446 
-8.07807807808 1.0 -0.974995298193 -0.974302088427 
-6.11611611612 1.0 0.166293065952 0.172911959997 
2.93293293293 1.0 0.207148878373 0.212789483367 
7.71771771772 1.0 0.990730428893 0.935193295412 
2.85285285285 1.0 0.284744420138 0.290408355007 
7.63763763764 1.0 0.976688773762 0.932535680561 
-0.43043043043 1.0 -0.417262010319 -0.393888115477 
3.95395395395 1.0 -0.725913266541 -0.720201455179 
7.8978978979 1.0 0.999035835857 0.919979093718 
7.85785785786 1.0 0.999992487454 0.925813437868 
4.83483483483 1.0 -0.99251286792 -0.986682552331 
5.53553553554 1.0 -0.679917243139 -0.694801781863 
-9.01901901902 1.0 -0.39471619201 -0.409947505947 
4.03403403403 1.0 -0.778606064409 -0.771666187633 
-4.79479479479 1.0 0.996606561851 0.994067005839 
-6.35635635636 1.0 -0.0731057736575 -0.0734182180153 
-3.11311311311 1.0 -0.0284756907485 0.0218979257862 
5.0950950951 1.0 -0.927657483133 -0.930909125961 
6.05605605606 1.0 -0.225181436261 -0.222923463845 
-3.81381381381 1.0 0.622725447279 0.734246024412 
3.57357357357 1.0 -0.41867057176 -0.4161866584 
7.51751751752 1.0 0.943927941216 0.917140937188 
-8.73873873874 1.0 -0.633477463068 -0.637701983383 
-7.97797797798 1.0 -0.992322298019 -0.994367041998 
-0.23023023023 1.0 -0.228201684929 -0.215202785679 
-7.33733733734 1.0 -0.869481672757 -0.894113014522 
-2.35235235235 1.0 -0.709818357066 -0.787513172118 
6.55655655656 1.0 0.269979026825 0.304754071335 
-0.730730730731 1.0 -0.667413978747 -0.633003284737 
-1.33133133133 1.0 -0.971465007816 -0.961309706013 
-2.41241241241 1.0 -0.666258547712 -0.740548028337 
9.2992992993 1.0 0.125149645879 0.0825603395535 
6.93693693694 1.0 0.608168751487 0.643026006459 
3.47347347347 1.0 -0.325821789448 -0.323212671548 
1.57157157157 1.0 0.999999699498 1.00232702011 
5.97597597598 1.0 -0.302399804444 -0.305127934357 
6.65665665666 1.0 0.36484968073 0.402859982919 
8.03803803804 1.0 0.983109384216 0.889110645719 
8.33833833834 1.0 0.884974675839 0.773230298418 
6.75675675676 1.0 0.456067581459 0.49515868883 
-2.23223223223 1.0 -0.789111039566 -0.868990633377 
-4.23423423423 1.0 0.887845512006 0.951958283363 
-0.11011011011 1.0 -0.109887744787 -0.102782995808 
5.51551551552 1.0 -0.694460468753 -0.709219179293 
2.99299299299 1.0 0.148053371305 0.153535982921 
-3.23323323323 1.0 0.0915123672906 0.165565562012 
10.0 1.0 -0.544021110889 -0.555654823753 
-9.07907907908 1.0 -0.338854295004 -0.356448238034 
2.13213213213 1.0 0.846544793956 0.846603201498 
3.93393393393 1.0 -0.711999223182 -0.706579430953 
-3.27327327327 1.0 0.131300397197 0.212365209349 
-5.95595595596 1.0 0.32142063693 0.328901599022 
1.47147147147 1.0 0.995071340501 0.998219478778 
-7.4974974975 1.0 -0.93712958481 -0.957247963396 
-3.17317317317 1.0 0.0315752704827 0.0942243104884 
-5.27527527528 1.0 0.845718424022 0.834028128567 
9.93993993994 1.0 -0.492675811867 -0.50074972695 
5.25525525526 1.0 -0.856231505045 -0.865267535259 
0.35035035035 1.0 0.343226895963 0.338364969057 
6.2962962963 1.0 0.0131106134944 0.0324117982367 
-3.95395395395 1.0 0.725913266541 0.826039130006 
-8.71871871872 1.0 -0.648840196822 -0.652376245942 
1.09109109109 1.0 0.887131000257 0.890486250966 
4.97497497497 1.0 -0.965721938658 -0.964502153709 
7.23723723724 1.0 0.81576576016 0.825997934337 
-3.63363363363 1.0 0.472425730458 0.587935367382 
-8.4984984985 1.0 -0.799390133963 -0.79719768251 
-8.41841841842 1.0 -0.844890020967 -0.841643272991 
-6.03603603604 1.0 0.244640851113 0.252101311766 
7.997997998 1.0 0.989647555109 0.899545698127 
-7.31731731732 1.0 -0.859418901282 -0.884458670299 
-2.31231231231 1.0 -0.737445499834 -0.816544419605 
3.35335335335 1.0 -0.210181594637 -0.206995276766 
-5.15515515516 1.0 0.903569980268 0.890148151183 
8.13813813814 1.0 0.959898466376 0.857633754269 
-1.53153153153 1.0 -0.999229236959 -1.01203812629 
-0.990990990991 1.0 -0.836569314705 -0.803573875068 
1.05105105105 1.0 0.867945718946 0.870952786183 
-9.25925925926 1.0 -0.164763965562 -0.188309600164 
9.23923923924 1.0 0.184476035731 0.134948821106 
5.57557557558 1.0 -0.650019222236 -0.664989465626 
2.89289289289 1.0 0.246143932464 0.251824085159 
-4.43443443443 1.0 0.961618700226 0.997313053066 
-4.59459459459 1.0 0.993070259711 1.00881272752 
-9.71971971972 1.0 0.290684124469 0.271719371316 
1.39139139139 1.0 0.983950052752 0.987604457115 
0.890890890891 1.0 0.777632176518 0.778628268981 
-8.97897897898 1.0 -0.431178912314 -0.444789810435 
-6.87687687688 1.0 -0.559424700424 -0.582019820943 
-9.95995995996 1.0 0.509997599178 0.513913838346 
9.75975975976 1.0 -0.328751980598 -0.335033969829 
2.33233233233 1.0 0.723776968945 0.725369294231 
2.31231231231 1.0 0.737445499834 0.738843214768 
8.27827827828 1.0 0.911328515751 0.801390310631 
-2.73273273273 1.0 -0.397563478837 -0.428817317925 
9.5995995996 1.0 -0.173932497848 -0.187768282731 
8.21821821822 1.0 0.934395989648 0.827163881345 
-7.83783783784 1.0 -0.999869691753 -1.00680516515 
-7.05705705706 1.0 -0.698909584547 -0.725237786354 
2.95295295295 1.0 0.187522900919 0.193123554487 
-5.85585585586 1.0 0.41444188151 0.420825670486 
-3.55355355355 1.0 0.400406942668 0.5131875567 
5.2952952953 1.0 -0.834866389361 -0.845175271544 
-3.29329329329 1.0 0.151119458915 0.23549104733 
-4.45445445445 1.0 0.966918909573 0.999923379774 
-0.530530530531 1.0 -0.505991015532 -0.477944635165 
-7.95795795796 1.0 -0.994599330244 -0.997276914503 
4.31431431431 1.0 -0.921809046742 -0.91104163664 
0.850850850851 1.0 0.75184168035 0.75222074989 
4.77477477477 1.0 -0.998054637396 -0.990595387183 
-8.33833833834 1.0 -0.884974675839 -0.881300875321 
3.91391391391 1.0 -0.69779981921 -0.69266339187 
-2.11211211211 1.0 -0.857031446499 -0.933353245923 
3.55355355355 1.0 -0.400406942668 -0.397928995616 
-3.09309309309 1.0 -0.0484805492288 -0.00235162690304 
3.75375375375 1.0 -0.574637462441 -0.571327978292 
9.67967967968 1.0 -0.252150304413 -0.261293463792 
1.63163163163 1.0 0.998150103477 0.99994201121 
1.61161161161 1.0 0.999167171889 1.00113825052 
1.93193193193 1.0 0.935496175869 0.935320320554 
-5.37537537538 1.0 0.788157702332 0.779222235661 
8.77877877878 1.0 0.601996584369 0.503777059882 
8.45845845846 1.0 0.822799547447 0.710173121332 
-4.17417417417 1.0 0.858625146533 0.931284622732 
9.6996996997 1.0 -0.271471615699 -0.27971605893 
7.47747747748 1.0 0.929955638285 0.908895169916 
8.37837837838 1.0 0.865626143701 0.753183324059 
4.09409409409 1.0 -0.81486800406 -0.806984783875 
8.67867867868 1.0 0.678779469621 0.573654793294 
-9.23923923924 1.0 -0.184476035731 -0.207483696517 
5.13513513514 1.0 -0.911965725448 -0.916724016936 
7.95795795796 1.0 0.994599330244 0.908703258854 
-0.650650650651 1.0 -0.605704250039 -0.573229602492 
-1.99199199199 1.0 -0.912600742763 -0.980498210099 
4.61461461461 1.0 -0.995223893414 -0.984743019749 
2.23223223223 1.0 0.789111039566 0.789807684932 
5.21521521522 1.0 -0.87622408965 -0.883896202197 
-1.61161161161 1.0 -0.999167171889 -1.02225064145 
6.17617617618 1.0 -0.106805021793 -0.0961867995949 
-7.6976976977 1.0 -0.987812502254 -1.00030471383 
6.4964964965 1.0 0.211697196671 0.243652811148 
-6.57657657658 1.0 -0.289200237681 -0.299440947163 
-7.73773773774 1.0 -0.993251282848 -1.0041293007 
-6.47647647648 1.0 -0.19208980849 -0.197624655874 
-3.79379379379 1.0 0.606937230307 0.719543945193 
3.41341341341 1.0 -0.268485788917 -0.265635615417 
0.15015015015 1.0 0.149586594914 0.147438030579 
2.91291291291 1.0 0.226691833081 0.232359057401 
3.39339339339 1.0 -0.249148316352 -0.246195294273 
-6.65665665666 1.0 -0.36484968073 -0.37882461042 
-1.45145145145 1.0 -0.992886849216 -0.995909099591 
3.71371371371 1.0 -0.541416556108 -0.53841188395 
6.5965965966 1.0 0.308305540605 0.344611035724 
-4.11411411411 1.0 0.826308470068 0.907223264553 
-8.51851851852 1.0 -0.787202470352 -0.785367403533 
-6.25625625626 1.0 0.0269257963344 0.0302118942706 
2.51251251251 1.0 0.588401237484 0.591875025445 
8.25825825826 1.0 0.919387180273 0.810251881442 
-3.15315315315 1.0 0.0115602420643 0.0702029218461 
2.73273273273 1.0 0.397563478837 0.402839979484 
-8.65865865866 1.0 -0.693344009372 -0.694959587573 
8.87887887888 1.0 0.519186710331 0.429668702787 
2.57257257257 1.0 0.53880679503 0.542874364467 
4.11411411411 1.0 -0.826308470068 -0.818114831559 
-7.17717717718 1.0 -0.779578080518 -0.806287217346 
-5.53553553554 1.0 0.679917243139 0.676680488257 
-1.59159159159 1.0 -0.999783786273 -1.0202695707 
-1.75175175175 1.0 -0.983672194447 -1.02493333847 
3.51351351351 1.0 -0.363405633971 -0.360891864228 
-4.13413413413 1.0 0.837417761709 0.91562423931 
8.75875875876 1.0 0.617860839267 0.518105987057 
-9.93993993994 1.0 0.492675811867 0.493957945101 
-6.97697697698 1.0 -0.639456909771 -0.66457525336 
7.65765765766 1.0 0.980790267476 0.933761617616 
-0.31031031031 1.0 -0.305354140677 -0.288176094497 
5.45545545546 1.0 -0.736397402892 -0.750466633958 
-4.97497497497 1.0 0.965721938658 0.954309200764 
-4.65465465465 1.0 0.998333836705 1.00771536373 
-5.91591591592 1.0 0.359068265792 0.366255274353 
9.15915915916 1.0 0.26250641876 0.203579005185 
-7.25725725726 1.0 -0.827180739833 -0.853200205362 
-3.91391391391 1.0 0.69779981921 0.801801917563 
-1.39139139139 1.0 -0.983950052752 -0.980119491418 
-9.81981981982 1.0 0.384846824231 0.373208627228 
-4.51451451451 1.0 0.980486642048 1.0057253449 
-3.45345345345 1.0 0.306830209454 0.41212057559 
6.7967967968 1.0 0.491325964149 0.530182691127 
0.11011011011 1.0 0.109887744787 0.108760066087 
1.87187187187 1.0 0.955018091318 0.955053434211 
9.4994994995 1.0 -0.0746520259067 -0.096469177438 
-2.07207207207 1.0 -0.876970223046 -0.950971610465 
5.7957957958 1.0 -0.468320967329 -0.479481498491 
-0.890890890891 1.0 -0.777632176518 -0.742539661256 
0.790790790791 1.0 0.710909644644 0.710321080334 
-2.17217217217 1.0 -0.824557973258 -0.903330252646 
-9.77977977978 1.0 0.347592070824 0.33267250592 
-0.550550550551 1.0 -0.523156507537 -0.494267190913 
-6.4964964965 1.0 -0.211697196671 -0.218160954671 
-0.41041041041 1.0 -0.398985690337 -0.376615605974 
-1.35135135135 1.0 -0.97601842181 -0.9679072896 
6.37637637638 1.0 0.0930562402792 0.117868559364 
4.81481481481 1.0 -0.994759058541 -0.988358738337 
8.1981981982 1.0 0.941340119153 0.835206480472 
9.1991991992 1.0 0.223670498102 0.169450014004 
-6.15615615616 1.0 0.126687794244 0.132585553037 
-2.83283283283 1.0 -0.303877337824 -0.314923679218 
0.650650650651 1.0 0.605704250039 0.602897064425 
9.3993993994 1.0 0.0253758371902 -0.00622129458308 
-3.61361361361 1.0 0.454687183165 0.56978544758 
-6.55655655656 1.0 -0.269979026825 -0.279272191181 
5.67567567568 1.0 -0.570824460166 -0.584983041035 
5.3953953954 1.0 -0.775678794758 -0.788631512831 
-9.0990990991 1.0 -0.319952035985 -0.338305399003 
-7.91791791792 1.0 -0.997956771974 -1.00197292853 
5.23523523524 1.0 -0.866401418913 -0.87476551319 
-8.37837837838 1.0 -0.865626143701 -0.862085861662 
4.73473473473 1.0 -0.99975034402 -0.991347585288 
-3.13313313313 1.0 -0.00845941955823 0.0460884923825 
-3.87387387387 1.0 0.668567805308 0.775973094125 
2.05205205205 1.0 0.886414355831 0.886202304193 
9.37937937938 1.0 0.0453829883483 0.0116658116324 
6.3963963964 1.0 0.112969411094 0.139084070506 
9.63963963964 1.0 -0.213212289782 -0.224491632315 
8.97897897898 1.0 0.431178912314 0.351793045297 
-4.39439439439 1.0 0.949864345085 0.991063164529 
3.01301301301 1.0 0.128225638051 0.133631291548 
3.69369369369 1.0 -0.524477262156 -0.521599306247 
2.21221221221 1.0 0.801249393857 0.801794658102 
-0.17017017017 1.0 -0.169350063744 -0.159381060399 
-3.33333333333 1.0 0.190567962875 0.281122936878 
3.65365365365 1.0 -0.489974935275 -0.487298007218 
-4.71471471471 1.0 0.999997295481 1.00374807377 
1.71171171171 1.0 0.990087845702 0.991184352739 
6.57657657658 1.0 0.289200237681 0.324777770149 
3.67367367367 1.0 -0.507327764109 -0.504559090919 
-3.41341341341 1.0 0.268485788917 0.369535062224 
-7.75775775776 1.0 -0.995374053792 -1.00544856474 
-2.59259259259 1.0 -0.521834495241 -0.57669266215 
9.61961961962 1.0 -0.193611192318 -0.206118584695 
9.07907907908 1.0 0.338854295004 0.270607399878 
-6.13613613614 1.0 0.146519791772 0.152802489745 
-1.13113113113 1.0 -0.904894218889 -0.878399369036 
2.55255255255 1.0 0.555563147622 0.559438577845 
8.81881881882 1.0 0.569550710787 0.474615312891 
-4.63463463463 1.0 0.996978653508 1.0084023341 
9.01901901902 1.0 0.39471619201 0.319690582998 
-4.57457457457 1.0 0.990518615549 1.00853241369 
-0.770770770771 1.0 -0.69668837635 -0.661680589292 
9.41941941942 1.0 0.00535851570584 -0.0241670166609 
-6.45645645646 1.0 -0.172405433055 -0.177023358837 
-2.15215215215 1.0 -0.835718856574 -0.913817950078 
3.53353353353 1.0 -0.381982835353 -0.379494749327 
-3.01301301301 1.0 -0.128225638051 -0.0995898949985 
-8.23823823824 1.0 -0.927077365617 -0.923774920186 
9.77977977978 1.0 -0.347592070824 -0.353479973765 
0.990990990991 1.0 0.836569314705 0.838927709705 
3.49349349349 1.0 -0.34468278404 -0.342128429506 
-9.31931931932 1.0 -0.105263273301 -0.130171299519 
-5.75575575576 1.0 0.503313872361 0.507488842562 
-9.53953953954 1.0 0.114509838728 0.088948310824 
-4.87487487487 1.0 0.986828185163 0.979442820106 
1.81181181181 1.0 0.971096090611 0.971455794814 
1.35135135135 1.0 0.97601842181 0.979851928075 
-6.07607607608 1.0 0.205631771434 0.212773311473 
-5.13513513514 1.0 0.911965725448 0.898468571516 
-1.31131131131 1.0 -0.966522242485 -0.954390699055 
2.15215215215 1.0 0.835718856574 0.835879890042 
-7.57757757758 1.0 -0.96204298189 -0.979272449157 
1.15115115115 1.0 0.91323356617 0.916974638191 
3.09309309309 1.0 0.0484805492288 0.053475539326 
7.4974974975 1.0 0.93712958481 0.913214865358 
6.27627627628 1.0 -0.00690897593668 0.0109612690642 
-5.8958958959 1.0 0.377679973455 0.384646421746 
-8.75875875876 1.0 -0.617860839267 -0.622795230363 
-1.79179179179 1.0 -0.975679725882 -1.021960342 
-9.8998998999 1.0 0.45744688336 0.453885038161 
4.79479479479 1.0 -0.996606561851 -0.989662866401 
-5.6956956957 1.0 0.554273288059 0.556688702905 
2.53253253253 1.0 0.572096837274 0.575774000304 
5.37537537538 1.0 -0.788157702332 -0.800653498212 
-0.690690690691 1.0 -0.637069722791 -0.603510315408 
1.11111111111 1.0 0.89619220103 0.899694596874 
-3.47347347347 1.0 0.325821789448 0.432969740605 
4.15415415415 1.0 -0.848191426515 -0.839392748278 
-4.05405405405 1.0 0.791012020637 0.879710018283 
8.93893893894 1.0 0.466950456861 0.383365979547 
6.33633633634 1.0 0.0531260071326 0.0752342180495 
-6.27627627628 1.0 0.00690897593668 0.00954641600363 
-1.95195195195 1.0 -0.928235370545 -0.992439298701 
7.77777777778 1.0 0.997097890944 0.933316451946 
-5.77577577578 1.0 0.485914794209 0.490609985331 
8.05805805806 1.0 0.979248576653 0.883423519034 
1.21121121121 1.0 0.936042896216 0.940000950682 
2.67267267267 1.0 0.451923110669 0.456826673045 
-3.71371371371 1.0 0.541416556108 0.656811890275 
-1.81181181181 1.0 -0.971096090611 -1.01982741505 
0.39039039039 1.0 0.380549461752 0.375598528846 
5.55555555556 1.0 -0.665101514979 -0.680057058049 
-2.09209209209 1.0 -0.867174611281 -0.942401620115 
9.27927927928 1.0 0.144985860003 0.100103423665 
1.49149149149 1.0 0.996857019318 0.999853849725 
5.15515515516 1.0 -0.903569980268 -0.909073177046 
-3.51351351351 1.0 0.363405633971 0.473732040861 
7.83783783784 1.0 0.999869691753 0.928215064978 
3.25325325325 1.0 -0.111428711879 -0.107551115096 
-2.63263263263 1.0 -0.487269347053 -0.536056413468 
-4.55455455455 1.0 0.987569983594 1.0079258018 
3.07307307307 1.0 0.0684659772958 0.0735774105372 
7.6976976977 1.0 0.987812502254 0.935087632178 
4.59459459459 1.0 -0.993070259711 -0.982356933597 
-10.0 1.0 0.544021110889 0.553644931104 
-9.87987987988 1.0 0.439553861488 0.433776060333 
-3.65365365365 1.0 0.489974935275 0.605717703125 
-1.73173173173 1.0 -0.987077824457 -1.02578244466 
-0.0700700700701 1.0 -0.0700127456343 -0.0646957449557 
-5.97597597598 1.0 0.302399804444 0.3099524665 
3.87387387387 1.0 -0.668567805308 -0.663967378594 
0.670670670671 1.0 0.62151153354 0.619001664993 
7.1971971972 1.0 0.791959659904 0.806596721596 
-8.2982982983 1.0 -0.902904601864 -0.899258642451 
7.87787787788 1.0 0.99971449835 0.923066943257 
0.930930930931 1.0 0.802176135594 0.803753109846 
-5.0950950951 1.0 0.927657483133 0.91421900356 
-6.83683683684 1.0 -0.525796755923 -0.547099003911 
2.47247247247 1.0 0.620296125676 0.623352069819 
-1.93193193193 1.0 -0.935496175869 -0.997713643268 
-7.0970970971 1.0 -0.726978798959 -0.753626440237 
7.31731731732 1.0 0.859418901282 0.860024928945 
-5.43543543544 1.0 0.749793457774 0.74288327074 
-0.830830830831 1.0 -0.738491823944 -0.703106260313 
-2.97297297297 1.0 -0.167821766571 -0.148104538209 
0.29029029029 1.0 0.286230381945 0.281772770057 
-6.1961961962 1.0 0.0868794431893 0.0918656511105 
3.85385385385 1.0 -0.653546911213 -0.649196929241 
7.55755755756 1.0 0.956387136503 0.923819061959 
7.43743743744 1.0 0.914492625181 0.899069055663 
7.3973973974 1.0 0.897563688968 0.887652679117 
-6.77677677678 1.0 -0.473791717778 -0.492893198062 
-3.49349349349 1.0 0.34468278404 0.45350996977 
-9.05905905906 1.0 -0.357620745349 -0.374439516894 
0.23023023023 1.0 0.228201684929 0.224493804974 
8.3983983984 1.0 0.855429505195 0.74278946373 
2.81281281281 1.0 0.322888465175 0.328479293678 
6.47647647648 1.0 0.19208980849 0.222980739205 
