-9.85985985986 1.0 0.421484671785 0.473749500872 
6.35635635636 1.0 0.0731057736575 0.0937081585305 
-2.81281281281 1.0 -0.322888465175 -0.341948846141 
-2.95295295295 1.0 -0.187522900919 -0.172389643052 
1.89189189189 1.0 0.948890220341 0.948397594679 
4.67467467467 1.0 -0.999288899866 -0.991957011326 
-6.3963963964 1.0 -0.112969411094 -0.123198041872 
-5.4954954955 1.0 0.708725363073 0.696613912209 
-8.7987987988 1.0 -0.585891056576 -0.543462085332 
-9.55955955956 1.0 0.13437389375 0.169928218594 
-8.53853853854 1.0 -0.774699305584 -0.731784732926 
-6.53653653654 1.0 -0.250649611665 -0.266373106813 
7.33733733734 1.0 0.869481672757 0.889213748072 
6.83683683684 1.0 0.525796755923 0.570144790111 
1.45145145145 1.0 0.992886849216 0.994751206209 
-7.71771771772 1.0 -0.990730428893 -0.986674616325 
1.65165165165 1.0 0.996732988666 0.997312782501 
-0.0900900900901 1.0 -0.0899682743046 -0.0848731102176 
1.23123123123 1.0 0.942899611382 0.945291565227 
3.59359359359 1.0 -0.436766402789 -0.43565150602 
0.870870870871 1.0 0.764890207772 0.764433814407 
-7.63763763764 1.0 -0.976688773762 -0.978170777551 
0.37037037037 1.0 0.361960713579 0.357035324727 
9.35935935936 1.0 0.0653719505576 0.120196724053 
3.13313313313 1.0 0.00845941955822 0.0126372814052 
7.81781781782 1.0 0.999346160464 0.969892033693 
-1.17117117117 1.0 -0.921206900567 -0.913624958805 
-2.37237237237 1.0 -0.695575258639 -0.787952247418 
-6.33633633634 1.0 -0.0531260071326 -0.0611795221789 
8.07807807808 1.0 0.974995298193 0.927082421079 
-7.81781781782 1.0 -0.999346160464 -0.988307286705 
-4.29429429429 1.0 0.913864194148 0.971461412975 
-4.77477477477 1.0 0.998054637396 0.994356902351 
-5.7957957958 1.0 0.468320967329 0.464932378277 
-8.6986986987 1.0 -0.66394288333 -0.620677931847 
8.23823823824 1.0 0.927077365617 0.874603335134 
-0.13013013013 1.0 -0.1297631736 -0.123101395769 
0.13013013013 1.0 0.1297631736 0.12796359364 
-8.61861861862 1.0 -0.721633711464 -0.678255841244 
-7.07707707708 1.0 -0.713087090062 -0.739748711285 
8.91891891892 1.0 0.484559073218 0.478326102777 
2.29229229229 1.0 0.750818471552 0.752305746285 
-8.87887887888 1.0 -0.519186710331 -0.47786709541 
8.95895895896 1.0 0.449154692451 0.448223919649 
-0.19019019019 1.0 -0.189045659132 -0.179925783844 
-4.33433433433 1.0 0.929384449502 0.980792360046 
-0.39039039039 1.0 -0.380549461752 -0.363098589851 
-4.53453453453 1.0 0.984225545624 1.0066242066 
4.47447447447 1.0 -0.971831589603 -0.962413603137 
-8.15815815816 1.0 -0.9540939133 -0.922319974455 
4.19419419419 1.0 -0.868714740054 -0.861177952239 
4.91491491491 1.0 -0.979561626072 -0.978990409379 
-5.5955955956 1.0 0.634676409709 0.625820730914 
-9.03903903904 1.0 -0.376243865658 -0.337828784454 
-1.05105105105 1.0 -0.867945718946 -0.851524997665 
-0.870870870871 1.0 -0.764890207772 -0.740835158161 
5.11511511512 1.0 -0.919995965877 -0.927323654071 
-8.55855855856 1.0 -0.761885650774 -0.718797868799 
2.27227227227 1.0 0.763890524376 0.76517833733 
3.15315315315 1.0 -0.0115602420643 -0.00756042921848 
3.99399399399 1.0 -0.752863081707 -0.748287476602 
-8.3983983984 1.0 -0.855429505195 -0.814866316368 
-4.89489489489 1.0 0.983391971377 0.97143763412 
7.11711711712 1.0 0.740579143612 0.77732585208 
0.830830830831 1.0 0.738491823944 0.737501561786 
-1.55155155155 1.0 -0.999814825028 -1.03631510476 
0.03003003003 1.0 0.0300255167065 0.0309393710787 
8.73873873874 1.0 0.633477463068 0.605934515644 
-8.8988988989 1.0 -0.501973484202 -0.460978238302 
-9.51951951952 1.0 0.094599889559 0.129342921128 
-9.41941941942 1.0 -0.00535851570584 0.0284226560666 
-6.23623623624 1.0 0.046931825201 0.0419927987728 
3.77377377377 1.0 -0.590905760288 -0.589009171718 
-6.8968968969 1.0 -0.575905704393 -0.602341431933 
-4.83483483483 1.0 0.99251286792 0.984267029283 
0.21021021021 1.0 0.208665487323 0.205284103202 
-1.77177177177 1.0 -0.979872320608 -1.04592268019 
-8.67867867868 1.0 -0.678779469621 -0.635436033173 
0.970970970971 1.0 0.825434213842 0.82618774802 
-1.71171171171 1.0 -0.990087845702 -1.04833637713 
-0.49049049049 1.0 -0.471058607419 -0.449990310453 
6.01601601602 1.0 -0.264002216892 -0.269538430351 
-8.77877877878 1.0 -0.601996584369 -0.559346103096 
7.7977977978 1.0 0.998422103411 0.970823095156 
-0.670670670671 1.0 -0.62151153354 -0.596340798427 
0.950950950951 1.0 0.813968289004 0.814498726672 
-8.11811811812 1.0 -0.965318303844 -0.935560249362 
-9.57957957958 1.0 0.154184093352 0.190247453058 
7.25725725726 1.0 0.827180739833 0.853996518266 
-4.75475475475 1.0 0.999102704803 0.99710641283 
-2.77277277277 1.0 -0.360514923027 -0.388873436704 
3.17317317317 1.0 -0.0315752704827 -0.0277579129376 
-2.49249249249 1.0 -0.604469813648 -0.684493913572 
-3.31331331331 1.0 0.170877953796 0.264841678371 
-3.77377377377 1.0 0.590905760288 0.711540128372 
-5.73573573574 1.0 0.520511228445 0.515752739945 
-3.89389389389 1.0 0.683320745574 0.795305901102 
-5.33533533534 1.0 0.812162990678 0.79547080298 
-9.45945945946 1.0 0.034674546587 0.0686724848432 
-5.41541541542 1.0 0.762889004574 0.748302434659 
-7.67767767768 1.0 -0.984498672401 -0.983228381227 
-3.93393393393 1.0 0.711999223182 0.819991309362 
-9.17917917918 1.0 -0.243137181641 -0.207311904502 
9.71971971972 1.0 -0.290684124469 -0.201759588284 
-7.8978978979 1.0 -0.999035835857 -0.982543385919 
1.51151151151 1.0 0.998243169988 0.999754295897 
-8.27827827828 1.0 -0.911328515751 -0.874420800388 
6.87687687688 1.0 0.559424700424 0.60378059079 
4.45445445445 1.0 -0.966918909573 -0.95747204795 
-0.01001001001 1.0 -0.0100098428432 -0.00780225623722 
-1.11111111111 1.0 -0.89619220103 -0.883820815862 
-3.99399399399 1.0 0.752863081707 0.854001056267 
-4.09409409409 1.0 0.81486800406 0.902738555941 
0.0500500500501 1.0 0.0500291567086 0.0503386506216 
7.15715715716 1.0 0.766884055736 0.80115885679 
-2.93293293293 1.0 -0.207148878373 -0.196975268271 
-6.93693693694 1.0 -0.608168751487 -0.635028291638 
7.57757757758 1.0 0.96204298189 0.957040169019 
4.33433433433 1.0 -0.929384449502 -0.920356412516 
-6.21621621622 1.0 0.066919044364 0.0625053188505 
8.57857857858 1.0 0.748766641479 0.707043764415 
8.0980980981 1.0 0.970351253498 0.921551208779 
1.53153153153 1.0 0.999229236959 1.00061212357 
8.998998999 1.0 0.413030320922 0.417548169675 
6.41641641642 1.0 0.132837305145 0.158089159201 
-6.61661661662 1.0 -0.327287278425 -0.34611007384 
7.67767767768 1.0 0.984498672401 0.968864002049 
6.996996997 1.0 0.654719669029 0.696885813608 
5.05505505506 1.0 -0.941862214566 -0.946733559407 
-3.03303303303 1.0 -0.108346513523 -0.073514747302 
-5.63563563564 1.0 0.603233924101 0.595640868452 
-6.6966966967 1.0 -0.401827232414 -0.423480789723 
-8.43843843844 1.0 -0.834011915114 -0.792568817367 
-0.33033033033 1.0 -0.32435551719 -0.309331999043 
-7.01701701702 1.0 -0.669720024621 -0.696796640015 
5.87587587588 1.0 -0.396140311588 -0.409517980369 
-5.57557557558 1.0 0.650019222236 0.640516977427 
-4.49449449449 1.0 0.976354771373 1.00416329523 
0.570570570571 1.0 0.540112324789 0.53588521073 
8.11811811812 1.0 0.965318303844 0.915718574775 
9.25925925926 1.0 0.164763965562 0.206082385764 
-5.01501501502 1.0 0.954557149695 0.93765291637 
-4.01401401401 1.0 0.765888052358 0.864538155717 
-4.31431431431 1.0 0.921809046742 0.976305496925 
9.83983983984 1.0 -0.403246556161 -0.311335903444 
1.77177177177 1.0 0.979872320608 0.979759413398 
-3.83383383383 1.0 0.63826408348 0.755243486762 
4.41441441441 1.0 -0.955933085822 -0.946517519255 
-6.63663663664 1.0 -0.346137843492 -0.365700774583 
-8.5985985986 1.0 -0.735347535638 -0.69202896933 
-0.810810810811 1.0 -0.724845989014 -0.699701574275 
-2.33233233233 1.0 -0.723776968945 -0.818788583966 
3.37337337337 1.0 -0.229710988177 -0.227687047415 
4.69469469469 1.0 -0.999843460211 -0.992906317428 
5.01501501502 1.0 -0.954557149695 -0.957812422423 
-6.996996997 1.0 -0.654719669029 -0.681823290593 
2.39239239239 1.0 0.681053382124 0.683602023832 
-3.53353353353 1.0 0.381982835353 0.501347337377 
-4.73473473473 1.0 0.99975034402 0.999546996373 
-6.81681681682 1.0 -0.508663293061 -0.533673671771 
-1.69169169169 1.0 -0.992701051804 -1.04827792609 
5.03503503504 1.0 -0.948399735659 -0.952459231221 
3.03303303303 1.0 0.108346513523 0.113309130495 
-4.61461461461 1.0 0.995223893414 1.00762192082 
5.75575575576 1.0 -0.503313872361 -0.521060231365 
-3.97397397397 1.0 0.739536372707 0.843065265389 
1.67167167167 1.0 0.994916395419 0.995366988696 
-7.45745745746 1.0 -0.922408976872 -0.935347549669 
5.07507507508 1.0 -0.934947206573 -0.940635566498 
6.13613613614 1.0 -0.146519791772 -0.143499337038 
-7.15715715716 1.0 -0.766884055736 -0.792205364992 
6.97697697698 1.0 0.639456909771 0.682217702179 
3.89389389389 1.0 -0.683320745574 -0.680140329532 
-4.25425425425 1.0 0.896879023055 0.960690002574 
7.27727727728 1.0 0.838264195546 0.863392182996 
1.69169169169 1.0 0.992701051804 0.993026627901 
9.0990990991 1.0 0.319952035985 0.338531661413 
-4.91491491491 1.0 0.979561626072 0.966556734568 
-3.69369369369 1.0 0.524477262156 0.647654784438 
-1.57157157157 1.0 -0.999999699498 -1.03922512152 
3.11311311311 1.0 0.0284756907485 0.0328260250105 
9.51951951952 1.0 -0.094599889559 -0.0209833062085 
-3.57357357357 1.0 0.41867057176 0.540150960395 
-1.15115115115 1.0 -0.91323356617 -0.90397448922 
-4.15415415415 1.0 0.848191426515 0.927307262502 
-7.1971971972 1.0 -0.791959659904 -0.816276683507 
5.995995996 1.0 -0.2832577738 -0.290074073159 
8.35835835836 1.0 0.875475849797 0.823586925334 
0.01001001001 1.0 0.0100098428432 0.0115568173988 
8.85885885886 1.0 0.536191852752 0.522342711151 
-5.61561561562 1.0 0.61907922661 0.61086102646 
1.07107107107 1.0 0.877714248189 0.879395722263 
-1.47147147147 1.0 -0.995071340501 -1.02086671093 
1.99199199199 1.0 0.912600742763 0.912129536297 
9.43943943944 1.0 -0.0146609534063 0.0501074485176 
-6.5965965966 1.0 -0.308305540605 -0.326371357906 
-7.7977977978 1.0 -0.998422103411 -0.988772611586 
3.33333333333 1.0 -0.190567962875 -0.188220125151 
-0.850850850851 1.0 -0.75184168035 -0.727346292927 
6.73673673674 1.0 0.438160658811 0.48091593685 
-1.23123123123 1.0 -0.942899611382 -0.940816145477 
2.61261261261 1.0 0.504653050544 0.509377567143 
-7.3973973974 1.0 -0.897563688968 -0.9137886714 
-0.510510510511 1.0 -0.488622728493 -0.466922161851 
1.55155155155 1.0 0.999814825028 1.00106602756 
-9.5995995996 1.0 0.173932497848 0.210577870022 
-9.35935935936 1.0 -0.0653719505576 -0.0315542030234 
8.51851851852 1.0 0.787202470352 0.741572208344 
2.59259259259 1.0 0.521834495241 0.526396628785 
6.67667667668 1.0 0.38341529066 0.424193813915 
2.03203203203 1.0 0.895503224543 0.895135568008 
7.01701701702 1.0 0.669720024621 0.711201174978 
1.59159159159 1.0 0.999783786273 1.00076570503 
-8.81881881882 1.0 -0.569550710787 -0.527367282434 
7.75775775776 1.0 0.995374053792 0.971619398437 
6.63663663664 1.0 0.346137843492 0.385207819244 
-4.07407407407 1.0 0.803100948886 0.89377636104 
-2.79279279279 1.0 -0.341770182763 -0.365519111354 
-7.55755755756 1.0 -0.956387136503 -0.963196299974 
-7.35735735736 1.0 -0.879195966573 -0.897414310099 
-5.21521521522 1.0 0.87622408965 0.857580309249 
5.83583583584 1.0 -0.432577348176 -0.447668735911 
-9.13913913914 1.0 -0.281770446506 -0.24525055789 
4.85485485485 1.0 -0.989868890237 -0.987231305994 
-2.61261261261 1.0 -0.504653050544 -0.565993580916 
0.810810810811 1.0 0.724845989014 0.723583221578 
-1.49149149149 1.0 -0.996857019318 -1.02528940319 
-3.25325325325 1.0 0.111428711879 0.194761244365 
-3.59359359359 1.0 0.436766402789 0.559010256562 
8.47847847848 1.0 0.811257411747 0.7634850523 
-1.91191191191 1.0 -0.942382045726 -1.02457568378 
9.53953953954 1.0 -0.114509838728 -0.0388884141193 
-0.45045045045 1.0 -0.435371096772 -0.415667562094 
-2.29229229229 1.0 -0.750818471552 -0.847722067654 
-3.19319319319 1.0 0.0515776439174 0.122969210123 
-7.37737737738 1.0 -0.888557889358 -0.905800584208 
6.15615615616 1.0 -0.126687794244 -0.122125650642 
-8.0980980981 1.0 -0.970351253498 -0.941653828646 
1.43143143143 1.0 0.99030442098 0.992272534204 
-8.93893893894 1.0 -0.466950456861 -0.426647272996 
-2.87287287287 1.0 -0.265497380359 -0.270115955363 
-0.47047047047 1.0 -0.453305691794 -0.432904070199 
-5.3953953954 1.0 0.775678794758 0.76052188919 
1.01101101101 1.0 0.84736912878 0.848533647596 
0.630630630631 1.0 0.589654207656 0.586042745376 
8.55855855856 1.0 0.761885650774 0.71876954134 
-5.03503503504 1.0 0.948399735659 0.930976745239 
0.41041041041 1.0 0.398985690337 0.393992574408 
4.29429429429 1.0 -0.913864194148 -0.905171648374 
8.63863863864 1.0 0.707630665292 0.670612776086 
8.71871871872 1.0 0.648840196822 0.619249230886 
-3.07307307307 1.0 -0.0684659772958 -0.0240176025175 
-5.65565565566 1.0 0.587146852786 0.580163460908 
-6.0960960961 1.0 0.185999691898 0.183900679598 
-8.25825825826 1.0 -0.919387180273 -0.883235221703 
2.87287287287 1.0 0.265497380359 0.27112917855 
-9.4994994995 1.0 0.0746520259067 0.109086766903 
-2.51251251251 1.0 -0.588401237484 -0.665732569082 
7.03703703704 1.0 0.684451964588 0.725158870339 
-2.21221221221 1.0 -0.801249393857 -0.899756893288 
1.17117117117 1.0 0.921206900567 0.923450406665 
2.07207207207 1.0 0.876970223046 0.876760369459 
1.03103103103 1.0 0.857829327634 0.859180110813 
-8.01801801802 1.0 -0.986576173517 -0.962442801415 
-9.33933933934 1.0 -0.0853347124856 -0.0514197424392 
3.43343343343 1.0 -0.28771565565 -0.286105605162 
3.05305305305 1.0 0.0884239650333 0.093247206988 
1.27127127127 1.0 0.955476737061 0.957890625224 
-3.05305305305 1.0 -0.0884239650333 -0.0487557737246 
-0.37037037037 1.0 -0.361960713579 -0.345303519549 
0.590590590591 1.0 0.556851671602 0.552814473079 
4.35435435435 1.0 -0.936587366299 -0.927424933278 
5.27527527528 1.0 -0.845718424022 -0.859277182 
0.510510510511 1.0 0.488622728493 0.483936726331 
6.23623623624 1.0 -0.046931825201 -0.0360075594085 
-1.67167167167 1.0 -0.994916395419 -1.04779640664 
-6.31631631632 1.0 -0.0331249483513 -0.0404978913524 
0.33033033033 1.0 0.32435551719 0.319619572492 
-4.85485485485 1.0 0.989868890237 0.980293647229 
8.2982982983 1.0 0.902904601864 0.850281711274 
2.77277277277 1.0 0.360514923027 0.36609004527 
-1.01101101101 1.0 -0.84736912878 -0.82866804278 
-4.27427427427 1.0 0.905553075921 0.966257216638 
-0.610610610611 1.0 -0.573367839051 -0.549125025249 
-8.03803803804 1.0 -0.983109384216 -0.957789573127 
-4.99499499499 1.0 0.960331988856 0.944031402697 
-6.73673673674 1.0 -0.438160658811 -0.461072248407 
7.37737737738 1.0 0.888557889358 0.904451844242 
-1.29129129129 1.0 -0.961192106815 -0.965268472941 
-2.03203203203 1.0 -0.895503224543 -0.987904931736 
3.45345345345 1.0 -0.306830209454 -0.305334587608 
-8.05805805806 1.0 -0.979248576653 -0.95277163363 
4.87487487487 1.0 -0.986828185163 -0.984855970615 
3.63363363363 1.0 -0.472425730458 -0.471265614923 
-4.47447447447 1.0 0.971831589603 1.0024344013 
-7.93793793794 1.0 -0.996477739177 -0.977350675966 
4.93493493493 1.0 -0.975338684403 -0.975499637107 
-7.41741741742 1.0 -0.906209755988 -0.921376832511 
-5.23523523524 1.0 0.866401418913 0.84795567554 
-9.67967967968 1.0 0.252150304413 0.291914960081 
-8.45845845846 1.0 -0.822799547447 -0.780979646899 
5.41541541542 1.0 -0.762889004574 -0.780639237348 
-9.43943943944 1.0 0.0146609534063 0.0485244680957 
2.19219219219 1.0 0.813066617154 0.813631543353 
-2.55255255255 1.0 -0.555563147622 -0.626990653478 
-2.65265265265 1.0 -0.469690351946 -0.523547058903 
5.91591591592 1.0 -0.359068265792 -0.370486386574 
4.49449449449 1.0 -0.976354771373 -0.966996585729 
-9.1991991992 1.0 -0.223670498102 -0.188169062168 
8.7987987988 1.0 0.585891056576 0.564910785769 
0.25025025025 1.0 0.247646422081 0.243678664854 
-0.25025025025 1.0 -0.247646422081 -0.235994337114 
-2.89289289289 1.0 -0.246143932464 -0.245856844252 
-4.21421421421 1.0 0.878456163293 0.94845488852 
-7.11711711712 1.0 -0.740579143612 -0.766682953471 
2.11211211211 1.0 0.857031446499 0.857031854665 
6.45645645646 1.0 0.172405433055 0.200607691356 
0.690690690691 1.0 0.637069722791 0.634187056377 
-1.37137137137 1.0 -0.980180659514 -0.993385003644 
1.37137137137 1.0 0.980180659514 0.982404353463 
3.81381381381 1.0 -0.622725447279 -0.620460579812 
9.87987987988 1.0 -0.439553861488 -0.347904895468 
0.27027027027 1.0 0.266991905564 0.262782027673 
7.2972972973 1.0 0.849011685183 0.87239411088 
8.5985985986 1.0 0.735347535638 0.695106600354 
-6.75675675676 1.0 -0.456067581459 -0.479559624108 
-6.85685685686 1.0 -0.542719485852 -0.568534523824 
8.6986986987 1.0 0.66394288333 0.632378027479 
7.13713713714 1.0 0.753882673169 0.789432616505 
3.29329329329 1.0 -0.151119458915 -0.148420306074 
1.85185185185 1.0 0.960763202681 0.960352379454 
-7.21721721722 1.0 -0.804023831509 -0.82775708505 
5.71571571572 1.0 -0.537499969971 -0.556178399042 
6.71671671672 1.0 0.42007812671 0.462255823286 
-5.25525525526 1.0 0.856231505045 0.838039269198 
-7.85785785786 1.0 -0.999992487454 -0.986201670029 
4.57457457457 1.0 -0.990518615549 -0.981723418957 
2.97297297297 1.0 0.167821766571 0.173135063308 
-6.37637637638 1.0 -0.0930562402792 -0.102540251763 
-9.3993993994 1.0 -0.0253758371902 0.00837217240339 
-5.995995996 1.0 0.2832577738 0.281865181368 
-9.63963963964 1.0 0.213212289782 0.251252879492 
-2.69269269269 1.0 -0.433974744115 -0.479799563223 
-0.15015015015 1.0 -0.149586594914 -0.142117672486 
-2.67267267267 1.0 -0.451923110669 -0.501828865954 
4.39439439439 1.0 -0.949864345085 -0.94050684629 
6.1961961962 1.0 -0.0868794431893 -0.0791674240112 
-8.35835835836 1.0 -0.875475849797 -0.835962070783 
-1.03103103103 1.0 -0.857829327634 -0.840226330727 
-2.25225225225 1.0 -0.776656419186 -0.874719640605 
0.43043043043 1.0 0.417262010319 0.412278220782 
-8.998998999 1.0 -0.413030320922 -0.37384344819 
2.17217217217 1.0 0.824557973258 0.824965138923 
-8.31831831832 1.0 -0.894118814814 -0.85582399805 
-8.95895895896 1.0 -0.449154692451 -0.409215240091 
-2.43243243243 1.0 -0.651196684992 -0.738224512427 
2.09209209209 1.0 0.867174611281 0.867063492972 
4.95495495495 1.0 -0.970724838874 -0.971636580813 
1.41141141141 1.0 0.987325090799 0.989388298715 
-3.67367367367 1.0 0.507327764109 0.630695303317 
2.41241241241 1.0 0.666258547712 0.669024885078 
2.71271271271 1.0 0.415852445773 0.421211283983 
-9.47947947948 1.0 0.054674242632 0.0888616079808 
-4.03403403403 1.0 0.778606064409 0.874678383638 
6.91691691692 1.0 0.592155892373 0.636150874383 
6.77677677678 1.0 0.473791717778 0.517447955412 
-0.21021021021 1.0 -0.208665487323 -0.198706499375 
0.49049049049 1.0 0.471058607419 0.466261669808 
7.35735735736 1.0 0.879195966573 0.897030564737 
0.45045045045 1.0 0.435371096772 0.430423937718 
4.63463463463 1.0 -0.996978653508 -0.988958941922 
-5.17517517518 1.0 0.894812095251 0.875951721475 
-4.37437437437 1.0 0.943414910292 0.988705868526 
9.85985985986 1.0 -0.421484671785 -0.329621000839 
4.53453453453 1.0 -0.984225545624 -0.97508286143 
-2.71271271271 1.0 -0.415852445773 -0.457473911034 
-2.75275275275 1.0 -0.379115173303 -0.411994949847 
-5.2952952953 1.0 0.834866389361 0.817333986589 
7.5975975976 1.0 0.967313252172 0.96016307105 
-2.57257257257 1.0 -0.53880679503 -0.607031343105 
8.15815815816 1.0 0.9540939133 0.903164034181 
7.91791791792 1.0 0.997956771974 0.960037280167 
-4.93493493493 1.0 0.975338684403 0.961374961519 
-4.19419419419 1.0 0.868714740054 0.941781197438 
4.89489489489 1.0 -0.983391971377 -0.982109103285 
1.95195195195 1.0 0.928235370545 0.927715369703 
-1.09109109109 1.0 -0.887131000257 -0.87332653819 
6.61661661662 1.0 0.327287278425 0.365393681134 
7.97797797798 1.0 0.992322298019 0.950087181166 
9.57957957958 1.0 -0.154184093352 -0.0748353745768 
5.85585585586 1.0 -0.41444188151 -0.428707815003 
-5.83583583584 1.0 0.432577348176 0.429925394059 
0.17017017017 1.0 0.169350063744 0.166691784012 
0.0700700700701 1.0 0.0700127456343 0.0697477764902 
-0.970970970971 1.0 -0.825434213842 -0.804789234997 
3.61361361361 1.0 -0.454687183165 -0.453558806637 
-1.85185185185 1.0 -0.960763202681 -1.03648180595 
-9.83983983984 1.0 0.403246556161 0.453697077697 
2.35235235235 1.0 0.709818357066 0.711933794284 
2.25225225225 1.0 0.776656419186 0.777751370229 
-8.1981981982 1.0 -0.941340119153 -0.907697964431 
5.31531531532 1.0 -0.823679750423 -0.838602659293 
4.43443443443 1.0 -0.961618700226 -0.95217298038 
-7.13713713714 1.0 -0.753882673169 -0.779623192699 
-4.35435435435 1.0 0.936587366299 0.984924871242 
-4.81481481481 1.0 0.994759058541 0.987936066503 
-5.67567567568 1.0 0.570824460166 0.564432213671 
9.03903903904 1.0 0.376243865658 0.386326675656 
-6.67667667668 1.0 -0.38341529066 -0.404396414653 
5.17517517518 1.0 -0.894812095251 -0.904572201804 
-9.65965965966 1.0 0.232727934358 0.27158789913 
-1.63163163163 1.0 -0.998150103477 -1.04558486956 
-3.37337337337 1.0 0.229710988177 0.332822388827 
9.33933933934 1.0 0.0853347124856 0.137538229847 
-7.51751751752 1.0 -0.943927941216 -0.953273476754 
4.55455455455 1.0 -0.987569983594 -0.978584292201 
-5.07507507508 1.0 0.934947206573 0.916733473972 
4.21421421421 1.0 -0.878456163293 -0.870658470037 
5.35535535536 1.0 -0.800320725902 -0.816485341274 
7.05705705706 1.0 0.698909584547 0.738754304692 
9.11911911912 1.0 0.30092154409 0.322357003597 
6.25625625626 1.0 -0.0269257963344 -0.0143822199287 
-6.2962962963 1.0 -0.0131106134944 -0.0198294803353 
7.21721721722 1.0 0.804023831509 0.834028515038 
-2.91291291291 1.0 -0.226691833081 -0.221470495164 
5.63563563564 1.0 -0.603233924101 -0.622987103132 
5.8958958959 1.0 -0.377679973455 -0.390107868529 
-5.55555555556 1.0 0.665101514979 0.654946954751 
-5.81581581582 1.0 0.450539443112 0.447538151459 
5.33533533534 1.0 -0.812162990678 -0.827723436069 
5.5955955956 1.0 -0.634676409709 -0.654582155671 
-5.93593593594 1.0 0.340312647942 0.338783958277 
-9.6996996997 1.0 0.271471615699 0.3122293992 
-7.61761761762 1.0 -0.972195835089 -0.975035445935 
-3.39339339339 1.0 0.249148316352 0.354954882637 
3.79379379379 1.0 -0.606937230307 -0.604864630898 
1.83183183183 1.0 0.96612325186 0.965771037969 
-3.73373373373 1.0 0.558138856901 0.680393360975 
5.1951951952 1.0 -0.885695580449 -0.8962484545 
-8.47847847848 1.0 -0.811257411747 -0.769102412406 
5.65565565566 1.0 -0.587146852786 -0.606728821862 
-7.27727727728 1.0 -0.838264195546 -0.859930341471 
-2.45245245245 1.0 -0.635873830576 -0.720748713011 
-6.91691691692 1.0 -0.592155892373 -0.618828853045 
-9.97997997998 1.0 0.527114985665 0.592834332728 
-9.7997997998 1.0 0.366292850383 0.413452906064 
8.17817817818 1.0 0.947906971008 0.896449650342 
4.05405405405 1.0 -0.791012020637 -0.785528097814 
-7.87787787788 1.0 -0.99971449835 -0.984565510131 
9.91991991992 1.0 -0.475156566095 -0.384457941937 
1.25125125125 1.0 0.949378423874 0.951788848568 
-1.87187187187 1.0 -0.955018091318 -1.03297972859 
1.73173173173 1.0 0.987077824457 0.987169944282 
-9.15915915916 1.0 -0.26250641876 -0.226340816862 
-5.47547547548 1.0 0.722706208904 0.709954320851 
-2.13213213213 1.0 -0.846544793956 -0.94389328349 
9.7997997998 1.0 -0.366292850383 -0.274773394052 
-1.89189189189 1.0 -0.948890220341 -1.02901234739 
-1.41141141141 1.0 -0.987325090799 -1.00543039416 
4.99499499499 1.0 -0.960331988856 -0.962793046494 
-1.19119119119 1.0 -0.928811026462 -0.922985138167 
-2.19219219219 1.0 -0.813066617154 -0.911535026534 
4.27427427427 1.0 -0.905553075921 -0.897058632265 
-6.51651651652 1.0 -0.231219739195 -0.246148697733 
-7.65765765766 1.0 -0.980790267476 -0.980901492491 
1.79179179179 1.0 0.975679725882 0.975477165711 
-0.790790790791 1.0 -0.710909644644 -0.685553368169 
-0.710710710711 1.0 -0.65237258226 -0.626876673265 
9.47947947948 1.0 -0.054674242632 0.0146743778851 
5.47547547548 1.0 -0.722706208904 -0.74164853878 
-7.23723723724 1.0 -0.81576576016 -0.838861927005 
-1.43143143143 1.0 -0.99030442098 -1.01093194676 
-7.43743743744 1.0 -0.914492625181 -0.92856355536 
9.21921921922 1.0 0.204114170152 0.239814858523 
1.31131131131 1.0 0.966522242485 0.968899816876 
7.61761761762 1.0 0.972195835089 0.962904618617 
0.19019019019 1.0 0.189045659132 0.186008757894 
7.41741741742 1.0 0.906209755988 0.918108532962 
9.65965965966 1.0 -0.232727934358 -0.147188957504 
3.27327327327 1.0 -0.131300397197 -0.128418397265 
-0.630630630631 1.0 -0.589654207656 -0.565046817468 
6.21621621622 1.0 -0.066919044364 -0.0576066782907 
1.97197197197 1.0 0.920602539794 0.920100111204 
0.550550550551 1.0 0.523156507537 0.518756918003 
0.0900900900901 1.0 0.0899682743046 0.089159745424 
3.83383383383 1.0 -0.63826408348 -0.635791424122 
2.79279279279 1.0 0.341770182763 0.347387440077 
-1.27127127127 1.0 -0.955476737061 -0.957429976475 
4.07407407407 1.0 -0.803100948886 -0.797311430451 
0.770770770771 1.0 0.69668837635 0.694876621062 
4.75475475475 1.0 -0.999102704803 -0.993547971084 
-8.63863863864 1.0 -0.707630665292 -0.66422960001 
-5.1951951952 1.0 0.885695580449 0.866912525027 
4.71471471471 1.0 -0.999997295481 -0.993488301397 
-0.35035035035 1.0 -0.343226895963 -0.327379802503 
-9.27927927928 1.0 -0.144985860003 -0.110563321668 
-9.91991991992 1.0 0.475156566095 0.53357900733 
-1.51151151151 1.0 -0.998243169988 -1.02934191282 
-6.01601601602 1.0 0.264002216892 0.262561650997 
8.53853853854 1.0 0.774699305584 0.730280252249 
-1.21121121121 1.0 -0.936042896216 -0.932050421489 
-6.43643643644 1.0 -0.152651959622 -0.16441470015 
-6.17617617618 1.0 0.106805021793 0.103328440947 
2.63263263263 1.0 0.487269347053 0.492145392483 
-0.27027027027 1.0 -0.266991905564 -0.254491036584 
9.8998998999 1.0 -0.45744688336 -0.366184796919 
-0.930930930931 1.0 -0.802176135594 -0.779921371041 
-6.41641641642 1.0 -0.132837305145 -0.143826460648 
-3.43343343343 1.0 0.28771565565 0.398356994098 
5.73573573574 1.0 -0.520511228445 -0.538756751754 
2.37237237237 1.0 0.695575258639 0.697906568513 
8.65865865866 1.0 0.693344009372 0.658063423154 
-1.83183183183 1.0 -0.96612325186 -1.03952273951 
8.43843843844 1.0 0.834011915114 0.784478371645 
4.51451451451 1.0 -0.980486642048 -0.971219990099 
-3.35335335335 1.0 0.210181594637 0.310417735258 
-7.53753753754 1.0 -0.950347982805 -0.958437907224 
-8.85885885886 1.0 -0.536191852752 -0.494564863031 
2.69269269269 1.0 0.433974744115 0.439232695288 
9.45945945946 1.0 -0.034674546587 0.0324205904875 
0.750750750751 1.0 0.682187883844 0.680102658681 
9.17917917918 1.0 0.243137181641 0.273151907785 
-5.11511511512 1.0 0.919995965877 0.901305677754 
7.0970970971 1.0 0.726978798959 0.764841600287 
3.73373373373 1.0 -0.558138856901 -0.556543081754 
0.710710710711 1.0 0.65237258226 0.649750291187 
7.17717717718 1.0 0.779578080518 0.812501834977 
-5.51551551552 1.0 0.694460468753 0.682997781646 
9.13913913914 1.0 0.281770446506 0.306066555471 
6.31631631632 1.0 0.0331249483513 0.0505285801323 
5.81581581582 1.0 -0.450539443112 -0.466392381268 
9.95995995996 1.0 -0.509997599178 -0.420973049156 
-0.0500500500501 1.0 -0.0500291567086 -0.0464235802635 
-8.21821821822 1.0 -0.934395989648 -0.899877451792 
-6.71671671672 1.0 -0.42007812671 -0.442376045621 
-3.21321321321 1.0 0.0715593456609 0.147064518919 
5.95595595596 1.0 -0.32142063693 -0.330646263353 
6.8968968969 1.0 0.575905704393 0.620127390482 
-5.71571571572 1.0 0.537499969971 0.532222903358 
-8.17817817818 1.0 -0.947906971008 -0.91517997305 
-0.570570570571 1.0 -0.540112324789 -0.516750989869 
-6.95695695696 1.0 -0.623937863975 -0.650932080592 
2.45245245245 1.0 0.635873830576 0.63907223429 
-3.75375375375 1.0 0.574637462441 0.696166846554 
-9.11911911912 1.0 -0.30092154409 -0.264035892384 
6.95695695696 1.0 0.623937863975 0.667202079373 
7.07707707708 1.0 0.713087090062 0.751983201608 
4.37437437437 1.0 -0.943414910292 -0.934142210577 
1.91191191191 1.0 0.942382045726 0.941867207038 
3.97397397397 1.0 -0.739536372707 -0.735255512798 
7.45745745746 1.0 0.922408976872 0.930187420248 
9.97997997998 1.0 -0.527114985665 -0.439209626192 
0.530530530531 1.0 0.505991015532 0.501437955138 
2.01201201201 1.0 0.904233186475 0.903806911412 
6.85685685686 1.0 0.542719485852 0.58711733192 
-7.2972972973 1.0 -0.849011685183 -0.869887264351 
-4.95495495495 1.0 0.970724838874 0.955893038733 
-0.29029029029 1.0 -0.286230381945 -0.272882824387 
2.43243243243 1.0 0.651196684992 0.654179978225 
-1.97197197197 1.0 -0.920602539794 -1.00841327156 
4.65465465465 1.0 -0.998333836705 -0.990641002854 
6.81681681682 1.0 0.508663293061 0.552870458223 
6.0960960961 1.0 -0.185999691898 -0.185977357907 
3.21321321321 1.0 -0.0715593456609 -0.0681152695607 
5.93593593594 1.0 -0.340312647942 -0.350662707265 
8.61861861862 1.0 0.721633711464 0.682961718004 
6.11611611612 1.0 -0.166293065952 -0.164787090691 
9.55955955956 1.0 -0.13437389375 -0.0568401504573 
0.910910910911 1.0 0.790062479764 0.790116223391 
-9.73973973974 1.0 0.309780130585 0.352802027953 
1.33133133133 1.0 0.971465007816 0.973803891208 
4.13413413413 1.0 -0.837417761709 -0.830725928057 
8.31831831832 1.0 0.894118814814 0.841642094035 
-6.05605605606 1.0 0.225181436261 0.223504374926 
4.25425425425 1.0 -0.896879023055 -0.888600838017 
-0.03003003003 1.0 -0.0300255167065 -0.0271312222121 
7.53753753754 1.0 0.950347982805 0.949642075975 
6.6966966967 1.0 0.401827232414 0.443345261902 
-1.65165165165 1.0 -0.996732988666 -1.04689698262 
1.13113113113 1.0 0.904894218889 0.90695978799 
8.8988988989 1.0 0.501973484202 0.493153371524 
-0.910910910911 1.0 -0.790062479764 -0.767126600758 
1.19119119119 1.0 0.928811026462 0.931119733015 
5.4954954955 1.0 -0.708725363073 -0.727966590468 
8.41841841842 1.0 0.844890020967 0.794620888287 
2.49249249249 1.0 0.604469813648 0.608088507789 
9.73973973974 1.0 -0.309780130585 -0.219991861659 
-9.75975975976 1.0 0.328751980598 0.373051166259 
-8.91891891892 1.0 -0.484559073218 -0.443903289263 
-7.997997998 1.0 -0.989647555109 -0.966728361695 
0.47047047047 1.0 0.453305691794 0.448421247979 
-0.590590590591 1.0 -0.556851671602 -0.533025130573 
-8.57857857858 1.0 -0.748766641479 -0.70554446988 
-7.77777777778 1.0 -0.997097890944 -0.988843716961 
-0.750750750751 1.0 -0.682187883844 -0.656624243892 
-1.25125125125 1.0 -0.949378423874 -0.949277589573 
-2.39239239239 1.0 -0.681053382124 -0.771833300804 
-7.03703703704 1.0 -0.684451964588 -0.711446203906 
8.83883883884 1.0 0.552982096013 0.536697732872 
9.31931931932 1.0 0.105263273301 0.154800854695 
-7.5975975976 1.0 -0.967313252172 -0.971494868543 
-9.61961961962 1.0 0.193611192318 0.230914615415 
4.01401401401 1.0 -0.765888052358 -0.761012670776 
6.03603603604 1.0 -0.244640851113 -0.248850213127 
-9.2992992993 1.0 -0.125149645879 -0.0909295218157 
9.05905905906 1.0 0.357620745349 0.370519928679 
-1.07107107107 1.0 -0.877714248189 -0.862559823932 
-2.99299299299 1.0 -0.148053371305 -0.123021479339 
2.83283283283 1.0 0.303877337824 0.309532716556 
8.01801801802 1.0 0.986576173517 0.941830296877 
6.53653653654 1.0 0.250649611665 0.28424507373 
2.65265265265 1.0 0.469690351946 0.474706284728 
3.31331331331 1.0 -0.170877953796 -0.168357273083 
-9.37937937938 1.0 -0.0453829883483 -0.0116218363259 
-8.83883883884 1.0 -0.552982096013 -0.511066571948 
5.43543543544 1.0 -0.749793457774 -0.767988024117 
5.77577577578 1.0 -0.485914794209 -0.503095790874 
-5.05505505506 1.0 0.941862214566 0.924003425663 
-2.85285285285 1.0 -0.284744420138 -0.294229625844 
5.6956956957 1.0 -0.554273288059 -0.57331850396 
-5.87587587588 1.0 0.396140311588 0.394066442059 
7.93793793794 1.0 0.996477739177 0.957050052654 
2.75275275275 1.0 0.379115173303 0.38463298881 
-4.69469469469 1.0 0.999843460211 1.00349592865 
-6.7967967968 1.0 -0.491325964149 -0.515869662482 
8.4984984985 1.0 0.799390133963 0.752641711065 
6.43643643644 1.0 0.152651959622 0.179396764748 
7.73773773774 1.0 0.993251282848 0.971478466182 
-5.45545545546 1.0 0.736397402892 0.723017055709 
0.730730730731 1.0 0.667413978747 0.665058042342 
6.51651651652 1.0 0.231219739195 0.26354033034 
-4.67467467467 1.0 0.999288899866 1.00500134013 
4.23423423423 1.0 -0.887845512006 -0.87980012708 
6.07607607608 1.0 -0.205631771434 -0.207058747159 
0.610610610611 1.0 0.573367839051 0.569536398746 
5.61561561562 1.0 -0.61907922661 -0.638939973565 
-2.27227227227 1.0 -0.763890524376 -0.861464566272 
3.19319319319 1.0 -0.0515776439174 -0.0479459429798 
-7.47747747748 1.0 -0.929955638285 -0.941727741848 
-5.31531531532 1.0 0.823679750423 0.806546691669 
9.81981981982 1.0 -0.384846824231 -0.29305242023 
-2.53253253253 1.0 -0.572096837274 -0.646561371343 
-3.85385385385 1.0 0.653546911213 0.769002612888 
-4.41441441441 1.0 0.955933085822 0.995224473678 
-2.47247247247 1.0 -0.620296125676 -0.702835671563 
-8.13813813814 1.0 -0.959898466376 -0.929114526386 
-2.01201201201 1.0 -0.904233186475 -0.995228621196 
3.23323323323 1.0 -0.0915123672906 -0.0882566299176 
1.75175175175 1.0 0.983672194447 0.983657794714 
-2.05205205205 1.0 -0.886414355831 -0.980090578596 
4.17417417417 1.0 -0.858625146533 -0.851360779465 
0.31031031031 1.0 0.305354140677 0.300760648796 
1.29129129129 1.0 0.961192106815 0.963594876499 
-0.950950950951 1.0 -0.813968289004 -0.792476913189 
-5.35535535536 1.0 0.800320725902 0.784107305046 
-9.21921921922 1.0 -0.204114170152 -0.168917535359 
-8.07807807808 1.0 -0.974995298193 -0.947392016343 
-6.11611611612 1.0 0.166293065952 0.163914964168 
2.93293293293 1.0 0.207148878373 0.212632302821 
7.71771771772 1.0 0.990730428893 0.970974160707 
2.85285285285 1.0 0.284744420138 0.29039568938 
7.63763763764 1.0 0.976688773762 0.96526703618 
-0.43043043043 1.0 -0.417262010319 -0.398284968482 
3.95395395395 1.0 -0.725913266541 -0.721920661738 
7.8978978979 1.0 0.999035835857 0.962690333103 
7.85785785786 1.0 0.999992487454 0.966980063492 
4.83483483483 1.0 -0.99251286792 -0.989235443918 
5.53553553554 1.0 -0.679917243139 -0.699595803186 
-9.01901901902 1.0 -0.39471619201 -0.355913907651 
4.03403403403 1.0 -0.778606064409 -0.773427389179 
-4.79479479479 1.0 0.996606561851 0.99129972617 
-6.35635635636 1.0 -0.0731057736575 -0.081863847525 
-3.11311311311 1.0 -0.0284756907485 0.0253236223716 
5.0950950951 1.0 -0.927657483133 -0.934165490563 
6.05605605606 1.0 -0.225181436261 -0.228020041964 
-3.81381381381 1.0 0.622725447279 0.741079582634 
3.57357357357 1.0 -0.41867057176 -0.41755118531 
7.51751751752 1.0 0.943927941216 0.945363130013 
-8.73873873874 1.0 -0.633477463068 -0.59046243692 
-7.97797797798 1.0 -0.992322298019 -0.970643376602 
-0.23023023023 1.0 -0.228201684929 -0.217397772888 
-7.33733733734 1.0 -0.869481672757 -0.888631820126 
-2.35235235235 1.0 -0.709818357066 -0.803605857336 
6.55655655656 1.0 0.269979026825 0.304794058374 
-0.730730730731 1.0 -0.667413978747 -0.641850880129 
-1.33133133133 1.0 -0.971465007816 -0.979984188956 
-2.41241241241 1.0 -0.666258547712 -0.755255148323 
9.2992992993 1.0 0.125149645879 0.171981298771 
6.93693693694 1.0 0.608168751487 0.651844507772 
3.47347347347 1.0 -0.325821789448 -0.324427179143 
1.57157157157 1.0 0.999999699498 1.00111687644 
5.97597597598 1.0 -0.302399804444 -0.310446741122 
6.65665665666 1.0 0.36484968073 0.40481130575 
8.03803803804 1.0 0.983109384216 0.937225670892 
8.33833833834 1.0 0.884974675839 0.832742573591 
6.75675675676 1.0 0.456067581459 0.499316315664 
-2.23223223223 1.0 -0.789111039566 -0.887484506681 
-4.23423423423 1.0 0.887845512006 0.954756861143 
-0.11011011011 1.0 -0.109887744787 -0.104017919833 
5.51551551552 1.0 -0.694460468753 -0.713947765597 
2.99299299299 1.0 0.148053371305 0.15326181785 
-3.23323323323 1.0 0.0915123672906 0.171000455444 
10.0 1.0 -0.544021110889 -0.457428677673 
-9.07907907908 1.0 -0.338854295004 -0.30121244341 
2.13213213213 1.0 0.846544793956 0.84666909988 
3.93393393393 1.0 -0.711999223182 -0.708286985822 
-3.27327327327 1.0 0.131300397197 0.218331548283 
-5.95595595596 1.0 0.32142063693 0.31998365282 
1.47147147147 1.0 0.995071340501 0.996824263001 
-7.4974974975 1.0 -0.93712958481 -0.947703269653 
-3.17317317317 1.0 0.0315752704827 0.098730717114 
-5.27527527528 1.0 0.845718424022 0.827831787286 
9.93993993994 1.0 -0.492675811867 -0.402721595044 
5.25525525526 1.0 -0.856231505045 -0.869069244145 
0.35035035035 1.0 0.343226895963 0.338380571663 
6.2962962963 1.0 0.0131106134944 0.0288981556683 
-3.95395395395 1.0 0.725913266541 0.83172915551 
-8.71871871872 1.0 -0.648840196822 -0.605685164532 
1.09109109109 1.0 0.887131000257 0.888955826649 
4.97497497497 1.0 -0.965721938658 -0.967401084634 
7.23723723724 1.0 0.81576576016 0.844208185402 
-3.63363363363 1.0 0.472425730458 0.595613476731 
-8.4984984985 1.0 -0.799390133963 -0.756941332669 
-8.41841841842 1.0 -0.844890020967 -0.803865749935 
-6.03603603604 1.0 0.244640851113 0.243105412467 
7.997997998 1.0 0.989647555109 0.946118683578 
-7.31731731732 1.0 -0.859418901282 -0.879455321952 
-2.31231231231 1.0 -0.737445499834 -0.833495456091 
3.35335335335 1.0 -0.210181594637 -0.20799973819 
-5.15515515516 1.0 0.903569980268 0.884697333359 
8.13813813814 1.0 0.959898466376 0.909588264334 
-1.53153153153 1.0 -0.999229236959 -1.03301892318 
-0.990990990991 1.0 -0.836569314705 -0.816854303583 
1.05105105105 1.0 0.867945718946 0.869469015244 
-9.25925925926 1.0 -0.164763965562 -0.130109418628 
9.23923923924 1.0 0.184476035731 0.222996370457 
5.57557557558 1.0 -0.650019222236 -0.66990864082 
2.89289289289 1.0 0.246143932464 0.251741074272 
-4.43443443443 1.0 0.961618700226 0.997967537319 
-4.59459459459 1.0 0.993070259711 1.00785765421 
-9.71971971972 1.0 0.290684124469 0.332526606633 
1.39139139139 1.0 0.983950052752 0.986098752299 
0.890890890891 1.0 0.777632176518 0.777434451681 
-8.97897897898 1.0 -0.431178912314 -0.391612265705 
-6.87687687688 1.0 -0.559424700424 -0.585573939219 
-9.95995995996 1.0 0.509997599178 0.573152719456 
9.75975975976 1.0 -0.328751980598 -0.238240209975 
2.33233233233 1.0 0.723776968945 0.725679073587 
2.31231231231 1.0 0.737445499834 0.73913787235 
8.27827827828 1.0 0.911328515751 0.858657645858 
-2.73273273273 1.0 -0.397563478837 -0.434867144641 
9.5995995996 1.0 -0.173932497848 -0.0928709632545 
8.21821821822 1.0 0.934395989648 0.882165520249 
-7.83783783784 1.0 -0.999869691753 -0.987449636172 
-7.05705705706 1.0 -0.698909584547 -0.725765599837 
2.95295295295 1.0 0.187522900919 0.192928060119 
-5.85585585586 1.0 0.41444188151 0.412099583406 
-3.55355355355 1.0 0.400406942668 0.520927782387 
5.2952952953 1.0 -0.834866389361 -0.849121141196 
-3.29329329329 1.0 0.151119458915 0.24169649094 
-4.45445445445 1.0 0.966918909573 1.00036998627 
-0.530530530531 1.0 -0.505991015532 -0.483695559828 
-7.95795795796 1.0 -0.994599330244 -0.974185051173 
4.31431431431 1.0 -0.921809046742 -0.912938128429 
0.850850850851 1.0 0.75184168035 0.751120668927 
4.77477477477 1.0 -0.998054637396 -0.993024563963 
-8.33833833834 1.0 -0.884974675839 -0.846049237677 
3.91391391391 1.0 -0.69779981921 -0.69435873093 
-2.11211211211 1.0 -0.857031446499 -0.953686033041 
3.55355355355 1.0 -0.400406942668 -0.399265484054 
-3.09309309309 1.0 -0.0484805492288 0.000681541424778 
3.75375375375 1.0 -0.574637462441 -0.572899993079 
9.67967967968 1.0 -0.252150304413 -0.165355140338 
1.63163163163 1.0 0.998150103477 0.998862235195 
1.61161161161 1.0 0.999167171889 1.0000137083 
1.93193193193 1.0 0.935496175869 0.934972112019 
-5.37537537538 1.0 0.788157702332 0.772457274675 
8.77877877878 1.0 0.601996584369 0.578761710295 
8.45845845846 1.0 0.822799547447 0.774098514632 
-4.17417417417 1.0 0.858625146533 0.934732928563 
9.6996996997 1.0 -0.271471615699 -0.183546352809 
7.47747747748 1.0 0.929955638285 0.935637203205 
8.37837837838 1.0 0.865626143701 0.814178919688 
4.09409409409 1.0 -0.81486800406 -0.808774184012 
8.67867867868 1.0 0.678779469621 0.645317297564 
-9.23923923924 1.0 -0.184476035731 -0.149562571658 
5.13513513514 1.0 -0.911965725448 -0.920110469988 
7.95795795796 1.0 0.994599330244 0.953732167731 
-0.650650650651 1.0 -0.605704250039 -0.580786677689 
-1.99199199199 1.0 -0.912600742763 -1.00206388735 
4.61461461461 1.0 -0.995223893414 -0.986911509582 
2.23223223223 1.0 0.789111039566 0.790020649307 
5.21521521522 1.0 -0.87622408965 -0.887556047013 
-1.61161161161 1.0 -0.999167171889 -1.04386532469 
6.17617617618 1.0 -0.106805021793 -0.100677733919 
-7.6976976977 1.0 -0.987812502254 -0.985152390172 
6.4964964965 1.0 0.211697196671 0.24269136719 
-6.57657657658 1.0 -0.289200237681 -0.306495183575 
-7.73773773774 1.0 -0.993251282848 -0.987796302005 
-6.47647647648 1.0 -0.19208980849 -0.205427237808 
-3.79379379379 1.0 0.606937230307 0.726511481968 
3.41341341341 1.0 -0.268485788917 -0.266748852343 
0.15015015015 1.0 0.149586594914 0.14734086853 
2.91291291291 1.0 0.226691833081 0.232239398879 
3.39339339339 1.0 -0.249148316352 -0.247273057463 
-6.65665665666 1.0 -0.36484968073 -0.385133003053 
-1.45145145145 1.0 -0.992886849216 -1.0160791341 
3.71371371371 1.0 -0.541416556108 -0.539944619452 
6.5965965966 1.0 0.308305540605 0.345379451864 
-4.11411411411 1.0 0.826308470068 0.911312737349 
-8.51851851852 1.0 -0.787202470352 -0.744500670673 
-6.25625625626 1.0 0.0269257963344 0.0214261082312 
2.51251251251 1.0 0.588401237484 0.592222947364 
8.25825825826 1.0 0.919387180273 0.866766115289 
-3.15315315315 1.0 0.0115602420643 0.0743656135669 
2.73273273273 1.0 0.397563478837 0.403009082684 
-8.65865865866 1.0 -0.693344009372 -0.649954799654 
8.87887887888 1.0 0.519186710331 0.507826747596 
2.57257257257 1.0 0.53880679503 0.543196536162 
4.11411411411 1.0 -0.826308470068 -0.819913313719 
-7.17717717718 1.0 -0.779578080518 -0.804424697095 
-5.53553553554 1.0 0.679917243139 0.669108038005 
-1.59159159159 1.0 -0.999783786273 -1.04174363763 
-1.75175175175 1.0 -0.983672194447 -1.04716374031 
3.51351351351 1.0 -0.363405633971 -0.362169299056 
-4.13413413413 1.0 0.837417761709 0.91950143243 
8.75875875876 1.0 0.617860839267 0.592437479527 
-9.93993993994 1.0 0.492675811867 0.553399696883 
-6.97697697698 1.0 -0.639456909771 -0.666532801771 
7.65765765766 1.0 0.980790267476 0.96725267416 
-0.31031031031 1.0 -0.305354140677 -0.291164758688 
5.45545545546 1.0 -0.736397402892 -0.754990107738 
-4.97497497497 1.0 0.965721938658 0.950111641683 
-4.65465465465 1.0 0.998333836705 1.00619194719 
-5.91591591592 1.0 0.359068265792 0.357402290073 
9.15915915916 1.0 0.26250641876 0.289663724356 
-7.25725725726 1.0 -0.827180739833 -0.849587496826 
-3.91391391391 1.0 0.69779981921 0.807850538331 
-1.39139139139 1.0 -0.983950052752 -0.999579688248 
-9.81981981982 1.0 0.384846824231 0.433596819523 
-4.51451451451 1.0 0.980486642048 1.00555910873 
-3.45345345345 1.0 0.306830209454 0.419604829309 
6.7967967968 1.0 0.491325964149 0.53530214197 
0.11011011011 1.0 0.109887744787 0.108567432502 
1.87187187187 1.0 0.955018091318 0.954560288635 
9.4994994995 1.0 -0.0746520259067 -0.00312798424917 
-2.07207207207 1.0 -0.876970223046 -0.971783640681 
5.7957957958 1.0 -0.468320967329 -0.484870667298 
-0.890890890891 1.0 -0.777632176518 -0.75409655666 
0.790790790791 1.0 0.710909644644 0.709372551418 
-2.17217217217 1.0 -0.824557973258 -0.922817613691 
-9.77977977978 1.0 0.347592070824 0.393269584219 
-0.550550550551 1.0 -0.523156507537 -0.50030649133 
-6.4964964965 1.0 -0.211697196671 -0.225829789737 
-0.41041041041 1.0 -0.398985690337 -0.380760537896 
-1.35135135135 1.0 -0.97601842181 -0.986851474038 
6.37637637638 1.0 0.0930562402792 0.115232598912 
4.81481481481 1.0 -0.994759058541 -0.990868756159 
8.1981981982 1.0 0.941340119153 0.889448886123 
9.1991991992 1.0 0.223670498102 0.25653449335 
-6.15615615616 1.0 0.126687794244 0.123619750008 
-2.83283283283 1.0 -0.303877337824 -0.318179848082 
0.650650650651 1.0 0.605704250039 0.602325344559 
9.3993993994 1.0 0.0253758371902 0.0852902069185 
-3.61361361361 1.0 0.454687183165 0.577499604628 
-6.55655655656 1.0 -0.269979026825 -0.286492194286 
5.67567567568 1.0 -0.570824460166 -0.59017068001 
5.3953953954 1.0 -0.775678794758 -0.792940912387 
-9.0990990991 1.0 -0.319952035985 -0.282691593249 
-7.91791791792 1.0 -0.997956771974 -0.980137630346 
5.23523523524 1.0 -0.866401418913 -0.878495944563 
-8.37837837838 1.0 -0.865626143701 -0.825566434848 
4.73473473473 1.0 -0.99975034402 -0.993702372967 
-3.13313313313 1.0 -0.00845941955823 0.0498908298447 
-3.87387387387 1.0 0.668567805308 0.782356722562 
2.05205205205 1.0 0.886414355831 0.886118901315 
9.37937937938 1.0 0.0453829883483 0.102779624811 
6.3963963964 1.0 0.112969411094 0.13669702791 
9.63963963964 1.0 -0.213212289782 -0.129050831853 
8.97897897898 1.0 0.431178912314 0.432955998116 
-4.39439439439 1.0 0.949864345085 0.992138151372 
3.01301301301 1.0 0.128225638051 0.133316936053 
3.69369369369 1.0 -0.524477262156 -0.523110981258 
2.21221221221 1.0 0.801249393857 0.801982055458 
-0.17017017017 1.0 -0.169350063744 -0.161061008355 
-3.33333333333 1.0 0.190567962875 0.287753217947 
3.65365365365 1.0 -0.489974935275 -0.488764631274 
-4.71471471471 1.0 0.999997295481 1.00167731034 
1.71171171171 1.0 0.990087845702 0.990293603901 
6.57657657658 1.0 0.289200237681 0.325175913726 
3.67367367367 1.0 -0.507327764109 -0.506048733534 
-3.41341341341 1.0 0.268485788917 0.376803476471 
-7.75775775776 1.0 -0.995374053792 -0.988518829688 
-2.59259259259 1.0 -0.521834495241 -0.586694954882 
9.61961961962 1.0 -0.193611192318 -0.110943811246 
9.07907907908 1.0 0.338854295004 0.354587111944 
-6.13613613614 1.0 0.146519791772 0.143818322166 
-1.13113113113 1.0 -0.904894218889 -0.894038277805 
2.55255255255 1.0 0.555563147622 0.559771384277 
8.81881881882 1.0 0.569550710787 0.550888273903 
-4.63463463463 1.0 0.996978653508 1.00706606497 
9.01901901902 1.0 0.39471619201 0.402003907541 
-4.57457457457 1.0 0.990518615549 1.0077713171 
-0.770770770771 1.0 -0.69668837635 -0.671192997391 
9.41941941942 1.0 0.00535851570584 0.0677317320855 
-6.45645645646 1.0 -0.172405433055 -0.184951915331 
-2.15215215215 1.0 -0.835718856574 -0.933603826423 
3.53353353353 1.0 -0.381982835353 -0.38080220326 
-3.01301301301 1.0 -0.128225638051 -0.0982761462529 
-8.23823823824 1.0 -0.927077365617 -0.891721997544 
9.77977977978 1.0 -0.347592070824 -0.25650169304 
0.990990990991 1.0 0.836569314705 0.837534494659 
3.49349349349 1.0 -0.34468278404 -0.34337487587 
-9.31931931932 1.0 -0.105263273301 -0.0712132535329 
-5.75575575576 1.0 0.503313872361 0.499044545978 
-9.53953953954 1.0 0.114509838728 0.149625062704 
-4.87487487487 1.0 0.986828185163 0.976016883243 
1.81181181181 1.0 0.971096090611 0.970813519058 
1.35135135135 1.0 0.97601842181 0.978305771528 
-6.07607607608 1.0 0.205631771434 0.203766676593 
-5.13513513514 1.0 0.911965725448 0.893148823988 
-1.31131131131 1.0 -0.966522242485 -0.972788190912 
2.15215215215 1.0 0.835718856574 0.835978937101 
-7.57757757758 1.0 -0.96204298189 -0.967548583155 
1.15115115115 1.0 0.91323356617 0.915396021198 
3.09309309309 1.0 0.0484805492288 0.0529966501285 
7.4974974975 1.0 0.93712958481 0.940695334476 
6.27627627628 1.0 -0.00690897593668 0.00725711339709 
-5.8958958959 1.0 0.377679973455 0.375831938969 
-8.75875875876 1.0 -0.617860839267 -0.575014490769 
-1.79179179179 1.0 -0.975679725882 -1.04423863092 
-9.8998998999 1.0 0.45744688336 0.513694469737 
4.79479479479 1.0 -0.996606561851 -0.992131649521 
-5.6956956957 1.0 0.554273288059 0.548450748258 
2.53253253253 1.0 0.572096837274 0.576115401656 
5.37537537538 1.0 -0.788157702332 -0.804890422396 
-0.690690690691 1.0 -0.637069722791 -0.611705389488 
1.11111111111 1.0 0.89619220103 0.898145159062 
-3.47347347347 1.0 0.325821789448 0.440536949877 
4.15415415415 1.0 -0.848191426515 -0.84120928356 
-4.05405405405 1.0 0.791012020637 0.884423734666 
8.93893893894 1.0 0.466950456861 0.463348451792 
6.33633633634 1.0 0.0531260071326 0.0721360346866 
-6.27627627628 1.0 0.00690897593668 0.000815288550563 
-1.95195195195 1.0 -0.928235370545 -1.01427959814 
7.77777777778 1.0 0.997097890944 0.971399925067 
-5.77577577578 1.0 0.485914794209 0.482102840666 
8.05805805806 1.0 0.979248576653 0.93230848019 
1.21121121121 1.0 0.936042896216 0.938401029456 
2.67267267267 1.0 0.451923110669 0.457066564584 
-3.71371371371 1.0 0.541416556108 0.664221814147 
-1.81181181181 1.0 -0.971096090611 -1.0421068554 
0.39039039039 1.0 0.380549461752 0.375575462114 
5.55555555556 1.0 -0.665101514979 -0.684914684846 
-2.09209209209 1.0 -0.867174611281 -0.962982534577 
9.27927927928 1.0 0.144985860003 0.189076250275 
1.49149149149 1.0 0.996857019318 0.998491848337 
5.15515515516 1.0 -0.903569980268 -0.912526448142 
-3.51351351351 1.0 0.363405633971 0.481416797517 
7.83783783784 1.0 0.999869691753 0.968609936185 
3.25325325325 1.0 -0.111428711879 -0.108360758498 
-2.63263263263 1.0 -0.487269347053 -0.544939879037 
-4.55455455455 1.0 0.987569983594 1.00736087467 
3.07307307307 1.0 0.0684659772958 0.073140057077 
7.6976976977 1.0 0.987812502254 0.970103601685 
4.59459459459 1.0 -0.993070259711 -0.984499419366 
-10.0 1.0 0.544021110889 0.612440872307 
-9.87987987988 1.0 0.439553861488 0.493749978273 
-3.65365365365 1.0 0.489974935275 0.613346871903 
-1.73173173173 1.0 -0.987077824457 -1.04796665804 
-0.0700700700701 1.0 -0.0700127456343 -0.0656729578663 
-5.97597597598 1.0 0.302399804444 0.301008328019 
3.87387387387 1.0 -0.668567805308 -0.665636403405 
0.670670670671 1.0 0.62151153354 0.618376111794 
7.1971971972 1.0 0.791959659904 0.823459106608 
-8.2982982983 1.0 -0.902904601864 -0.865282464427 
7.87787787788 1.0 0.99971449835 0.965005736847 
0.930930930931 1.0 0.802176135594 0.802472968113 
-5.0950950951 1.0 0.927657483133 0.90916739282 
-6.83683683684 1.0 -0.525796755923 -0.551231566287 
2.47247247247 1.0 0.620296125676 0.623706693224 
-1.93193193193 1.0 -0.935496175869 -1.01966595653 
-7.0970970971 1.0 -0.726978798959 -0.753389689278 
7.31731731732 1.0 0.859418901282 0.881001488026 
-5.43543543544 1.0 0.749793457774 0.735800314112 
-0.830830830831 1.0 -0.738491823944 -0.713633820197 
-2.97297297297 1.0 -0.167821766571 -0.147732179557 
0.29029029029 1.0 0.286230381945 0.281812066356 
-6.1961961962 1.0 0.0868794431893 0.0829537767609 
3.85385385385 1.0 -0.653546911213 -0.650851765957 
7.55755755756 1.0 0.956387136503 0.953533821075 
7.43743743744 1.0 0.914492625181 0.924344847595 
7.3973973974 1.0 0.897563688968 0.911477717621 
-6.77677677678 1.0 -0.473791717778 -0.497828569511 
-3.49349349349 1.0 0.34468278404 0.461143899455 
-9.05905905906 1.0 -0.357620745349 -0.319593237659 
0.23023023023 1.0 0.228201684929 0.22451003287 
8.3983983984 1.0 0.855429505195 0.804522321295 
2.81281281281 1.0 0.322888465175 0.328532505474 
6.47647647648 1.0 0.19208980849 0.221709877047 
