-9.85985985986 1.0 0.421484671785 -0.394687545327 
6.35635635636 1.0 0.0731057736575 -1.04881420089 
-2.81281281281 1.0 -0.322888465175 -0.836769299085 
-2.95295295295 1.0 -0.187522900919 -0.775186645101 
1.89189189189 1.0 0.948890220341 -1.09679820911 
4.67467467467 1.0 -0.999288899866 -1.02831834485 
-6.3963963964 1.0 -0.112969411094 -0.461112118327 
-5.4954954955 1.0 0.708725363073 -0.478263937944 
-8.7987987988 1.0 -0.585891056576 -0.415526508874 
-9.55955955956 1.0 0.13437389375 -0.400552451288 
-8.53853853854 1.0 -0.774699305584 -0.420651454006 
-6.53653653654 1.0 -0.250649611665 -0.458579429057 
7.33733733734 1.0 0.869481672757 -1.06492879606 
6.83683683684 1.0 0.525796755923 -1.05624449004 
1.45145145145 1.0 0.992886849216 -1.20175187359 
-7.71771771772 1.0 -0.990730428893 -0.436625223569 
1.65165165165 1.0 0.996732988666 -1.14330212163 
-0.0900900900901 1.0 -0.0899682743046 -2.48525612711 
1.23123123123 1.0 0.942899611382 -1.29474070093 
3.59359359359 1.0 -0.436766402789 -1.02324029056 
0.870870870871 1.0 0.764890207772 -1.53195259015 
-7.63763763764 1.0 -0.976688773762 -0.43815775422 
0.37037037037 1.0 0.361960713579 -2.03302605283 
9.35935935936 1.0 0.0653719505576 -1.11306799575 
3.13313313313 1.0 0.00845941955822 -1.02630947973 
7.81781781782 1.0 0.999346160464 -1.0743395008 
-1.17117117117 1.0 -0.921206900567 -2.29248799128 
-2.37237237237 1.0 -0.695575258639 -1.10538233643 
-6.33633633634 1.0 -0.0531260071326 -0.462197873113 
8.07807807808 1.0 0.974995298193 -1.07992832213 
-7.81781781782 1.0 -0.999346160464 -0.434701549438 
-4.29429429429 1.0 0.913864194148 -0.522018986084 
-4.77477477477 1.0 0.998054637396 -0.498118333964 
-5.7957957958 1.0 0.468320967329 -0.472192361484 
-8.6986986987 1.0 -0.66394288333 -0.417499082444 
8.23823823824 1.0 0.927077365617 -1.08355037831 
-0.13013013013 1.0 -0.1297631736 -2.51373540678 
0.13013013013 1.0 0.1297631736 -2.29035316177 
-8.61861861862 1.0 -0.721633711464 -0.419075986064 
-7.07707707708 1.0 -0.713087090062 -0.448704493486 
8.91891891892 1.0 0.484559073218 -1.10058266615 
2.29229229229 1.0 0.750818471552 -1.05467090737 
-8.87887887888 1.0 -0.519186710331 -0.413947744732 
8.95895895896 1.0 0.449154692451 -1.10166959593 
-0.19019019019 1.0 -0.189045659132 -2.55163362204 
-4.33433433433 1.0 0.929384449502 -0.519440891113 
-0.39039039039 1.0 -0.380549461752 -2.63199350377 
-4.53453453453 1.0 0.984225545624 -0.508350652657 
4.47447447447 1.0 -0.971831589603 -1.02659282406 
-8.15815815816 1.0 -0.9540939133 -0.428103369835 
4.19419419419 1.0 -0.868714740054 -1.02464624278 
4.91491491491 1.0 -0.979561626072 -1.03067049833 
-5.5955955956 1.0 0.634676409709 -0.476166695686 
-9.03903903904 1.0 -0.376243865658 -0.410789856813 
-1.05105105105 1.0 -0.867945718946 -2.39799465274 
-0.870870870871 1.0 -0.764890207772 -2.52765030785 
5.11511511512 1.0 -0.919995965877 -1.03281731378 
-8.55855855856 1.0 -0.761885650774 -0.420257742539 
2.27227227227 1.0 0.763890524376 -1.05608193138 
3.15315315315 1.0 -0.0115602420643 -1.02606708958 
3.99399399399 1.0 -0.752863081707 -1.02368619634 
-8.3983983984 1.0 -0.855429505195 -0.423403908659 
-4.89489489489 1.0 0.983391971377 -0.493919914256 
7.11711711712 1.0 0.740579143612 -1.0609773173 
0.830830830831 1.0 0.738491823944 -1.56552028551 
-1.55155155155 1.0 -0.999814825028 -1.90036751835 
0.03003003003 1.0 0.0300255167065 -2.38606092065 
8.73873873874 1.0 0.633477463068 -1.09580980955 
-8.8988988989 1.0 -0.501973484202 -0.413553002857 
-9.51951951952 1.0 0.094599889559 -0.40133731058 
-9.41941941942 1.0 -0.00535851570584 -0.403301883918 
-6.23623623624 1.0 0.046931825201 -0.464011180127 
3.77377377377 1.0 -0.590905760288 -1.02316082339 
-6.8968968969 1.0 -0.575905704393 -0.452024137883 
-4.83483483483 1.0 0.99251286792 -0.495955215011 
0.21021021021 1.0 0.208665487323 -2.2075761163 
-1.77177177177 1.0 -0.979872320608 -1.66217993412 
-8.67867867868 1.0 -0.678779469621 -0.417893422158 
0.970970970971 1.0 0.825434213842 -1.45439040513 
-1.71171171171 1.0 -0.990087845702 -1.72652088433 
-0.49049049049 1.0 -0.471058607419 -2.64412334699 
6.01601601602 1.0 -0.264002216892 -1.04400114267 
-8.77877877878 1.0 -0.601996584369 -0.415921120969 
7.7977977978 1.0 0.998422103411 -1.07392440032 
-0.670670670671 1.0 -0.62151153354 -2.61926269017 
0.950950950951 1.0 0.813968289004 -1.46917005338 
-8.11811811812 1.0 -0.965318303844 -0.428883668711 
-9.57957957958 1.0 0.154184093352 -0.400160246629 
7.25725725726 1.0 0.827180739833 -1.06346703321 
-4.75475475475 1.0 0.999102704803 -0.498870170084 
-2.77277277277 1.0 -0.360514923027 -0.856314375185 
3.17317317317 1.0 -0.0315752704827 -1.02583646414 
-2.49249249249 1.0 -0.604469813648 -1.01995507031 
-3.31331331331 1.0 0.170877953796 -0.658548741912 
-3.77377377377 1.0 0.590905760288 -0.571954256367 
-5.73573573574 1.0 0.520511228445 -0.473359416928 
-3.89389389389 1.0 0.683320745574 -0.55707856314 
-5.33533533534 1.0 0.812162990678 -0.48183521707 
-9.45945945946 1.0 0.034674546587 -0.402515660555 
-5.41541541542 1.0 0.762889004574 -0.480011961158 
-7.67767767768 1.0 -0.984498672401 -0.437392224308 
-3.93393393393 1.0 0.711999223182 -0.552646634508 
-9.17917917918 1.0 -0.243137181641 -0.408028098203 
9.71971971972 1.0 -0.290684124469 -1.12414751286 
-7.8978978979 1.0 -0.999035835857 -0.433156611663 
1.51151151151 1.0 0.998243169988 -1.18193337779 
-8.27827827828 1.0 -0.911328515751 -0.425757127389 
6.87687687688 1.0 0.559424700424 -1.05690138768 
4.45445445445 1.0 -0.966918909573 -1.02643414587 
-0.01001001001 1.0 -0.0100098428432 -2.42124850138 
-1.11111111111 1.0 -0.89619220103 -2.34686001904 
-3.99399399399 1.0 0.752863081707 -0.546442589247 
-4.09409409409 1.0 0.81486800406 -0.537176495738 
0.0500500500501 1.0 0.0500291567086 -2.36775294309 
7.15715715716 1.0 0.766884055736 -1.06167995994 
-2.93293293293 1.0 -0.207148878373 -0.783361207254 
-6.93693693694 1.0 -0.608168751487 -0.451289258673 
7.57757757758 1.0 0.96204298189 -1.06949288497 
4.33433433433 1.0 -0.929384449502 -1.02554219169 
-6.21621621622 1.0 0.066919044364 -0.46437475146 
8.57857857858 1.0 0.748766641479 -1.09172860871 
8.0980980981 1.0 0.970351253498 -1.08037333589 
1.53153153153 1.0 0.999229236959 -1.17578817906 
8.998998999 1.0 0.413030320922 -1.10276612321 
6.41641641642 1.0 0.132837305145 -1.04970010742 
-6.61661661662 1.0 -0.327287278425 -0.45712992831 
7.67767767768 1.0 0.984498672401 -1.07147696028 
6.996996997 1.0 0.654719669029 -1.0589099431 
5.05505505506 1.0 -0.941862214566 -1.03215760608 
-3.03303303303 1.0 -0.108346513523 -0.74443686352 
-5.63563563564 1.0 0.603233924101 -0.475350932386 
-6.6966966967 1.0 -0.401827232414 -0.455677099331 
-8.43843843844 1.0 -0.834011915114 -0.422618183713 
-0.33033033033 1.0 -0.32435551719 -2.61563374655 
-7.01701701702 1.0 -0.669720024621 -0.449814725386 
5.87587587588 1.0 -0.396140311588 -1.0421153707 
-5.57557557558 1.0 0.650019222236 -0.476579230746 
-4.49449449449 1.0 0.976354771373 -0.510353226337 
0.570570570571 1.0 0.540112324789 -1.81549725028 
8.11811811812 1.0 0.965318303844 -1.08082054731 
9.25925925926 1.0 0.164763965562 -1.11012810767 
-5.01501501502 1.0 0.954557149695 -0.490182547216 
-4.01401401401 1.0 0.765888052358 -0.544486193975 
-4.31431431431 1.0 0.921809046742 -0.520713138744 
9.83983983984 1.0 -0.403246556161 -1.12801147585 
1.77177177177 1.0 0.979872320608 -1.11737535573 
-3.83383383383 1.0 0.63826408348 -0.564205914207 
4.41441441441 1.0 -0.955933085822 -1.02612512042 
-6.63663663664 1.0 -0.346137843492 -0.456767078017 
-8.5985985986 1.0 -0.735347535638 -0.419470002558 
-0.810810810811 1.0 -0.724845989014 -2.56154345789 
-2.33233233233 1.0 -0.723776968945 -1.13595765886 
3.37337337337 1.0 -0.229710988177 -1.02411281292 
4.69469469469 1.0 -0.999843460211 -1.0285035772 
5.01501501502 1.0 -0.954557149695 -1.0317250283 
-6.996996997 1.0 -0.654719669029 -0.450183969068 
2.39239239239 1.0 0.681053382124 -1.04839074195 
-3.53353353353 1.0 0.381982835353 -0.610310510934 
-4.73473473473 1.0 0.99975034402 -0.499638311594 
-6.81681681682 1.0 -0.508663293061 -0.453489388453 
-1.69169169169 1.0 -0.992701051804 -1.74812590465 
5.03503503504 1.0 -0.948399735659 -1.03194057702 
3.03303303303 1.0 0.108346513523 -1.02771012401 
-4.61461461461 1.0 0.995223893414 -0.504622681136 
5.75575575576 1.0 -0.503313872361 -1.04054131386 
-3.97397397397 1.0 0.739536372707 -0.548453698867 
1.67167167167 1.0 0.994916395419 -1.1385600927 
-7.45745745746 1.0 -0.922408976872 -0.441583480228 
5.07507507508 1.0 -0.934947206573 -1.03237608882 
6.13613613614 1.0 -0.146519791772 -1.04566106802 
-7.15715715716 1.0 -0.766884055736 -0.447218238469 
6.97697697698 1.0 0.639456909771 -1.05857116941 
3.89389389389 1.0 -0.683320745574 -1.02337109088 
-4.25425425425 1.0 0.896879023055 -0.524735796012 
7.27727727728 1.0 0.838264195546 -1.06382976402 
1.69169169169 1.0 0.992701051804 -1.13399402964 
9.0990990991 1.0 0.319952035985 -1.10554950434 
-4.91491491491 1.0 0.979561626072 -0.493267632867 
-3.69369369369 1.0 0.524477262156 -0.583346536711 
-1.57157157157 1.0 -0.999999699498 -1.87859778417 
3.11311311311 1.0 0.0284756907485 -1.02656396871 
9.51951951952 1.0 -0.094599889559 -1.11789672736 
-3.57357357357 1.0 0.41867057176 -0.602998802068 
-1.15115115115 1.0 -0.91323356617 -2.31094491815 
-4.15415415415 1.0 0.848191426515 -0.532194565225 
-7.1971971972 1.0 -0.791959659904 -0.446472528514 
5.995995996 1.0 -0.2832577738 -1.04372843924 
8.35835835836 1.0 0.875475849797 -1.08636110752 
0.01001001001 1.0 0.0100098428432 -2.40390090715 
8.85885885886 1.0 0.536191852752 -1.09897023454 
-5.61561561562 1.0 0.61907922661 -0.475757310972 
1.07107107107 1.0 0.877714248189 -1.38596376246 
-1.47147147147 1.0 -0.995071340501 -1.98703451829 
1.99199199199 1.0 0.912600742763 -1.08297834653 
9.43943943944 1.0 -0.0146609534063 -1.11546317902 
-6.5965965966 1.0 -0.308305540605 -0.457492569354 
-7.7977977978 1.0 -0.998422103411 -0.43508696887 
3.33333333333 1.0 -0.190567962875 -1.0243791568 
-0.850850850851 1.0 -0.75184168035 -2.53951670669 
6.73673673674 1.0 0.438160658811 -1.05462893835 
-1.23123123123 1.0 -0.942899611382 -2.2353117025 
2.61261261261 1.0 0.504653050544 -1.03822701281 
-7.3973973974 1.0 -0.897563688968 -0.442718097337 
-0.510510510511 1.0 -0.488622728493 -2.64428590433 
1.55155155155 1.0 0.999814825028 -1.16986247799 
-9.5995995996 1.0 0.173932497848 -0.399768197546 
-9.35935935936 1.0 -0.0653719505576 -0.404482115172 
8.51851851852 1.0 0.787202470352 -1.09023691037 
2.59259259259 1.0 0.521834495241 -1.03898127191 
6.67667667668 1.0 0.38341529066 -1.05367742983 
2.03203203203 1.0 0.895503224543 -1.07816863814 
7.01701701702 1.0 0.669720024621 -1.05925035072 
1.59159159159 1.0 0.999783786273 -1.15864367682 
-8.81881881882 1.0 -0.569550710787 -0.415131859548 
7.75775775776 1.0 0.995374053792 -1.07310040331 
6.63663663664 1.0 0.346137843492 -1.05305031796 
-4.07407407407 1.0 0.803100948886 -0.538929566029 
-2.79279279279 1.0 -0.341770182763 -0.84642911 
-7.55755755756 1.0 -0.956387136503 -0.439684253297 
-7.35735735736 1.0 -0.879195966573 -0.443472409614 
-5.21521521522 1.0 0.87622408965 -0.484741432744 
5.83583583584 1.0 -0.432577348176 -1.04158638711 
-9.13913913914 1.0 -0.281770446506 -0.40881692649 
4.85485485485 1.0 -0.989868890237 -1.03005748668 
-2.61261261261 1.0 -0.504653050544 -0.943870458306 
0.810810810811 1.0 0.724845989014 -1.58283732666 
-1.49149149149 1.0 -0.996857019318 -1.96545694146 
-3.25325325325 1.0 0.111428711879 -0.674393530552 
-3.59359359359 1.0 0.436766402789 -0.599491942402 
8.47847847848 1.0 0.811257411747 -1.08925409289 
-1.91191191191 1.0 -0.942382045726 -1.51615399616 
9.53953953954 1.0 -0.114509838728 -1.1185110946 
-0.45045045045 1.0 -0.435371096772 -2.64154198434 
-2.29229229229 1.0 -0.750818471552 -1.16757798318 
-3.19319319319 1.0 0.0515776439174 -0.691552819487 
-7.37737737738 1.0 -0.888557889358 -0.443095465054 
6.15615615616 1.0 -0.126687794244 -1.04594174002 
-8.0980980981 1.0 -0.970351253498 -0.429273456233 
1.43143143143 1.0 0.99030442098 -1.20884123047 
-8.93893893894 1.0 -0.466950456861 -0.412763496948 
-2.87287287287 1.0 -0.265497380359 -0.809110192304 
-0.47047047047 1.0 -0.453305691794 -2.64320984358 
-5.3953953954 1.0 0.775678794758 -0.480460221053 
1.01101101101 1.0 0.84736912878 -1.42593014116 
0.630630630631 1.0 0.589654207656 -1.75349221713 
8.55855855856 1.0 0.761885650774 -1.09122904005 
-5.03503503504 1.0 0.948399735659 -0.489597939664 
0.41041041041 1.0 0.398985690337 -1.98879771032 
4.29429429429 1.0 -0.913864194148 -1.02526936368 
8.63863863864 1.0 0.707630665292 -1.09324138298 
8.71871871872 1.0 0.648840196822 -1.09529139314 
-3.07307307307 1.0 -0.0684659772958 -0.730181397057 
-5.65565565566 1.0 0.587146852786 -0.474947420583 
-6.0960960961 1.0 0.185999691898 -0.466566406171 
-8.25825825826 1.0 -0.919387180273 -0.426148688491 
2.87287287287 1.0 0.265497380359 -1.03070567057 
-9.4994994995 1.0 0.0746520259067 -0.401729956734 
-2.51251251251 1.0 -0.588401237484 -1.00663211879 
7.03703703704 1.0 0.684451964588 -1.05959240426 
-2.21221221221 1.0 -0.801249393857 -1.23391038495 
1.17117117117 1.0 0.921206900567 -1.32641866677 
2.07207207207 1.0 0.876970223046 -1.0737241297 
1.03103103103 1.0 0.857829327634 -1.41224694521 
-8.01801801802 1.0 -0.986576173517 -0.43083005065 
-9.33933933934 1.0 -0.0853347124856 -0.40487574644 
3.43343343343 1.0 -0.28771565565 -1.02377926704 
3.05305305305 1.0 0.0884239650333 -1.02740359399 
1.27127127127 1.0 0.955476737061 -1.27522001107 
-3.05305305305 1.0 -0.0884239650333 -0.737218805802 
-0.37037037037 1.0 -0.361960713579 -2.62729480657 
0.590590590591 1.0 0.556851671602 -1.79459317948 
4.35435435435 1.0 -0.936587366299 -1.02568336808 
5.27527527528 1.0 -0.845718424022 -1.03463572526 
0.510510510511 1.0 0.488622728493 -1.87941852714 
6.23623623624 1.0 -0.046931825201 -1.04707620079 
-1.67167167167 1.0 -0.994916395419 -1.76979105387 
-6.31631631632 1.0 -0.0331249483513 -0.462560064054 
0.33033033033 1.0 0.32435551719 -2.07723192208 
-4.85485485485 1.0 0.989868890237 -0.495263237442 
8.2982982983 1.0 0.902904601864 -1.08494554178 
2.77277277277 1.0 0.360514923027 -1.03314966256 
-1.01101101101 1.0 -0.84736912878 -2.43007139818 
-4.27427427427 1.0 0.905553075921 -0.523359504708 
-0.610610610611 1.0 -0.573367839051 -2.63401946388 
-8.03803803804 1.0 -0.983109384216 -0.430441297574 
-4.99499499499 1.0 0.960331988856 -0.490777435013 
-6.73673673674 1.0 -0.438160658811 -0.454949100881 
7.37737737738 1.0 0.888557889358 -1.06567063062 
-1.29129129129 1.0 -0.961192106815 -2.17576026544 
-2.03203203203 1.0 -0.895503224543 -1.3974381278 
3.45345345345 1.0 -0.306830209454 -1.02368486545 
-8.05805805806 1.0 -0.979248576653 -0.430052276766 
4.87487487487 1.0 -0.986828185163 -1.03026010291 
3.63363363363 1.0 -0.472425730458 -1.02317784372 
-4.47447447447 1.0 0.971831589603 -0.511391892634 
-7.93793793794 1.0 -0.996477739177 -0.432382265575 
4.93493493493 1.0 -0.975338684403 -1.03087820773 
-7.41741741742 1.0 -0.906209755988 -0.442340308849 
-5.23523523524 1.0 0.866401418913 -0.484240984567 
-9.67967967968 1.0 0.252150304413 -0.398201639137 
-8.45845845846 1.0 -0.822799547447 -0.422225101776 
5.41541541542 1.0 -0.762889004574 -1.03629167994 
-9.43943943944 1.0 0.0146609534063 -0.4029087095 
2.19219219219 1.0 0.813066617154 -1.06231641017 
-2.55255255255 1.0 -0.555563147622 -0.980761606154 
-2.65265265265 1.0 -0.469690351946 -0.920530138562 
5.91591591592 1.0 -0.359068265792 -1.04264868449 
4.49449449449 1.0 -0.976354771373 -1.02675419707 
-9.1991991992 1.0 -0.223670498102 -0.407633777953 
8.7987987988 1.0 0.585891056576 -1.09737930574 
0.25025025025 1.0 0.247646422081 -2.1647272103 
-0.25025025025 1.0 -0.247646422081 -2.58338658453 
-2.89289289289 1.0 -0.246143932464 -0.800319507607 
-4.21421421421 1.0 0.878456163293 -0.527600255425 
-7.11711711712 1.0 -0.740579143612 -0.447962223066 
2.11211211211 1.0 0.857031446499 -1.06961735812 
6.45645645646 1.0 0.172405433055 -1.05029716292 
0.690690690691 1.0 0.637069722791 -1.69383101704 
-1.37137137137 1.0 -0.980180659514 -2.09339278729 
1.37137137137 1.0 0.980180659514 -1.23165301906 
3.81381381381 1.0 -0.622725447279 -1.02320927342 
9.87987987988 1.0 -0.439553861488 -1.12931820045 
0.27027027027 1.0 0.266991905564 -2.14303622067 
7.2972972973 1.0 0.849011685183 -1.06419429382 
8.5985985986 1.0 0.735347535638 -1.09223051923 
-6.75675675676 1.0 -0.456067581459 -0.454584655596 
-6.85685685686 1.0 -0.542719485852 -0.452757493498 
8.6986986987 1.0 0.66394288333 -1.09477534581 
7.13713713714 1.0 0.753882673169 -1.06132777989 
3.29329329329 1.0 -0.151119458915 -1.02468271959 
1.85185185185 1.0 0.960763202681 -1.10313084257 
-7.21721721722 1.0 -0.804023831509 -0.446099024666 
5.71571571572 1.0 -0.537499969971 -1.04002519405 
6.71671671672 1.0 0.42007812671 -1.05431030757 
-5.25525525526 1.0 0.856231505045 -0.483747309233 
-7.85785785786 1.0 -0.999992487454 -0.433929721429 
4.57457457457 1.0 -0.990518615549 -1.02742545675 
2.97297297297 1.0 0.167821766571 -1.02871550168 
-6.37637637638 1.0 -0.0930562402792 -0.461473934556 
-9.3993993994 1.0 -0.0253758371902 -0.403695179346 
-5.995995996 1.0 0.2832577738 -0.468412185171 
-9.63963963964 1.0 0.213212289782 -0.39898458262 
-2.69269269269 1.0 -0.433974744115 -0.898171474297 
-0.15015015015 1.0 -0.149586594914 -2.52702740417 
-2.67267267267 1.0 -0.451923110669 -0.909229348985 
4.39439439439 1.0 -0.949864345085 -1.02597489965 
6.1961961962 1.0 -0.0868794431893 -1.04650659872 
-8.35835835836 1.0 -0.875475849797 -0.424189007266 
-1.03103103103 1.0 -0.857829327634 -2.41424503476 
-2.25225225225 1.0 -0.776656419186 -1.20023371298 
0.43043043043 1.0 0.417262010319 -1.96673832207 
-8.998998999 1.0 -0.413030320922 -0.411579264578 
2.17217217217 1.0 0.824557973258 -1.06403494722 
-8.31831831832 1.0 -0.894118814814 -0.424973430048 
-8.95895895896 1.0 -0.449154692451 -0.412368743871 
-2.43243243243 1.0 -0.651196684992 -1.06148847147 
2.09209209209 1.0 0.867174611281 -1.0716301696 
4.95495495495 1.0 -0.970724838874 -1.03108754696 
1.41141141141 1.0 0.987325090799 -1.21618338052 
-3.67367367367 1.0 0.507327764109 -0.586398562028 
2.41241241241 1.0 0.666258547712 -1.04727585299 
2.71271271271 1.0 0.415852445773 -1.03486884636 
-9.47947947948 1.0 0.054674242632 -0.402122741506 
-4.03403403403 1.0 0.778606064409 -0.542582920435 
6.91691691692 1.0 0.592155892373 -1.0575645313 
6.77677677678 1.0 0.473791717778 -1.05527064344 
-0.21021021021 1.0 -0.208665487323 -2.56291837565 
0.49049049049 1.0 0.471058607419 -1.90106584063 
7.35735735736 1.0 0.879195966573 -1.06529879117 
0.45045045045 1.0 0.435371096772 -1.94474780674 
4.63463463463 1.0 -0.996978653508 -1.02795438535 
-5.17517517518 1.0 0.894812095251 -0.485763739203 
-4.37437437437 1.0 0.943414910292 -0.516993053757 
9.85985985986 1.0 -0.421484671785 -1.12866367205 
4.53453453453 1.0 -0.984225545624 -1.02708478887 
-2.71271271271 1.0 -0.415852445773 -0.887353859673 
-2.75275275275 1.0 -0.379115173303 -0.866428231593 
-5.2952952953 1.0 0.834866389361 -0.482779236891 
7.5975975976 1.0 0.967313252172 -1.06988573303 
-2.57257257257 1.0 -0.53880679503 -0.968211047271 
8.15815815816 1.0 0.9540939133 -1.08172159306 
7.91791791792 1.0 0.997956771974 -1.07644638841 
-4.93493493493 1.0 0.975338684403 -0.492627671131 
-4.19419419419 1.0 0.868714740054 -0.529090781581 
4.89489489489 1.0 -0.983391971377 -1.03046445195 
1.95195195195 1.0 0.928235370545 -1.08818265159 
-1.09109109109 1.0 -0.887131000257 -2.36428605788 
6.61661661662 1.0 0.327287278425 -1.05273889472 
7.97797797798 1.0 0.992322298019 -1.07773594745 
9.57957957958 1.0 -0.154184093352 -1.11974698924 
5.85585585586 1.0 -0.41444188151 -1.04185033942 
-5.83583583584 1.0 0.432577348176 -0.471424060812 
0.17017017017 1.0 0.169350063744 -2.24952642999 
0.0700700700701 1.0 0.0700127456343 -2.34900210512 
-0.970970970971 1.0 -0.825434213842 -2.46038813359 
3.61361361361 1.0 -0.454687183165 -1.02320568447 
-1.85185185185 1.0 -0.960763202681 -1.57789618047 
-9.83983983984 1.0 0.403246556161 -0.395077209838 
2.35235235235 1.0 0.709818357066 -1.05075597249 
2.25225225225 1.0 0.776656419186 -1.05754962471 
-8.1981981982 1.0 -0.941340119153 -0.427322146958 
5.31531531532 1.0 -0.823679750423 -1.03510293607 
4.43443443443 1.0 -0.961618700226 -1.02627822379 
-7.13713713714 1.0 -0.753882673169 -0.447590445883 
-4.35435435435 1.0 0.936587366299 -0.518201200766 
-4.81481481481 1.0 0.994759058541 -0.496661384564 
-5.67567567568 1.0 0.570824460166 -0.474546640948 
9.03903903904 1.0 0.376243865658 -1.10387226011 
-6.67667667668 1.0 -0.38341529066 -0.456040679816 
5.17517517518 1.0 -0.894812095251 -1.03348944591 
-9.65965965966 1.0 0.232727934358 -0.398593024934 
-1.63163163163 1.0 -0.998150103477 -1.81325442694 
-3.37337337337 1.0 0.229710988177 -0.643930335091 
9.33933933934 1.0 0.0853347124856 -1.1124752063 
-7.51751751752 1.0 -0.943927941216 -0.440445153638 
4.55455455455 1.0 -0.987569983594 -1.02725389153 
-5.07507507508 1.0 0.934947206573 -0.488458091372 
4.21421421421 1.0 -0.878456163293 -1.02476382989 
5.35535535536 1.0 -0.800320725902 -1.03557493339 
7.05705705706 1.0 0.698909584547 -1.05993611574 
9.11911911912 1.0 0.30092154409 -1.10611339972 
6.25625625626 1.0 -0.0269257963344 -1.04736280286 
-6.2962962963 1.0 -0.0131106134944 -0.462922451105 
7.21721721722 1.0 0.804023831509 -1.06274692254 
-2.91291291291 1.0 -0.226691833081 -0.791737665328 
5.63563563564 1.0 -0.603233924101 -1.0390057721 
5.8958958959 1.0 -0.377679973455 -1.04238148443 
-5.55555555556 1.0 0.665101514979 -0.476995065395 
-5.81581581582 1.0 0.450539443112 -0.471807306456 
5.33533533534 1.0 -0.812162990678 -1.03533834323 
5.5955955956 1.0 -0.634676409709 -1.03850248929 
-5.93593593594 1.0 0.340312647942 -0.469531664899 
-9.6996996997 1.0 0.271471615699 -0.397810429206 
-7.61761761762 1.0 -0.972195835089 -0.438539955797 
-3.39339339339 1.0 0.249148316352 -0.639315306667 
3.79379379379 1.0 -0.606937230307 -1.02318224906 
1.83183183183 1.0 0.96612325186 -1.10648735874 
-3.73373373373 1.0 0.558138856901 -0.57749169137 
5.1951951952 1.0 -0.885695580449 -1.03371614775 
-8.47847847848 1.0 -0.811257411747 -0.421831881722 
5.65565565566 1.0 -0.587146852786 -1.03925902342 
-7.27727727728 1.0 -0.838264195546 -0.444975916983 
-2.45245245245 1.0 -0.635873830576 -1.04738236585 
-6.91691691692 1.0 -0.592155892373 -0.451656892275 
-9.97997997998 1.0 0.527114985665 -0.392354090516 
-9.7997997998 1.0 0.366292850383 -0.395857154024 
8.17817817818 1.0 0.947906971008 -1.08217544201 
4.05405405405 1.0 -0.791012020637 -1.02393061077 
-7.87787787788 1.0 -0.99971449835 -0.433543323949 
9.91991991992 1.0 -0.475156566095 -1.13063423575 
1.25125125125 1.0 0.949378423874 -1.2848244915 
-1.87187187187 1.0 -0.955018091318 -1.55716018077 
1.73173173173 1.0 0.987077824457 -1.12536674056 
-9.15915915916 1.0 -0.26250641876 -0.408422482713 
-5.47547547548 1.0 0.722706208904 -0.478694569353 
-2.13213213213 1.0 -0.846544793956 -1.30424295514 
9.7997997998 1.0 -0.366292850383 -1.12671409758 
-1.89189189189 1.0 -0.948890220341 -1.5365765803 
-1.41141141141 1.0 -0.987325090799 -2.05121336213 
4.99499499499 1.0 -0.960331988856 -1.03151098767 
-1.19119119119 1.0 -0.928811026462 -2.27371951344 
-2.19219219219 1.0 -0.813066617154 -1.25112566388 
4.27427427427 1.0 -0.905553075921 -1.02513785453 
-6.51651651652 1.0 -0.231219739195 -0.458941430424 
-7.65765765766 1.0 -0.980790267476 -0.437775175511 
1.79179179179 1.0 0.975679725882 -1.11360464581 
-0.790790790791 1.0 -0.710909644644 -2.571674939 
-0.710710710711 1.0 -0.65237258226 -2.60600032199 
9.47947947948 1.0 -0.054674242632 -1.11667516482 
5.47547547548 1.0 -0.722706208904 -1.0370186682 
-7.23723723724 1.0 -0.81576576016 -0.445725087945 
-1.43143143143 1.0 -0.99030442098 -2.02992709127 
-7.43743743744 1.0 -0.914492625181 -0.441962102203 
9.21921921922 1.0 0.204114170152 -1.10896900423 
1.31131131131 1.0 0.966522242485 -1.25692141632 
7.61761761762 1.0 0.972195835089 -1.07028055443 
0.19019019019 1.0 0.189045659132 -2.22867769496 
7.41741741742 1.0 0.906209755988 -1.06641988713 
9.65965965966 1.0 -0.232727934358 -1.12224734476 
3.27327327327 1.0 -0.131300397197 -1.02484904491 
-0.630630630631 1.0 -0.589654207656 -2.62979941648 
6.21621621622 1.0 -0.066919044364 -1.04679080243 
1.97197197197 1.0 0.920602539794 -1.08552925987 
0.550550550551 1.0 0.523156507537 -1.83661490462 
0.0900900900901 1.0 0.0899682743046 -2.32983419574 
3.83383383383 1.0 -0.63826408348 -1.02324178133 
2.79279279279 1.0 0.341770182763 -1.03262071317 
-1.27127127127 1.0 -0.955476737061 -2.19584840578 
4.07407407407 1.0 -0.803100948886 -1.02402074015 
0.770770770771 1.0 0.69668837635 -1.6185127481 
4.75475475475 1.0 -0.999102704803 -1.02907171985 
-8.63863863864 1.0 -0.707630665292 -0.418681879873 
-5.1951951952 1.0 0.885695580449 -0.485248924454 
4.71471471471 1.0 -0.999997295481 -1.02869091437 
-0.35035035035 1.0 -0.343226895963 -2.62184051004 
-9.27927927928 1.0 -0.144985860003 -0.40605723801 
-9.91991991992 1.0 0.475156566095 -0.393519825533 
-1.51151151151 1.0 -0.998243169988 -1.94381068549 
-6.01601601602 1.0 0.264002216892 -0.468041212816 
8.53853853854 1.0 0.774699305584 -1.0907318088 
-1.21121121121 1.0 -0.936042896216 -2.25465544937 
-6.43643643644 1.0 -0.152651959622 -0.460388631576 
-6.17617617618 1.0 0.106805021793 -0.465103155978 
2.63263263263 1.0 0.487269347053 -1.03750168783 
-0.27027027027 1.0 -0.266991905564 -2.59254789255 
9.8998998999 1.0 -0.45744688336 -1.12997505657 
-0.930930930931 1.0 -0.802176135594 -2.48881776907 
-6.41641641642 1.0 -0.132837305145 -0.46075036088 
-3.43343343343 1.0 0.28771565565 -0.630453534118 
5.73573573574 1.0 -0.520511228445 -1.04028272009 
2.37237237237 1.0 0.695575258639 -1.04955017551 
8.65865865866 1.0 0.693344009372 -1.09375034441 
-1.83183183183 1.0 -0.96612325186 -1.59877561922 
8.43843843844 1.0 0.834011915114 -1.0882805481 
4.51451451451 1.0 -0.980486642048 -1.02691820491 
-3.35335335335 1.0 0.210181594637 -0.64867217844 
-7.53753753754 1.0 -0.950347982805 -0.440064902607 
-8.85885885886 1.0 -0.536191852752 -0.414342471857 
2.69269269269 1.0 0.433974744115 -1.03548876134 
9.45945945946 1.0 -0.034674546587 -1.11606797384 
0.750750750751 1.0 0.682187883844 -1.6368584088 
9.17917917918 1.0 0.243137181641 -1.10781953589 
-5.11511511512 1.0 0.919995965877 -0.487355054424 
7.0970970971 1.0 0.726978798959 -1.06062856033 
3.73373373373 1.0 -0.558138856901 -1.02313524147 
0.710710710711 1.0 0.65237258226 -1.67452677235 
7.17717717718 1.0 0.779578080518 -1.06203386924 
-5.51551551552 1.0 0.694460468753 -0.477837256486 
9.13913913914 1.0 0.281770446506 -1.10667970318 
6.31631631632 1.0 0.0331249483513 -1.04822992528 
5.81581581582 1.0 -0.450539443112 -1.04132351076 
9.95995995996 1.0 -0.509997599178 -1.13195954422 
-0.0500500500501 1.0 -0.0500291567086 -2.4543729563 
-8.21821821822 1.0 -0.934395989648 -0.426931204486 
-6.71671671672 1.0 -0.42007812671 -0.455313244378 
-3.21321321321 1.0 0.0715593456609 -0.685681435959 
5.95595595596 1.0 -0.32142063693 -1.04318636106 
6.8968968969 1.0 0.575905704393 -1.0572321727 
-5.71571571572 1.0 0.537499969971 -0.473752762536 
-8.17817817818 1.0 -0.947906971008 -0.427712870806 
-0.570570570571 1.0 -0.540112324789 -2.64031630226 
-6.95695695696 1.0 -0.623937863975 -0.450921230714 
2.45245245245 1.0 0.635873830576 -1.04517280456 
-3.75375375375 1.0 0.574637462441 -0.574684388117 
-9.11911911912 1.0 -0.30092154409 -0.409211424501 
6.95695695696 1.0 0.623937863975 -1.05823401758 
7.07707707708 1.0 0.713087090062 -1.06028149711 
4.37437437437 1.0 -0.943414910292 -1.02582762669 
1.91191191191 1.0 0.942382045726 -1.09381294632 
3.97397397397 1.0 -0.739536372707 -1.02361369206 
7.45745745746 1.0 0.922408976872 -1.06717665412 
9.97997997998 1.0 -0.527114985665 -1.13262566367 
0.530530530531 1.0 0.505991015532 -1.85792827927 
2.01201201201 1.0 0.904233186475 -1.08052605115 
6.85685685686 1.0 0.542719485852 -1.05657216415 
-7.2972972973 1.0 -0.849011685183 -0.444600684065 
-4.95495495495 1.0 0.970724838874 -0.491999595643 
-0.29029029029 1.0 -0.286230381945 -2.60098130212 
2.43243243243 1.0 0.651196684992 -1.04620376451 
-1.97197197197 1.0 -0.920602539794 -1.45593327383 
4.65465465465 1.0 -0.998333836705 -1.0281352647 
6.81681681682 1.0 0.508663293061 -1.05591835326 
6.0960960961 1.0 -0.185999691898 -1.04510319798 
3.21321321321 1.0 -0.0715593456609 -1.02540923949 
5.93593593594 1.0 -0.340312647942 -1.04291697514 
8.61861861862 1.0 0.721633711464 -1.09273477593 
6.11611611612 1.0 -0.166293065952 -1.04538155663 
9.55955955956 1.0 -0.13437389375 -1.11912784939 
0.910910910911 1.0 0.790062479764 -1.49983018428 
-9.73973973974 1.0 0.309780130585 -0.39702855266 
1.33133133133 1.0 0.971465007816 -1.24821455036 
4.13413413413 1.0 -0.837417761709 -1.02431584912 
8.31831831832 1.0 0.894118814814 -1.08541512177 
-6.05605605606 1.0 0.225181436261 -0.467302124215 
4.25425425425 1.0 -0.896879023055 -1.02500971252 
-0.03003003003 1.0 -0.0300255167065 -2.43808009906 
7.53753753754 1.0 0.950347982805 -1.06871306761 
6.6966966967 1.0 0.401827232414 -1.05399314204 
-1.65165165165 1.0 -0.996732988666 -1.79150457207 
1.13113113113 1.0 0.904894218889 -1.34920011505 
8.8988988989 1.0 0.501973484202 -1.10004279589 
-0.910910910911 1.0 -0.790062479764 -2.50228565901 
1.19119119119 1.0 0.928811026462 -1.31553210043 
5.4954954955 1.0 -0.708725363073 -1.03726323127 
8.41841841842 1.0 0.844890020967 -1.08779724001 
2.49249249249 1.0 0.604469813648 -1.0432279286 
9.73973973974 1.0 -0.309780130585 -1.12478562771 
-9.75975975976 1.0 0.328751980598 -0.396637893804 
-8.91891891892 1.0 -0.484559073218 -0.413158251764 
-7.997997998 1.0 -0.989647555109 -0.431218529966 
0.47047047047 1.0 0.453305691794 -1.92284948 
-0.590590590591 1.0 -0.556851671602 -2.63752796377 
-8.57857857858 1.0 -0.748766641479 -0.419863923382 
-7.77777777778 1.0 -0.997097890944 -0.435472051313 
-0.750750750751 1.0 -0.682187883844 -2.59010433572 
-1.25125125125 1.0 -0.949378423874 -2.21570410456 
-2.39239239239 1.0 -0.681053382124 -1.09048828404 
-7.03703703704 1.0 -0.684451964588 -0.449445067317 
8.83883883884 1.0 0.552982096013 -1.09843753897 
9.31931931932 1.0 0.105263273301 -1.11188482184 
-7.5975975976 1.0 -0.967313252172 -0.43892177573 
-9.61961961962 1.0 0.193611192318 -0.399376308177 
4.01401401401 1.0 -0.765888052358 -1.02376324693 
6.03603603604 1.0 -0.244640851113 -1.04427496368 
-9.2992992993 1.0 -0.125149645879 -0.405663312547 
9.05905905906 1.0 0.357620745349 -1.10442893533 
-1.07107107107 1.0 -0.877714248189 -2.38133630062 
-2.99299299299 1.0 -0.148053371305 -0.759429140564 
2.83283283283 1.0 0.303877337824 -1.03162442622 
8.01801801802 1.0 0.986576173517 -1.07860639008 
6.53653653654 1.0 0.250649611665 -1.05150714744 
2.65265265265 1.0 0.469690351946 -1.03680421779 
3.31331331331 1.0 -0.170877953796 -1.0245261707 
-9.37937937938 1.0 -0.0453829883483 -0.404088591279 
-8.83883883884 1.0 -0.552982096013 -0.414737178663 
5.43543543544 1.0 -0.749793457774 -1.03653288422 
5.77577577578 1.0 -0.485914794209 -1.04080097603 
-5.05505505506 1.0 0.941862214566 -0.489023241025 
-2.85285285285 1.0 -0.284744420138 -0.818113141333 
5.6956956957 1.0 -0.554273288059 -1.03976873559 
-5.87587587588 1.0 0.396140311588 -0.470662609372 
7.93793793794 1.0 0.996477739177 -1.07687410525 
2.75275275275 1.0 0.379115173303 -1.03370013823 
-4.69469469469 1.0 0.999843460211 -0.501225804789 
-6.7967967968 1.0 -0.491325964149 -0.453854810673 
8.4984984985 1.0 0.799390133963 -1.08974434002 
6.43643643644 1.0 0.152651959622 -1.04999798292 
7.73773773774 1.0 0.993251282848 -1.07269148801 
-5.45545545546 1.0 0.736397402892 -0.479129327473 
0.730730730731 1.0 0.667413978747 -1.65553266204 
6.51651651652 1.0 0.231219739195 -1.05120263939 
-4.67467467467 1.0 0.999288899866 -0.502046347015 
4.23423423423 1.0 -0.887845512006 -1.02488501229 
6.07607607608 1.0 -0.205631771434 -1.04482598444 
0.610610610611 1.0 0.573367839051 -1.7739195533 
5.61561561562 1.0 -0.61907922661 -1.03875359318 
-2.27227227227 1.0 -0.763890524376 -1.18377720933 
3.19319319319 1.0 -0.0515776439174 -1.02561728314 
-7.47747747748 1.0 -0.929955638285 -0.441204445957 
-5.31531531532 1.0 0.823679750423 -0.48230434034 
9.81981981982 1.0 -0.384846824231 -1.12736161627 
-2.53253253253 1.0 -0.572096837274 -0.993568098547 
-3.85385385385 1.0 0.653546911213 -0.561763727085 
-4.41441441441 1.0 0.955933085822 -0.514667472466 
-2.47247247247 1.0 -0.620296125676 -1.03353815555 
-8.13813813814 1.0 -0.959898466376 -0.42849363786 
-2.01201201201 1.0 -0.904233186475 -1.41673337242 
3.23323323323 1.0 -0.0915123672906 -1.02521203857 
1.75175175175 1.0 0.983672194447 -1.12129428842 
-2.05205205205 1.0 -0.886414355831 -1.37835430262 
4.17417417417 1.0 -0.858625146533 -1.02453232983 
0.31031031031 1.0 0.305354140677 -2.09926098673 
1.29129129129 1.0 0.961192106815 -1.26592109091 
-0.950950950951 1.0 -0.813968289004 -2.47484672301 
-5.35535535536 1.0 0.800320725902 -0.481371636814 
-9.21921921922 1.0 -0.204114170152 -0.407239526916 
-8.07807807808 1.0 -0.974995298193 -0.429662994289 
-6.11611611612 1.0 0.166293065952 -0.466199656278 
2.93293293293 1.0 0.207148878373 -1.02946184159 
7.71771771772 1.0 0.990730428893 -1.07228461551 
2.85285285285 1.0 0.284744420138 -1.03115568769 
7.63763763764 1.0 0.976688773762 -1.07067735938 
-0.43043043043 1.0 -0.417262010319 -2.63911736716 
3.95395395395 1.0 -0.725913266541 -1.02354583036 
7.8978978979 1.0 0.999035835857 -1.07602079635 
7.85785785786 1.0 0.999992487454 -1.07517595177 
4.83483483483 1.0 -0.99251286792 -1.02985663987 
5.53553553554 1.0 -0.679917243139 -1.03775566348 
-9.01901901902 1.0 -0.39471619201 -0.411184549095 
4.03403403403 1.0 -0.778606064409 -1.02384474933 
-4.79479479479 1.0 0.996606561851 -0.497382250819 
-6.35635635636 1.0 -0.0731057736575 -0.461835841637 
-3.11311311311 1.0 -0.0284756907485 -0.716634346691 
5.0950950951 1.0 -0.927657483133 -1.03259599959 
6.05605605606 1.0 -0.225181436261 -1.04454990869 
-3.81381381381 1.0 0.622725447279 -0.566717069883 
3.57357357357 1.0 -0.41867057176 -1.02328180899 
7.51751751752 1.0 0.943927941216 -1.06832607744 
-8.73873873874 1.0 -0.633477463068 -0.416710210612 
-7.97797797798 1.0 -0.992322298019 -0.431606729523 
-0.23023023023 1.0 -0.228201684929 -2.57350659377 
-7.33733733734 1.0 -0.869481672757 -0.443848928864 
-2.35235235235 1.0 -0.709818357066 -1.12053895563 
6.55655655656 1.0 0.269979026825 -1.05181301555 
-0.730730730731 1.0 -0.667413978747 -2.59837544508 
-1.33133133133 1.0 -0.971465007816 -2.13494878801 
-2.41241241241 1.0 -0.666258547712 -1.0758570115 
9.2992992993 1.0 0.125149645879 -1.11129684338 
6.93693693694 1.0 0.608168751487 -1.05789847557 
3.47347347347 1.0 -0.325821789448 -1.02359853583 
1.57157157157 1.0 0.999999699498 -1.16414978185 
5.97597597598 1.0 -0.302399804444 -1.04345684729 
6.65665665666 1.0 0.36484968073 -1.05336315907 
8.03803803804 1.0 0.983109384216 -1.07904485704 
8.33833833834 1.0 0.884974675839 -1.08588697498 
6.75675675676 1.0 0.456067581459 -1.05494904631 
-2.23223223223 1.0 -0.789111039566 -1.21694553203 
-4.23423423423 1.0 0.887845512006 -0.52614899189 
-0.11011011011 1.0 -0.109887744787 -2.49980576523 
5.51551551552 1.0 -0.694460468753 -1.03750889854 
2.99299299299 1.0 0.148053371305 -1.02836563355 
-3.23323323323 1.0 0.0915123672906 -0.679962797633 
10.0 1.0 -0.544021110889 -1.1332940865 
-9.07907907908 1.0 -0.338854295004 -0.410000562889 
2.13213213213 1.0 0.846544793956 -1.06768255286 
3.93393393393 1.0 -0.711999223182 -1.0234827093 
-3.27327327327 1.0 0.131300397197 -0.668970294913 
-5.95595595596 1.0 0.32142063693 -0.469157336926 
1.47147147147 1.0 0.995071340501 -1.19490857832 
-7.4974974975 1.0 -0.93712958481 -0.440825002621 
-3.17317317317 1.0 0.0315752704827 -0.697580354046 
-5.27527527528 1.0 0.845718424022 -0.483260144611 
9.93993993994 1.0 -0.492675811867 -1.13129573326 
5.25525525526 1.0 -0.856231505045 -1.034403951 
0.35035035035 1.0 0.343226895963 -2.05514474921 
6.2962962963 1.0 0.0131106134944 -1.04793965553 
-3.95395395395 1.0 0.725913266541 -0.550521155889 
-8.71871871872 1.0 -0.648840196822 -0.417104676651 
1.09109109109 1.0 0.887131000257 -1.37335797721 
4.97497497497 1.0 -0.965721938658 -1.03129848393 
7.23723723724 1.0 0.81576576016 -1.0631060899 
-3.63363363363 1.0 0.472425730458 -0.592763393208 
-8.4984984985 1.0 -0.799390133963 -0.421438529674 
-8.41841841842 1.0 -0.844890020967 -0.423011121392 
-6.03603603604 1.0 0.244640851113 -0.46767121501 
7.997997998 1.0 0.989647555109 -1.07817008959 
-7.31731731732 1.0 -0.859418901282 -0.444225020898 
-2.31231231231 1.0 -0.737445499834 -1.1516376845 
3.35335335335 1.0 -0.210181594637 -1.02424144551 
-5.15515515516 1.0 0.903569980268 -0.486286165568 
8.13813813814 1.0 0.959898466376 -1.08126996391 
-1.53153153153 1.0 -0.999229236959 -1.92210964647 
-0.990990990991 1.0 -0.836569314705 -2.44545774252 
1.05105105105 1.0 0.867945718946 -1.39892570498 
-9.25925925926 1.0 -0.164763965562 -0.406451252093 
9.23923923924 1.0 0.184476035731 -1.10954735169 
5.57557557558 1.0 -0.650019222236 -1.03825246369 
2.89289289289 1.0 0.246143932464 -1.03027375041 
-4.43443443443 1.0 0.961618700226 -0.513548146849 
-4.59459459459 1.0 0.993070259711 -0.505521895831 
-9.71971971972 1.0 0.290684124469 -0.397419399081 
1.39139139139 1.0 0.983950052752 -1.2237850649 
0.890890890891 1.0 0.777632176518 -1.51570937597 
-8.97897897898 1.0 -0.431178912314 -0.411973997952 
-6.87687687688 1.0 -0.559424700424 -0.452391002442 
-9.95995995996 1.0 0.509997599178 -0.392742442532 
9.75975975976 1.0 -0.328751980598 -1.12542609933 
2.33233233233 1.0 0.723776968945 -1.05201002904 
2.31231231231 1.0 0.737445499834 -1.05331432116 
8.27827827828 1.0 0.911328515751 -1.0844782288 
-2.73273273273 1.0 -0.397563478837 -0.876773736566 
9.5995995996 1.0 -0.173932497848 -1.12036851152 
8.21821821822 1.0 0.934395989648 -1.0830898277 
-7.83783783784 1.0 -0.999869691753 -0.434315798453 
-7.05705705706 1.0 -0.698909584547 -0.449074991112 
2.95295295295 1.0 0.187522900919 -1.02908073865 
-5.85585585586 1.0 0.41444188151 -0.471042526606 
-3.55355355355 1.0 0.400406942668 -0.606604120254 
5.2952952953 1.0 -0.834866389361 -1.03486872532 
-3.29329329329 1.0 0.151119458915 -0.663689787163 
-4.45445445445 1.0 0.966918909573 -0.512456580636 
-0.530530530531 1.0 -0.505991015532 -2.64370189489 
-7.95795795796 1.0 -0.994599330244 -0.431994643365 
4.31431431431 1.0 -0.921809046742 -1.0254041667 
0.850850850851 1.0 0.75184168035 -1.54855732744 
4.77477477477 1.0 -0.998054637396 -1.02926509953 
-8.33833833834 1.0 -0.884974675839 -0.424581306234 
3.91391391391 1.0 -0.69779981921 -1.02342442884 
-2.11211211211 1.0 -0.857031446499 -1.3224271242 
3.55355355355 1.0 -0.400406942668 -1.0233303909 
-3.09309309309 1.0 -0.0484805492288 -0.723321089853 
3.75375375375 1.0 -0.574637462441 -1.02314511408 
9.67967967968 1.0 -0.252150304413 -1.12287836791 
1.63163163163 1.0 0.998150103477 -1.14822602819 
1.61161161161 1.0 0.999167171889 -1.15333783629 
1.93193193193 1.0 0.935496175869 -1.09094250869 
-5.37537537538 1.0 0.788157702332 -0.480913376703 
8.77877877878 1.0 0.601996584369 -1.09685376275 
8.45845845846 1.0 0.822799547447 -1.08876616397 
-4.17417417417 1.0 0.858625146533 -0.530621797904 
9.6996996997 1.0 -0.271471615699 -1.12351175841 
7.47747747748 1.0 0.929955638285 -1.06755788138 
8.37837837838 1.0 0.865626143701 -1.08683752535 
4.09409409409 1.0 -0.81486800406 -1.02411504798 
8.67867867868 1.0 0.678779469621 -1.0942616641 
-9.23923923924 1.0 -0.184476035731 -0.406845350006 
5.13513513514 1.0 -0.911965725448 -1.03304000779 
7.95795795796 1.0 0.994599330244 -1.07730395545 
-0.650650650651 1.0 -0.605704250039 -2.62487715509 
-1.99199199199 1.0 -0.912600742763 -1.43623391549 
4.61461461461 1.0 -0.995223893414 -1.02777575663 
2.23223223223 1.0 0.789111039566 -1.05907630944 
5.21521521522 1.0 -0.87622408965 -1.03394414489 
-1.61161161161 1.0 -0.999167171889 -1.83502832238 
6.17617617618 1.0 -0.106805021793 -1.04622358079 
-7.6976976977 1.0 -0.987812502254 -0.43700890537 
6.4964964965 1.0 0.211697196671 -1.05089948009 
-6.57657657658 1.0 -0.289200237681 -0.45785501984 
-7.73773773774 1.0 -0.993251282848 -0.436241183888 
-6.47647647648 1.0 -0.19208980849 -0.459665141703 
-3.79379379379 1.0 0.606937230307 -0.569299174914 
3.41341341341 1.0 -0.268485788917 -1.02388192826 
0.15015015015 1.0 0.149586594914 -2.27009422459 
2.91291291291 1.0 0.226691833081 -1.0298593307 
3.39339339339 1.0 -0.249148316352 -1.02399304323 
-6.65665665666 1.0 -0.36484968073 -0.456404000769 
-1.45145145145 1.0 -0.992886849216 -2.00852932638 
3.71371371371 1.0 -0.541416556108 -1.0231313287 
6.5965965966 1.0 0.308305540605 -1.05242887766 
-4.11411411411 1.0 0.826308470068 -0.53547056689 
-8.51851851852 1.0 -0.787202470352 -0.42104505174 
-6.25625625626 1.0 0.0269257963344 -0.463647968317 
2.51251251251 1.0 0.588401237484 -1.04231100748 
8.25825825826 1.0 0.919387180273 -1.08401317648 
-3.15315315315 1.0 0.0115602420643 -0.703767474853 
2.73273273273 1.0 0.397563478837 -1.03427292547 
-8.65865865866 1.0 -0.693344009372 -0.418287689932 
8.87887887888 1.0 0.519186710331 -1.09950531941 
2.57257257257 1.0 0.53880679503 -1.03976559376 
4.11411411411 1.0 -0.826308470068 -1.02421344641 
-7.17717717718 1.0 -0.779578080518 -0.446845599623 
-5.53553553554 1.0 0.679917243139 -0.477414354056 
-1.59159159159 1.0 -0.999783786273 -1.85681370725 
-1.75175175175 1.0 -0.983672194447 -1.68353685767 
3.51351351351 1.0 -0.363405633971 -1.02344937206 
-4.13413413413 1.0 0.837417761709 -0.533810378374 
8.75875875876 1.0 0.617860839267 -1.09633059836 
-9.93993993994 1.0 0.492675811867 -0.393131022017 
-6.97697697698 1.0 -0.639456909771 -0.450552802598 
7.65765765766 1.0 0.980790267476 -1.07107615799 
-0.31031031031 1.0 -0.305354140677 -2.60867883549 
5.45545545546 1.0 -0.736397402892 -1.03677521653 
-4.97497497497 1.0 0.965721938658 -0.491382986114 
-4.65465465465 1.0 0.998333836705 -0.502885576658 
-5.91591591592 1.0 0.359068265792 -0.469907264744 
9.15915915916 1.0 0.26250641876 -1.10724841514 
-7.25725725726 1.0 -0.827180739833 -0.445350718548 
-3.91391391391 1.0 0.69779981921 -0.554831850747 
-1.39139139139 1.0 -0.983950052752 -2.07237352022 
-9.81981981982 1.0 0.384846824231 -0.395467080625 
-4.51451451451 1.0 0.980486642048 -0.509339749321 
-3.45345345345 1.0 0.306830209454 -0.626200826268 
6.7967967968 1.0 0.491325964149 -1.05559374174 
0.11011011011 1.0 0.109887744787 -2.31027558797 
1.87187187187 1.0 0.955018091318 -1.09990267229 
9.4994994995 1.0 -0.0746520259067 -1.11728475002 
-2.07207207207 1.0 -0.876970223046 -1.35948765561 
5.7957957958 1.0 -0.468320967329 -1.04106170778 
-0.890890890891 1.0 -0.777632176518 -2.5152349327 
0.790790790791 1.0 0.710909644644 -1.60050344714 
-2.17217217217 1.0 -0.824557973258 -1.26858842839 
-9.77977977978 1.0 0.347592070824 -0.396247426331 
-0.550550550551 1.0 -0.523156507537 -2.64237662802 
-6.4964964965 1.0 -0.211697196671 -0.459303326584 
-0.41041041041 1.0 -0.398985690337 -2.63593463374 
-1.35135135135 1.0 -0.97601842181 -2.11425623396 
6.37637637638 1.0 0.0930562402792 -1.04910822697 
4.81481481481 1.0 -0.994759058541 -1.02965760025 
8.1981981982 1.0 0.941340119153 -1.08263151789 
9.1991991992 1.0 0.223670498102 -1.10839306559 
-6.15615615616 1.0 0.126687794244 -0.465468085653 
-2.83283283283 1.0 -0.303877337824 -0.827331733775 
0.650650650651 1.0 0.605704250039 -1.73332599201 
9.3993993994 1.0 0.0253758371902 -1.11426078504 
-3.61361361361 1.0 0.454687183165 -0.59608097738 
-6.55655655656 1.0 -0.269979026825 -0.458217299484 
5.67567567568 1.0 -0.570824460166 -1.03951334507 
5.3953953954 1.0 -0.775678794758 -1.03605161312 
-9.0990990991 1.0 -0.319952035985 -0.409605971672 
-7.91791791792 1.0 -0.997956771974 -0.432769590282 
5.23523523524 1.0 -0.866401418913 -1.03417341858 
-8.37837837838 1.0 -0.865626143701 -0.423796539344 
4.73473473473 1.0 -0.99975034402 -1.02888031022 
-3.13313313313 1.0 -0.00845941955823 -0.710117643826 
-3.87387387387 1.0 0.668567805308 -0.559388573403 
2.05205205205 1.0 0.886414355831 -1.07590249489 
9.37937937938 1.0 0.0453829883483 -1.11366318909 
6.3963963964 1.0 0.112969411094 -1.04940352565 
9.63963963964 1.0 -0.213212289782 -1.12161869224 
8.97897897898 1.0 0.431178912314 -1.10221665907 
-4.39439439439 1.0 0.949864345085 -0.51581546397 
3.01301301301 1.0 0.128225638051 -1.02803065907 
3.69369369369 1.0 -0.524477262156 -1.0231335018 
2.21221221221 1.0 0.801249393857 -1.06066440086 
-0.17017017017 1.0 -0.169350063744 -2.53966525314 
-3.33333333333 1.0 0.190567962875 -0.653543933675 
3.65365365365 1.0 -0.489974935275 -1.02315662529 
-4.71471471471 1.0 0.999997295481 -0.500423327689 
1.71171171171 1.0 0.990087845702 -1.12959813721 
6.57657657658 1.0 0.289200237681 -1.05212025512 
3.67367367367 1.0 -0.507327764109 -1.02314188988 
-3.41341341341 1.0 0.268485788917 -0.634824041483 
-7.75775775776 1.0 -0.995374053792 -0.435856791409 
-2.59259259259 1.0 -0.521834495241 -0.955914646687 
9.61961961962 1.0 -0.193611192318 -1.12099241348 
9.07907907908 1.0 0.338854295004 -1.10498801645 
-6.13613613614 1.0 0.146519791772 -0.465833567959 
-1.13113113113 1.0 -0.904894218889 -2.32907427881 
2.55255255255 1.0 0.555563147622 -1.04058115852 
8.81881881882 1.0 0.569550710787 -1.09790723023 
-4.63463463463 1.0 0.996978653508 -0.503744134665 
9.01901901902 1.0 0.39471619201 -1.10331798979 
-4.57457457457 1.0 0.990518615549 -0.506442478685 
-0.770770770771 1.0 -0.69668837635 -2.58119976539 
9.41941941942 1.0 0.00535851570584 -1.1148607822 
-6.45645645646 1.0 -0.172405433055 -0.460026901158 
-2.15215215215 1.0 -0.835718856574 -1.28629539964 
3.53353353353 1.0 -0.381982835353 -1.02338619185 
-3.01301301301 1.0 -0.128225638051 -0.7518391235 
-8.23823823824 1.0 -0.927077365617 -0.426540049594 
9.77977977978 1.0 -0.347592070824 -1.12606892392 
0.990990990991 1.0 0.836569314705 -1.43997743265 
3.49349349349 1.0 -0.34468278404 -1.02352009662 
-9.31931931932 1.0 -0.105263273301 -0.405269480454 
-5.75575575576 1.0 0.503313872361 -0.472968309563 
-9.53953953954 1.0 0.114509838728 -0.400944807345 
-4.87487487487 1.0 0.986828185163 -0.494584962195 
1.81181181181 1.0 0.971096090611 -1.10997699198 
1.35135135135 1.0 0.97601842181 -1.23979395633 
-6.07607607608 1.0 0.205631771434 -0.466933875441 
-5.13513513514 1.0 0.911965725448 -0.486816501466 
-1.31131131131 1.0 -0.966522242485 -2.15545524275 
2.15215215215 1.0 0.835718856574 -1.0658227231 
-7.57757757758 1.0 -0.96204298189 -0.439303209642 
1.15115115115 1.0 0.91323356617 -1.33763965855 
3.09309309309 1.0 0.0484805492288 -1.02683090527 
7.4974974975 1.0 0.93712958481 -1.06794101892 
6.27627627628 1.0 -0.00690897593668 -1.04765061795 
-5.8958958959 1.0 0.377679973455 -0.470284218022 
-8.75875875876 1.0 -0.617860839267 -0.416315690128 
-1.79179179179 1.0 -0.975679725882 -1.64092728933 
-9.8998998999 1.0 0.45744688336 -0.393908849605 
4.79479479479 1.0 -0.996606561851 -1.02946040677 
-5.6956956957 1.0 0.554273288059 -0.474148463458 
2.53253253253 1.0 0.572096837274 -1.04142919993 
5.37537537538 1.0 -0.788157702332 -1.03581269394 
-0.690690690691 1.0 -0.637069722791 -2.61296666664 
1.11111111111 1.0 0.89619220103 -1.36110476152 
-3.47347347347 1.0 0.325821789448 -0.62206300748 
4.15415415415 1.0 -0.848191426515 -1.02442217135 
-4.05405405405 1.0 0.791012020637 -0.540731215741 
8.93893893894 1.0 0.466950456861 -1.1011249322 
6.33633633634 1.0 0.0531260071326 -1.04852143706 
-6.27627627628 1.0 0.00690897593668 -0.463285072541 
-1.95195195195 1.0 -0.928235370545 -1.47582460281 
7.77777777778 1.0 0.997097890944 -1.07351137093 
-5.77577577578 1.0 0.485914794209 -0.472579327438 
8.05805805806 1.0 0.979248576653 -1.07948549843 
1.21121121121 1.0 0.936042896216 -1.30497463708 
2.67267267267 1.0 0.451923110669 -1.03613357101 
-3.71371371371 1.0 0.541416556108 -0.580378335142 
-1.81181181181 1.0 -0.971096090611 -1.61978919893 
0.39039039039 1.0 0.380549461752 -2.0109018872 
5.55555555556 1.0 -0.665101514979 -1.03800352025 
-2.09209209209 1.0 -0.867174611281 -1.34084358386 
9.27927927928 1.0 0.144985860003 -1.11071127175 
1.49149149149 1.0 0.996857019318 -1.18830463676 
5.15515515516 1.0 -0.903569980268 -1.03326405904 
-3.51351351351 1.0 0.363405633971 -0.614120638129 
7.83783783784 1.0 0.999869691753 -1.07475668158 
3.25325325325 1.0 -0.111428711879 -1.02502539757 
-2.63263263263 1.0 -0.487269347053 -0.932076375036 
-4.55455455455 1.0 0.987569983594 -0.507385150334 
3.07307307307 1.0 0.0684659772958 -1.02711065357 
7.6976976977 1.0 0.987812502254 -1.07187977617 
4.59459459459 1.0 -0.993070259711 -1.02759942965 
-10.0 1.0 0.544021110889 -0.391965969369 
-9.87987987988 1.0 0.439553861488 -0.39429809072 
-3.65365365365 1.0 0.489974935275 -0.58953672608 
-1.73173173173 1.0 -0.987077824457 -1.70498747202 
-0.0700700700701 1.0 -0.0700127456343 -2.47010524893 
-5.97597597598 1.0 0.302399804444 -0.468784202246 
3.87387387387 1.0 -0.668567805308 -1.0233227993 
0.670670670671 1.0 0.62151153354 -1.71343467051 
7.1971971972 1.0 0.791959659904 -1.06238951954 
-8.2982982983 1.0 -0.902904601864 -0.425365372504 
7.87787787788 1.0 0.99971449835 -1.0755973204 
0.930930930931 1.0 0.802176135594 -1.48431674502 
-5.0950950951 1.0 0.927657483133 -0.487902141861 
-6.83683683684 1.0 -0.525796755923 -0.453123619227 
2.47247247247 1.0 0.620296125676 -1.04418137092 
-1.93193193193 1.0 -0.935496175869 -1.49590069777 
-7.0970970971 1.0 -0.726978798959 -0.448333571605 
7.31731731732 1.0 0.859418901282 -1.06456063405 
-5.43543543544 1.0 0.749793457774 -0.479568395084 
-0.830830830831 1.0 -0.738491823944 -2.55081928421 
-2.97297297297 1.0 -0.167821766571 -0.767210466479 
0.29029029029 1.0 0.286230381945 -2.1212048975 
-6.1961961962 1.0 0.0868794431893 -0.464738727658 
3.85385385385 1.0 -0.653546911213 -1.02327966007 
7.55755755756 1.0 0.956387136503 -1.06910199996 
7.43743743744 1.0 0.914492625181 -1.06679732633 
7.3973973974 1.0 0.897563688968 -1.06604432557 
-6.77677677678 1.0 -0.473791717778 -0.454219896082 
-3.49349349349 1.0 0.34468278404 -0.618037215769 
-9.05905905906 1.0 -0.357620745349 -0.410395193 
0.23023023023 1.0 0.228201684929 -2.18624988657 
8.3983983984 1.0 0.855429505195 -1.08731623428 
2.81281281281 1.0 0.322888465175 -1.03211253991 
6.47647647648 1.0 0.19208980849 -1.0505976583 
