-9.85985985986 1.0 0.421484671785 0.42114076073 
6.35635635636 1.0 0.0731057736575 0.0818207935004 
-2.81281281281 1.0 -0.322888465175 -0.34127722037 
-2.95295295295 1.0 -0.187522900919 -0.169532051987 
1.89189189189 1.0 0.948890220341 0.94764004721 
4.67467467467 1.0 -0.999288899866 -0.99578130045 
-6.3963963964 1.0 -0.112969411094 -0.115539801288 
-5.4954954955 1.0 0.708725363073 0.702974657645 
-8.7987987988 1.0 -0.585891056576 -0.584630853231 
-9.55955955956 1.0 0.13437389375 0.117890404365 
-8.53853853854 1.0 -0.774699305584 -0.766981479038 
-6.53653653654 1.0 -0.250649611665 -0.259525090844 
7.33733733734 1.0 0.869481672757 0.866771927336 
6.83683683684 1.0 0.525796755923 0.553395181305 
1.45145145145 1.0 0.992886849216 0.994004295599 
-7.71771771772 1.0 -0.990730428893 -1.00087837798 
1.65165165165 1.0 0.996732988666 0.996530246465 
-0.0900900900901 1.0 -0.0899682743046 -0.0847665315177 
1.23123123123 1.0 0.942899611382 0.944705572393 
3.59359359359 1.0 -0.436766402789 -0.438220590858 
0.870870870871 1.0 0.764890207772 0.764418072306 
-7.63763763764 1.0 -0.976688773762 -0.990389116124 
0.37037037037 1.0 0.361960713579 0.357814585683 
9.35935935936 1.0 0.0653719505576 0.0774253321079 
3.13313313313 1.0 0.00845941955822 0.0107995284946 
7.81781781782 1.0 0.999346160464 0.941736969604 
-1.17117117117 1.0 -0.921206900567 -0.921858647895 
-2.37237237237 1.0 -0.695575258639 -0.794410325116 
-6.33633633634 1.0 -0.0531260071326 -0.0532923343033 
8.07807807808 1.0 0.974995298193 0.895835121078 
-7.81781781782 1.0 -0.999346160464 -1.00504233646 
-4.29429429429 1.0 0.913864194148 0.977154677065 
-4.77477477477 1.0 0.998054637396 0.999094771016 
-5.7957957958 1.0 0.468320967329 0.472449824861 
-8.6986986987 1.0 -0.66394288333 -0.659639431545 
8.23823823824 1.0 0.927077365617 0.841494205685 
-0.13013013013 1.0 -0.1297631736 -0.123155042146 
0.13013013013 1.0 0.1297631736 0.128646031539 
-8.61861861862 1.0 -0.721633711464 -0.715366728518 
-7.07707707708 1.0 -0.713087090062 -0.739799502855 
8.91891891892 1.0 0.484559073218 0.438326495532 
2.29229229229 1.0 0.750818471552 0.751509686499 
-8.87887887888 1.0 -0.519186710331 -0.520703405083 
8.95895895896 1.0 0.449154692451 0.407902865542 
-0.19019019019 1.0 -0.189045659132 -0.180252058827 
-4.33433433433 1.0 0.929384449502 0.986350374841 
-0.39039039039 1.0 -0.380549461752 -0.364601765269 
-4.53453453453 1.0 0.984225545624 1.011640073 
4.47447447447 1.0 -0.971831589603 -0.965973442589 
-8.15815815816 1.0 -0.9540939133 -0.947873147801 
4.19419419419 1.0 -0.868714740054 -0.864435708883 
4.91491491491 1.0 -0.979561626072 -0.983233510178 
-5.5955955956 1.0 0.634676409709 0.632580961225 
-9.03903903904 1.0 -0.376243865658 -0.383691687178 
-1.05105105105 1.0 -0.867945718946 -0.85872294422 
-0.870870870871 1.0 -0.764890207772 -0.746381166937 
5.11511511512 1.0 -0.919995965877 -0.932037806216 
-8.55855855856 1.0 -0.761885650774 -0.754478517358 
2.27227227227 1.0 0.763890524376 0.764390715156 
3.15315315315 1.0 -0.0115602420643 -0.00943219746206 
3.99399399399 1.0 -0.752863081707 -0.751339866837 
-8.3983983984 1.0 -0.855429505195 -0.846592313024 
-4.89489489489 1.0 0.983391971377 0.976205668482 
7.11711711712 1.0 0.740579143612 0.757438565971 
0.830830830831 1.0 0.738491823944 0.73756469026 
-1.55155155155 1.0 -0.999814825028 -1.04693313911 
0.03003003003 1.0 0.0300255167065 0.0314231405674 
8.73873873874 1.0 0.633477463068 0.567523125292 
-8.8988988989 1.0 -0.501973484202 -0.504216348714 
-9.51951951952 1.0 0.094599889559 0.0775526414138 
-9.41941941942 1.0 -0.00535851570584 -0.0225742544494 
-6.23623623624 1.0 0.046931825201 0.0501156837612 
3.77377377377 1.0 -0.590905760288 -0.591813307953 
-6.8968968969 1.0 -0.575905704393 -0.599448514106 
-4.83483483483 1.0 0.99251286792 0.989005789508 
0.21021021021 1.0 0.208665487323 0.206054391871 
-1.77177177177 1.0 -0.979872320608 -1.05689695528 
-8.67867867868 1.0 -0.678779469621 -0.673941429753 
0.970970970971 1.0 0.825434213842 0.82598311252 
-1.71171171171 1.0 -0.990087845702 -1.05930847374 
-0.49049049049 1.0 -0.471058607419 -0.45222152759 
6.01601601602 1.0 -0.264002216892 -0.278609119715 
-8.77877877878 1.0 -0.601996584369 -0.600083760214 
7.7977977978 1.0 0.998422103411 0.942907392117 
-0.670670670671 1.0 -0.62151153354 -0.600064162345 
0.950950950951 1.0 0.813968289004 0.81433057338 
-8.11811811812 1.0 -0.965318303844 -0.960071334286 
-9.57957957958 1.0 0.154184093352 0.138100983372 
7.25725725726 1.0 0.827180739833 0.832490607279 
-4.75475475475 1.0 0.999102704803 1.00185032599 
-2.77277277277 1.0 -0.360514923027 -0.38886406695 
3.17317317317 1.0 -0.0315752704827 -0.029663668488 
-2.49249249249 1.0 -0.604469813648 -0.689151588026 
-3.31331331331 1.0 0.170877953796 0.271607712796 
-3.77377377377 1.0 0.590905760288 0.71906137818 
-5.73573573574 1.0 0.520511228445 0.523056611427 
-3.89389389389 1.0 0.683320745574 0.80249238887 
-5.33533533534 1.0 0.812162990678 0.801228740407 
-9.45945945946 1.0 0.034674546587 0.0173285446418 
-5.41541541542 1.0 0.762889004574 0.754352750295 
-7.67767767768 1.0 -0.984498672401 -0.996434441502 
-3.93393393393 1.0 0.711999223182 0.827042021927 
-9.17917917918 1.0 -0.243137181641 -0.255431839995 
9.71971971972 1.0 -0.290684124469 -0.245343695407 
-7.8978978979 1.0 -0.999035835857 -1.0013333956 
1.51151151151 1.0 0.998243169988 0.998987599898 
-8.27827827828 1.0 -0.911328515751 -0.903084096848 
6.87687687688 1.0 0.559424700424 0.586592805411 
4.45445445445 1.0 -0.966918909573 -0.961008374044 
-0.01001001001 1.0 -0.0100098428432 -0.00742707462216 
-1.11111111111 1.0 -0.89619220103 -0.891546788033 
-3.99399399399 1.0 0.752863081707 0.860833355508 
-4.09409409409 1.0 0.81486800406 0.909184987797 
0.0500500500501 1.0 0.0500291567086 0.0508703831381 
7.15715715716 1.0 0.766884055736 0.780811886009 
-2.93293293293 1.0 -0.207148878373 -0.194413616398 
-6.93693693694 1.0 -0.608168751487 -0.632737742716 
7.57757757758 1.0 0.96204298189 0.931755607567 
4.33433433433 1.0 -0.929384449502 -0.92375931792 
-6.21621621622 1.0 0.066919044364 0.0706548033005 
8.57857857858 1.0 0.748766641479 0.670211087612 
8.0980980981 1.0 0.970351253498 0.890068787946 
1.53153153153 1.0 0.999229236959 0.999840765838 
8.998998999 1.0 0.413030320922 0.376918204656 
6.41641641642 1.0 0.132837305145 0.145643245072 
-6.61661661662 1.0 -0.327287278425 -0.339906528335 
7.67767767768 1.0 0.984498672401 0.942384735194 
6.996996997 1.0 0.654719669029 0.67836202512 
5.05505505506 1.0 -0.941862214566 -0.951292555332 
-3.03303303303 1.0 -0.108346513523 -0.0695432855482 
-5.63563563564 1.0 0.603233924101 0.602560349874 
-6.6966966967 1.0 -0.401827232414 -0.41805666627 
-8.43843843844 1.0 -0.834011915114 -0.825299758299 
-0.33033033033 1.0 -0.32435551719 -0.310440719135 
-7.01701701702 1.0 -0.669720024621 -0.69580102621 
5.87587587588 1.0 -0.396140311588 -0.417618524051 
-5.57557557558 1.0 0.650019222236 0.647197128458 
-4.49449449449 1.0 0.976354771373 1.00926719565 
0.570570570571 1.0 0.540112324789 0.53643757882 
8.11811811812 1.0 0.965318303844 0.884001625034 
9.25925925926 1.0 0.164763965562 0.163782050353 
-5.01501501502 1.0 0.954557149695 0.942562466933 
-4.01401401401 1.0 0.765888052358 0.871294795744 
-4.31431431431 1.0 0.921809046742 0.981930219748 
9.83983983984 1.0 -0.403246556161 -0.354870347661 
1.77177177177 1.0 0.979872320608 0.978985728127 
-3.83383383383 1.0 0.63826408348 0.762613202674 
4.41441441441 1.0 -0.955933085822 -0.950008029632 
-6.63663663664 1.0 -0.346137843492 -0.359679408838 
-8.5985985986 1.0 -0.735347535638 -0.728666855232 
-0.810810810811 1.0 -0.724845989014 -0.704691713921 
-2.33233233233 1.0 -0.723776968945 -0.825795284886 
3.37337337337 1.0 -0.229710988177 -0.229924952545 
4.69469469469 1.0 -0.999843460211 -0.996760650823 
5.01501501502 1.0 -0.954557149695 -0.962274850385 
-6.996996997 1.0 -0.654719669029 -0.680492952655 
2.39239239239 1.0 0.681053382124 0.682750621872 
-3.53353353353 1.0 0.381982835353 0.508990580176 
-4.73473473473 1.0 0.99975034402 1.00430012366 
-6.81681681682 1.0 -0.508663293061 -0.529670292429 
-1.69169169169 1.0 -0.992701051804 -1.05923268316 
5.03503503504 1.0 -0.948399735659 -0.956969278582 
3.03303303303 1.0 0.108346513523 0.111640762375 
-4.61461461461 1.0 0.995223893414 1.01249619954 
5.75575575576 1.0 -0.503313872361 -0.528421024697 
-3.97397397397 1.0 0.739536372707 0.849971971577 
1.67167167167 1.0 0.994916395419 0.994584876456 
-7.45745745746 1.0 -0.922408976872 -0.943272795062 
5.07507507508 1.0 -0.934947206573 -0.94524487368 
6.13613613614 1.0 -0.146519791772 -0.153492186106 
-7.15715715716 1.0 -0.766884055736 -0.793744945438 
6.97697697698 1.0 0.639456909771 0.663918645262 
3.89389389389 1.0 -0.683320745574 -0.683084257468 
-4.25425425425 1.0 0.896879023055 0.966525310223 
7.27727727728 1.0 0.838264195546 0.841652970162 
1.69169169169 1.0 0.992701051804 0.992245439385 
9.0990990991 1.0 0.319952035985 0.297187400957 
-4.91491491491 1.0 0.979561626072 0.971340762737 
-3.69369369369 1.0 0.524477262156 0.655314343434 
-1.57157157157 1.0 -0.999999699498 -1.04991307315 
3.11311311311 1.0 0.0284756907485 0.0310222843514 
9.51951951952 1.0 -0.094599889559 -0.064291241997 
-3.57357357357 1.0 0.41867057176 0.547840906034 
-1.15115115115 1.0 -0.91323356617 -0.912041535904 
-4.15415415415 1.0 0.848191426515 0.93351951861 
-7.1971971972 1.0 -0.791959659904 -0.818598256646 
5.995995996 1.0 -0.2832577738 -0.298999129244 
8.35835835836 1.0 0.875475849797 0.789119033777 
0.01001001001 1.0 0.0100098428432 0.0119884152366 
8.85885885886 1.0 0.536191852752 0.482847696613 
-5.61561561562 1.0 0.61907922661 0.617701091916 
1.07107107107 1.0 0.877714248189 0.879022029698 
-1.47147147147 1.0 -0.995071340501 -1.03113934738 
1.99199199199 1.0 0.912600742763 0.911382065549 
9.43943943944 1.0 -0.0146609534063 0.00703357167475 
-6.5965965966 1.0 -0.308305540605 -0.319994078451 
-7.7977977978 1.0 -0.998422103411 -1.00499766905 
3.33333333333 1.0 -0.190567962875 -0.190393333965 
-0.850850850851 1.0 -0.75184168035 -0.732706677335 
6.73673673674 1.0 0.438160658811 0.465243679008 
-1.23123123123 1.0 -0.942899611382 -0.949531711656 
2.61261261261 1.0 0.504653050544 0.50832608141 
-7.3973973974 1.0 -0.897563688968 -0.920349490896 
-0.510510510511 1.0 -0.488622728493 -0.469308640317 
1.55155155155 1.0 0.999814825028 1.00029089537 
-9.5995995996 1.0 0.173932497848 0.158332850514 
-9.35935935936 1.0 -0.0653719505576 -0.0819576276166 
8.51851851852 1.0 0.787202470352 0.705364952649 
2.59259259259 1.0 0.521834495241 0.525367627066 
6.67667667668 1.0 0.38341529066 0.409154154158 
2.03203203203 1.0 0.895503224543 0.894389684294 
7.01701701702 1.0 0.669720024621 0.692451893621 
1.59159159159 1.0 0.999783786273 0.999985480395 
-8.81881881882 1.0 -0.569550710787 -0.568961643483 
7.75775775776 1.0 0.995374053792 0.944182560967 
6.63663663664 1.0 0.346137843492 0.370583517353 
-4.07407407407 1.0 0.803100948886 0.900301005129 
-2.79279279279 1.0 -0.341770182763 -0.365177177085 
-7.55755755756 1.0 -0.956387136503 -0.973473284161 
-7.35735735736 1.0 -0.879195966573 -0.903087314439 
-5.21521521522 1.0 0.87622408965 0.862950475567 
5.83583583584 1.0 -0.432577348176 -0.455513301861 
-9.13913913914 1.0 -0.281770446506 -0.292766176521 
4.85485485485 1.0 -0.989868890237 -0.991356635218 
-2.61261261261 1.0 -0.504653050544 -0.568685643644 
0.810810810811 1.0 0.724845989014 0.723686113257 
-1.49149149149 1.0 -0.996857019318 -1.03565785351 
-3.25325325325 1.0 0.111428711879 0.201087574781 
-3.59359359359 1.0 0.436766402789 0.566712178458 
8.47847847848 1.0 0.811257411747 0.727703489936 
-1.91191191191 1.0 -0.942382045726 -1.03524643163 
9.53953953954 1.0 -0.114509838728 -0.082243968734 
-0.45045045045 1.0 -0.435371096772 -0.417597572896 
-2.29229229229 1.0 -0.750818471552 -0.855247309105 
-3.19319319319 1.0 0.0515776439174 0.128766731027 
-7.37737737738 1.0 -0.888557889358 -0.911915219167 
6.15615615616 1.0 -0.126687794244 -0.132280100401 
-8.0980980981 1.0 -0.970351253498 -0.965643455387 
1.43143143143 1.0 0.99030442098 0.991534298739 
-8.93893893894 1.0 -0.466950456861 -0.470669692184 
-2.87287287287 1.0 -0.265497380359 -0.268477536107 
-0.47047047047 1.0 -0.453305691794 -0.434983092364 
-5.3953953954 1.0 0.775678794758 0.766497089358 
1.01101101101 1.0 0.84736912878 0.848258527629 
0.630630630631 1.0 0.589654207656 0.586493105134 
8.55855855856 1.0 0.761885650774 0.682143505517 
-5.03503503504 1.0 0.948399735659 0.935920254299 
0.41041041041 1.0 0.398985690337 0.394744303502 
4.29429429429 1.0 -0.913864194148 -0.908532303856 
8.63863863864 1.0 0.707630665292 0.633171934982 
8.71871871872 1.0 0.648840196822 0.581027342253 
-3.07307307307 1.0 -0.0684659772958 -0.0195361043777 
-5.65565565566 1.0 0.587146852786 0.587161760021 
-6.0960960961 1.0 0.185999691898 0.19208050508 
-8.25825825826 1.0 -0.919387180273 -0.911382634556 
2.87287287287 1.0 0.265497380359 0.269721293494 
-9.4994994995 1.0 0.0746520259067 0.0574353032164 
-2.51251251251 1.0 -0.588401237484 -0.670071585372 
7.03703703704 1.0 0.684451964588 0.706183360742 
-2.21221221221 1.0 -0.801249393857 -0.908220782868 
1.17117117117 1.0 0.921206900567 0.922934772821 
2.07207207207 1.0 0.876970223046 0.876014120963 
1.03103103103 1.0 0.857829327634 0.858871121077 
-8.01801801802 1.0 -0.986576173517 -0.98434682028 
-9.33933933934 1.0 -0.0853347124856 -0.101606194237 
3.43343343343 1.0 -0.28771565565 -0.288438243778 
3.05305305305 1.0 0.0884239650333 0.0915451631973 
1.27127127127 1.0 0.955476737061 0.957264144022 
-3.05305305305 1.0 -0.0884239650333 -0.0445251187071 
-0.37037037037 1.0 -0.361960713579 -0.346671488958 
0.590590590591 1.0 0.556851671602 0.553334084334 
4.35435435435 1.0 -0.936587366299 -0.930849308958 
5.27527527528 1.0 -0.845718424022 -0.864471938006 
0.510510510511 1.0 0.488622728493 0.484578266707 
6.23623623624 1.0 -0.046931825201 -0.0468302219278 
-1.67167167167 1.0 -0.994916395419 -1.05872578439 
-6.31631631632 1.0 -0.0331249483513 -0.0325493499854 
0.33033033033 1.0 0.32435551719 0.320415385504 
-4.85485485485 1.0 0.989868890237 0.985039028374 
8.2982982983 1.0 0.902904601864 0.816488321882 
2.77277277277 1.0 0.360514923027 0.364831750717 
-1.01101101101 1.0 -0.84736912878 -0.835505385952 
-4.27427427427 1.0 0.905553075921 0.972020722462 
-0.610610610611 1.0 -0.573367839051 -0.552329372408 
-8.03803803804 1.0 -0.983109384216 -0.980214707718 
-4.99499499499 1.0 0.960331988856 0.948909890761 
-6.73673673674 1.0 -0.438160658811 -0.456088412277 
7.37737737738 1.0 0.888557889358 0.881539538997 
-1.29129129129 1.0 -0.961192106815 -0.974434488948 
-2.03203203203 1.0 -0.895503224543 -0.997950595707 
3.45345345345 1.0 -0.306830209454 -0.307698122513 
-8.05805805806 1.0 -0.979248576653 -0.975718158444 
4.87487487487 1.0 -0.986828185163 -0.989019481584 
3.63363363363 1.0 -0.472425730458 -0.47388978236 
-4.47447447447 1.0 0.971831589603 1.0075864221 
-7.93793793794 1.0 -0.996477739177 -0.99717545445 
4.93493493493 1.0 -0.975338684403 -0.979784211391 
-7.41741741742 1.0 -0.906209755988 -0.928388244861 
-5.23523523524 1.0 0.866401418913 0.853385440711 
-9.67967967968 1.0 0.252150304413 0.239376999713 
-8.45845845846 1.0 -0.822799547447 -0.814209384768 
5.41541541542 1.0 -0.762889004574 -0.786344714315 
-9.43943943944 1.0 0.0146609534063 -0.00265086622836 
2.19219219219 1.0 0.813066617154 0.812869378823 
-2.55255255255 1.0 -0.555563147622 -0.630680221618 
-2.65265265265 1.0 -0.469690351946 -0.525564272025 
5.91591591592 1.0 -0.359068265792 -0.378852344546 
4.49449449449 1.0 -0.976354771373 -0.970580381567 
-9.1991991992 1.0 -0.223670498102 -0.236578435236 
8.7987987988 1.0 0.585891056576 0.525945754688 
0.25025025025 1.0 0.247646422081 0.244470863058 
-0.25025025025 1.0 -0.247646422081 -0.23663139417 
-2.89289289289 1.0 -0.246143932464 -0.243905218221 
-4.21421421421 1.0 0.878456163293 0.954437879757 
-7.11711711712 1.0 -0.740579143612 -0.767465227847 
2.11211211211 1.0 0.857031446499 0.856282961496 
6.45645645646 1.0 0.172405433055 0.187780364355 
0.690690690691 1.0 0.637069722791 0.63452619287 
-1.37137137137 1.0 -0.980180659514 -1.00309302004 
1.37137137137 1.0 0.980180659514 0.981698919969 
3.81381381381 1.0 -0.622725447279 -0.623312668975 
9.87987987988 1.0 -0.439553861488 -0.391386909964 
0.27027027027 1.0 0.266991905564 0.263579999353 
7.2972972973 1.0 0.849011685183 0.850421134149 
8.5985985986 1.0 0.735347535638 0.658069199741 
-6.75675675676 1.0 -0.456067581459 -0.474808486203 
-6.85685685686 1.0 -0.542719485852 -0.565070420969 
8.6986986987 1.0 0.66394288333 0.594348009615 
7.13713713714 1.0 0.753882673169 0.76931578618 
3.29329329329 1.0 -0.151119458915 -0.150527764708 
1.85185185185 1.0 0.960763202681 0.959589426954 
-7.21721721722 1.0 -0.804023831509 -0.830478549902 
5.71571571572 1.0 -0.537499969971 -0.563311267654 
6.71671671672 1.0 0.42007812671 0.446795655643 
-5.25525525526 1.0 0.856231505045 0.843530774725 
-7.85785785786 1.0 -0.999992487454 -1.00396144561 
4.57457457457 1.0 -0.990518615549 -0.985408067024 
2.97297297297 1.0 0.167821766571 0.171566578753 
-6.37637637638 1.0 -0.0930562402792 -0.0947980872314 
-9.3993993994 1.0 -0.0253758371902 -0.0424365626817 
-5.995995996 1.0 0.2832577738 0.289922311568 
-9.63963963964 1.0 0.213212289782 0.198841130944 
-2.69269269269 1.0 -0.433974744115 -0.481138801765 
-0.15015015015 1.0 -0.149586594914 -0.142257906223 
-2.67267267267 1.0 -0.451923110669 -0.503507223028 
4.39439439439 1.0 -0.949864345085 -0.943974995657 
6.1961961962 1.0 -0.0868794431893 -0.0896516679629 
-8.35835835836 1.0 -0.875475849797 -0.866674347299 
-1.03103103103 1.0 -0.857829327634 -0.847244700737 
-2.25225225225 1.0 -0.776656419186 -0.882731213657 
0.43043043043 1.0 0.417262010319 0.413012378904 
-8.998998999 1.0 -0.413030320922 -0.418991595085 
2.17217217217 1.0 0.824557973258 0.824207369532 
-8.31831831832 1.0 -0.894118814814 -0.885514982821 
-8.95895895896 1.0 -0.449154692451 -0.453619831869 
-2.43243243243 1.0 -0.651196684992 -0.743808679827 
2.09209209209 1.0 0.867174611281 0.866316226338 
4.95495495495 1.0 -0.970724838874 -0.975963791461 
1.41141141141 1.0 0.987325090799 0.988659844839 
-3.67367367367 1.0 0.507327764109 0.638375968917 
2.41241241241 1.0 0.666258547712 0.668159728743 
2.71271271271 1.0 0.415852445773 0.420035796881 
-9.47947947948 1.0 0.054674242632 0.0373589400095 
-4.03403403403 1.0 0.778606064409 0.881358365586 
6.91691691692 1.0 0.592155892373 0.618521172445 
6.77677677678 1.0 0.473791717778 0.501348029906 
-0.21021021021 1.0 -0.208665487323 -0.199132175268 
0.49049049049 1.0 0.471058607419 0.46692944956 
7.35735735736 1.0 0.879195966573 0.874353698305 
0.45045045045 1.0 0.435371096772 0.431138159643 
4.63463463463 1.0 -0.996978653508 -0.992725351091 
-5.17517517518 1.0 0.894812095251 0.881209468343 
-4.37437437437 1.0 0.943414910292 0.994136461019 
9.85985985986 1.0 -0.421484671785 -0.373131461674 
4.53453453453 1.0 -0.984225545624 -0.978716018118 
-2.71271271271 1.0 -0.415852445773 -0.458474292188 
-2.75275275275 1.0 -0.379115173303 -0.41232050193 
-5.2952952953 1.0 0.834866389361 0.822955017325 
7.5975975976 1.0 0.967313252172 0.934639885665 
-2.57257257257 1.0 -0.53880679503 -0.610391041612 
8.15815815816 1.0 0.9540939133 0.870979981169 
7.91791791792 1.0 0.997956771974 0.93068729057 
-4.93493493493 1.0 0.975338684403 0.966178062826 
-4.19419419419 1.0 0.868714740054 0.947839750461 
4.89489489489 1.0 -0.983391971377 -0.986311860569 
1.95195195195 1.0 0.928235370545 0.92696471969 
-1.09109109109 1.0 -0.887131000257 -0.880878487266 
6.61661661662 1.0 0.327287278425 0.350975030235 
7.97797797798 1.0 0.992322298019 0.920022886786 
9.57957957958 1.0 -0.154184093352 -0.118272937706 
5.85585585586 1.0 -0.41444188151 -0.436679191165 
-5.83583583584 1.0 0.432577348176 0.43757477612 
0.17017017017 1.0 0.169350063744 0.167425715015 
0.0700700700701 1.0 0.0700127456343 0.0703233057206 
-0.970970970971 1.0 -0.825434213842 -0.811260965267 
3.61361361361 1.0 -0.454687183165 -0.456155639668 
-1.85185185185 1.0 -0.960763202681 -1.04733726972 
-9.83983983984 1.0 0.403246556161 0.401056550704 
2.35235235235 1.0 0.709818357066 0.711107198435 
2.25225225225 1.0 0.776656419186 0.776971337963 
-8.1981981982 1.0 -0.941340119153 -0.934291250697 
5.31531531532 1.0 -0.823679750423 -0.843934204879 
4.43443443443 1.0 -0.961618700226 -0.955686206584 
-7.13713713714 1.0 -0.753882673169 -0.780780962561 
-4.35435435435 1.0 0.936587366299 0.99041813658 
-4.81481481481 1.0 0.994759058541 0.992671362071 
-5.67567567568 1.0 0.570824460166 0.57150854919 
9.03903903904 1.0 0.376243865658 0.345400818536 
-6.67667667668 1.0 -0.38341529066 -0.398764766052 
5.17517517518 1.0 -0.894812095251 -0.909454681916 
-9.65965965966 1.0 0.232727934358 0.219107981613 
-1.63163163163 1.0 -0.998150103477 -1.05644004881 
-3.37337337337 1.0 0.229710988177 0.339939458817 
9.33933933934 1.0 0.0853347124856 0.0948529119126 
-7.51751751752 1.0 -0.943927941216 -0.962598953022 
4.55455455455 1.0 -0.987569983594 -0.98224291321 
-5.07507507508 1.0 0.934947206573 0.921753390787 
4.21421421421 1.0 -0.878456163293 -0.873936604702 
5.35535535536 1.0 -0.800320725902 -0.821960854915 
7.05705705706 1.0 0.698909584547 0.719551856586 
9.11911911912 1.0 0.30092154409 0.280880284805 
6.25625625626 1.0 -0.0269257963344 -0.0253772581337 
-6.2962962963 1.0 -0.0131106134944 -0.0118268419688 
7.21721721722 1.0 0.804023831509 0.812987749838 
-2.91291291291 1.0 -0.226691833081 -0.219210975457 
5.63563563564 1.0 -0.603233924101 -0.62969153479 
5.8958958959 1.0 -0.377679973455 -0.398339939307 
-5.55555555556 1.0 0.665101514979 0.661546953243 
-5.81581581582 1.0 0.450539443112 0.455122748148 
5.33533533534 1.0 -0.812162990678 -0.833126052409 
5.5955955956 1.0 -0.634676409709 -0.661085802678 
-5.93593593594 1.0 0.340312647942 0.346714413077 
-9.6996996997 1.0 0.271471615699 0.259643510601 
-7.61761761762 1.0 -0.972195835089 -0.986763988 
-3.39339339339 1.0 0.249148316352 0.362169621675 
3.79379379379 1.0 -0.606937230307 -0.607692923933 
1.83183183183 1.0 0.96612325186 0.965005306381 
-3.73373373373 1.0 0.558138856901 0.687993914864 
5.1951951952 1.0 -0.885695580449 -0.901190127791 
-8.47847847848 1.0 -0.811257411747 -0.802828288597 
5.65565565566 1.0 -0.587146852786 -0.613536976275 
-7.27727727728 1.0 -0.838264195546 -0.863885300261 
-2.45245245245 1.0 -0.635873830576 -0.726029378266 
-6.91691691692 1.0 -0.592155892373 -0.616233270747 
-9.97997997998 1.0 0.527114985665 0.540617543598 
-9.7997997998 1.0 0.366292850383 0.360778230571 
8.17817817818 1.0 0.947906971008 0.864033115073 
4.05405405405 1.0 -0.791012020637 -0.788643090637 
-7.87787787788 1.0 -0.99971449835 -1.00283977511 
9.91991991992 1.0 -0.475156566095 -0.4278697322 
1.25125125125 1.0 0.949378423874 0.951181967348 
-1.87187187187 1.0 -0.955018091318 -1.04378290178 
1.73173173173 1.0 0.987077824457 0.98639186535 
-9.15915915916 1.0 -0.26250641876 -0.274162789767 
-5.47547547548 1.0 0.722706208904 0.716236242715 
-2.13213213213 1.0 -0.846544793956 -0.95315412041 
9.7997997998 1.0 -0.366292850383 -0.318342371098 
-1.89189189189 1.0 -0.948890220341 -1.03975397879 
-1.41141141141 1.0 -0.987325090799 -1.0153805503 
4.99499499499 1.0 -0.960331988856 -0.967209150767 
-1.19119119119 1.0 -0.928811026462 -0.931382599036 
-2.19219219219 1.0 -0.813066617154 -0.92021184143 
4.27427427427 1.0 -0.905553075921 -0.900398451761 
-6.51651651652 1.0 -0.231219739195 -0.23916047563 
-7.65765765766 1.0 -0.980790267476 -0.993612380349 
1.79179179179 1.0 0.975679725882 0.974706009239 
-0.790790790791 1.0 -0.710909644644 -0.690359248367 
-0.710710710711 1.0 -0.65237258226 -0.630955360408 
9.47947947948 1.0 -0.054674242632 -0.0285251963 
5.47547547548 1.0 -0.722706208904 -0.747601520446 
-7.23723723724 1.0 -0.81576576016 -0.841989018433 
-1.43143143143 1.0 -0.99030442098 -1.02099523239 
-7.43743743744 1.0 -0.914492625181 -0.936029824217 
9.21921921922 1.0 0.204114170152 0.197730838942 
1.31131131131 1.0 0.966522242485 0.968237982438 
7.61761761762 1.0 0.972195835089 0.937142630083 
0.19019019019 1.0 0.189045659132 0.18676271865 
7.41741741742 1.0 0.906209755988 0.894724238319 
9.65965965966 1.0 -0.232727934358 -0.190737157229 
3.27327327327 1.0 -0.131300397197 -0.130492640215 
-0.630630630631 1.0 -0.589654207656 -0.568422101964 
6.21621621622 1.0 -0.066919044364 -0.0682590666741 
1.97197197197 1.0 0.920602539794 0.919351226217 
0.550550550551 1.0 0.523156507537 0.519340616979 
0.0900900900901 1.0 0.0899682743046 0.0897749536293 
3.83383383383 1.0 -0.63826408348 -0.638666960963 
2.79279279279 1.0 0.341770182763 0.346100304174 
-1.27127127127 1.0 -0.955476737061 -0.966449680949 
4.07407407407 1.0 -0.803100948886 -0.800447006722 
0.770770770771 1.0 0.69668837635 0.695059163851 
4.75475475475 1.0 -0.999102704803 -0.997497228468 
-8.63863863864 1.0 -0.707630665292 -0.701809519423 
-5.1951951952 1.0 0.885695580449 0.872225323513 
4.71471471471 1.0 -0.999997295481 -0.997373456715 
-0.35035035035 1.0 -0.343226895963 -0.328616258359 
-9.27927927928 1.0 -0.144985860003 -0.160042677086 
-9.91991991992 1.0 0.475156566095 0.48112362737 
-1.51151151151 1.0 -0.998243169988 -1.03980000017 
-6.01601601602 1.0 0.264002216892 0.27065272715 
8.53853853854 1.0 0.774699305584 0.693862711135 
-1.21121121121 1.0 -0.936042896216 -0.94060857707 
-6.43643643644 1.0 -0.152651959622 -0.156947706553 
-6.17617617618 1.0 0.106805021793 0.111511923192 
2.63263263263 1.0 0.487269347053 0.491070622151 
-0.27027027027 1.0 -0.266991905564 -0.255239982133 
9.8998998999 1.0 -0.45744688336 -0.40963391594 
-0.930930930931 1.0 -0.802176135594 -0.786024047256 
-6.41641641642 1.0 -0.132837305145 -0.13625990818 
-3.43343343343 1.0 0.28771565565 0.405738824164 
5.73573573574 1.0 -0.520511228445 -0.546002428348 
2.37237237237 1.0 0.695575258639 0.697068018953 
8.65865865866 1.0 0.693344009372 0.620423993951 
-1.83183183183 1.0 -0.96612325186 -1.05042134357 
8.43843843844 1.0 0.834011915114 0.749128921991 
4.51451451451 1.0 -0.980486642048 -0.974828215064 
-3.35335335335 1.0 0.210181594637 0.31742753574 
-7.53753753754 1.0 -0.950347982805 -0.96823742744 
-8.85885885886 1.0 -0.536191852752 -0.536993166916 
2.69269269269 1.0 0.433974744115 0.438083477693 
9.45945945946 1.0 -0.034674546587 -0.0107182888253 
0.750750750751 1.0 0.682187883844 0.680324865399 
9.17917917918 1.0 0.243137181641 0.231299603359 
-5.11511511512 1.0 0.919995965877 0.906412955051 
7.0970970971 1.0 0.726978798959 0.745183240778 
3.73373373373 1.0 -0.558138856901 -0.559297779344 
0.710710710711 1.0 0.65237258226 0.650050916598 
7.17717717718 1.0 0.779578080518 0.791924148233 
-5.51551551552 1.0 0.694460468753 0.689437917323 
9.13913913914 1.0 0.281770446506 0.264460974599 
6.31631631632 1.0 0.0331249483513 0.0390041067166 
5.81581581582 1.0 -0.450539443112 -0.47411249033 
9.95995995996 1.0 -0.509997599178 -0.464296955518 
-0.0500500500501 1.0 -0.0500291567086 -0.04617407634 
-8.21821821822 1.0 -0.934395989648 -0.926989721526 
-6.71671671672 1.0 -0.42007812671 -0.437167868924 
-3.21321321321 1.0 0.0715593456609 0.153048151414 
5.95595595596 1.0 -0.32142063693 -0.339287069251 
6.8968968969 1.0 0.575905704393 0.602719098684 
-5.71571571572 1.0 0.537499969971 0.539452217139 
-8.17817817818 1.0 -0.947906971008 -0.941253515858 
-0.570570570571 1.0 -0.540112324789 -0.519620406452 
-6.95695695696 1.0 -0.623937863975 -0.648954157815 
2.45245245245 1.0 0.635873830576 0.638176861306 
-3.75375375375 1.0 0.574637462441 0.703730128696 
-9.11911911912 1.0 -0.30092154409 -0.311236902314 
6.95695695696 1.0 0.623937863975 0.649126965961 
7.07707707708 1.0 0.713087090062 0.732553129024 
4.37437437437 1.0 -0.943414910292 -0.937588324676 
1.91191191191 1.0 0.942382045726 0.941112173981 
3.97397397397 1.0 -0.739536372707 -0.73828667771 
7.45745745746 1.0 0.922408976872 0.906329766622 
9.97997997998 1.0 -0.527114985665 -0.482483019113 
0.530530530531 1.0 0.505991015532 0.502051423441 
2.01201201201 1.0 0.904233186475 0.903060456394 
6.85685685686 1.0 0.542719485852 0.570149118174 
-7.2972972973 1.0 -0.849011685183 -0.874264167815 
-4.95495495495 1.0 0.970724838874 0.960718263577 
-0.29029029029 1.0 -0.286230381945 -0.273747718661 
2.43243243243 1.0 0.651196684992 0.653300164497 
-1.97197197197 1.0 -0.920602539794 -1.01881458161 
4.65465465465 1.0 -0.998333836705 -0.99443599423 
6.81681681682 1.0 0.508663293061 0.536338454926 
6.0960960961 1.0 -0.185999691898 -0.195653709394 
3.21321321321 1.0 -0.0715593456609 -0.0700887952843 
5.93593593594 1.0 -0.340312647942 -0.359164911285 
8.61861861862 1.0 0.721633711464 0.645721574573 
6.11611611612 1.0 -0.166293065952 -0.174620566805 
9.55955955956 1.0 -0.13437389375 -0.100238920542 
0.910910910911 1.0 0.790062479764 0.790023144624 
-9.73973973974 1.0 0.309780130585 0.300150547611 
1.33133133133 1.0 0.971465007816 0.973126283002 
4.13413413413 1.0 -0.837417761709 -0.833922729322 
8.31831831832 1.0 0.894118814814 0.807622713876 
-6.05605605606 1.0 0.225181436261 0.231649650506 
4.25425425425 1.0 -0.896879023055 -0.891919977022 
-0.03003003003 1.0 -0.0300255167065 -0.0268167309006 
7.53753753754 1.0 0.950347982805 0.924834146251 
6.6966966967 1.0 0.401827232414 0.42809597283 
-1.65165165165 1.0 -0.996732988666 -1.0577931099 
1.13113113113 1.0 0.904894218889 0.906497348511 
8.8988988989 1.0 0.501973484202 0.453319034781 
-0.910910910911 1.0 -0.790062479764 -0.773043942584 
1.19119119119 1.0 0.928811026462 0.930579372411 
5.4954954955 1.0 -0.708725363073 -0.734006107126 
8.41841841842 1.0 0.844890020967 0.759489750552 
2.49249249249 1.0 0.604469813648 0.607159326082 
9.73973973974 1.0 -0.309780130585 -0.263578938278 
-9.75975975976 1.0 0.328751980598 0.320381966359 
-8.91891891892 1.0 -0.484559073218 -0.487536825663 
-7.997997998 1.0 -0.989647555109 -0.988111663735 
0.47047047047 1.0 0.453305691794 0.449113299557 
-0.590590590591 1.0 -0.556851671602 -0.536060807104 
-8.57857857858 1.0 -0.748766641479 -0.741705553744 
-7.77777777778 1.0 -0.997097890944 -1.00456052594 
-0.750750750751 1.0 -0.682187883844 -0.661064214653 
-1.25125125125 1.0 -0.949378423874 -0.958147074697 
-2.39239239239 1.0 -0.681053382124 -0.778006537232 
-7.03703703704 1.0 -0.684451964588 -0.710792438573 
8.83883883884 1.0 0.552982096013 0.497376643388 
9.31931931932 1.0 0.105263273301 0.112205719404 
-7.5975975976 1.0 -0.967313252172 -0.982736497742 
-9.61961961962 1.0 0.193611192318 0.178581166803 
4.01401401401 1.0 -0.765888052358 -0.764086093027 
6.03603603604 1.0 -0.244640851113 -0.258068861549 
-9.2992992993 1.0 -0.125149645879 -0.140653841161 
9.05905905906 1.0 0.357620745349 0.329451155033 
-1.07107107107 1.0 -0.877714248189 -0.86993569713 
-2.99299299299 1.0 -0.148053371305 -0.1195922212 
2.83283283283 1.0 0.303877337824 0.308186219537 
8.01801801802 1.0 0.986576173517 0.911291483255 
6.53653653654 1.0 0.250649611665 0.270634588344 
2.65265265265 1.0 0.469690351946 0.473607449454 
3.31331331331 1.0 -0.170877953796 -0.170497727944 
-9.37937937938 1.0 -0.0453829883483 -0.0622327166897 
-8.83883883884 1.0 -0.552982096013 -0.553080835754 
5.43543543544 1.0 -0.749793457774 -0.773774014286 
5.77577577578 1.0 -0.485914794209 -0.510574021771 
-5.05505505506 1.0 0.941862214566 0.928983740895 
-2.85285285285 1.0 -0.284744420138 -0.292909262646 
5.6956956957 1.0 -0.554273288059 -0.580340859783 
-5.87587587588 1.0 0.396140311588 0.401837461109 
7.93793793794 1.0 0.996477739177 0.927461673202 
2.75275275275 1.0 0.379115173303 0.383402935531 
-4.69469469469 1.0 0.999843460211 1.00827696088 
-6.7967967968 1.0 -0.491325964149 -0.511608808978 
8.4984984985 1.0 0.799390133963 0.716646468961 
6.43643643644 1.0 0.152651959622 0.166761023731 
7.73773773774 1.0 0.993251282848 0.944281079437 
-5.45545545546 1.0 0.736397402892 0.729220869416 
0.730730730731 1.0 0.667413978747 0.665319650065 
6.51651651652 1.0 0.231219739195 0.250128078174 
-4.67467467467 1.0 0.999288899866 1.00980103629 
4.23423423423 1.0 -0.887845512006 -0.883098713556 
6.07607607608 1.0 -0.205631771434 -0.216580241283 
0.610610610611 1.0 0.573367839051 0.57002196241 
5.61561561562 1.0 -0.61907922661 -0.645542909505 
-2.27227227227 1.0 -0.763890524376 -0.869237120025 
3.19319319319 1.0 -0.0515776439174 -0.0498856275018 
-7.47747747748 1.0 -0.929955638285 -0.950115941311 
-5.31531531532 1.0 0.823679750423 0.81223530615 
9.81981981982 1.0 -0.384846824231 -0.336606373092 
-2.53253253253 1.0 -0.572096837274 -0.650577534376 
-3.85385385385 1.0 0.653546911213 0.776314369763 
-4.41441441441 1.0 0.955933085822 1.0005363871 
-2.47247247247 1.0 -0.620296125676 -0.707807370152 
-8.13813813814 1.0 -0.959898466376 -0.95414683675 
-2.01201201201 1.0 -0.904233186475 -1.00540246097 
3.23323323323 1.0 -0.0915123672906 -0.0902638805837 
1.75175175175 1.0 0.983672194447 0.98288178205 
-2.05205205205 1.0 -0.886414355831 -0.989998434166 
4.17417417417 1.0 -0.858625146533 -0.854598205285 
0.31031031031 1.0 0.305354140677 0.301560318764 
1.29129129129 1.0 0.961192106815 0.962950080241 
-0.950950950951 1.0 -0.813968289004 -0.798764449534 
-5.35535535536 1.0 0.800320725902 0.789936192781 
-9.21921921922 1.0 -0.204114170152 -0.217607691798 
-8.07807807808 1.0 -0.974995298193 -0.970860080617 
-6.11611611612 1.0 0.166293065952 0.172104182736 
2.93293293293 1.0 0.207148878373 0.211129110902 
7.71771771772 1.0 0.990730428893 0.94401620229 
2.85285285285 1.0 0.284744420138 0.289018735535 
7.63763763764 1.0 0.976688773762 0.939266085609 
-0.43043043043 1.0 -0.417262010319 -0.400069263806 
3.95395395395 1.0 -0.725913266541 -0.724930387301 
7.8978978979 1.0 0.999035835857 0.933578975276 
7.85785785786 1.0 0.999992487454 0.938346562356 
4.83483483483 1.0 -0.99251286792 -0.993323623484 
5.53553553554 1.0 -0.679917243139 -0.705814604397 
-9.01901901902 1.0 -0.39471619201 -0.401423112212 
4.03403403403 1.0 -0.778606064409 -0.776521671585 
-4.79479479479 1.0 0.996606561851 0.99603472275 
-6.35635635636 1.0 -0.0731057736575 -0.0740454082619 
-3.11311311311 1.0 -0.0284756907485 0.0302806736235 
5.0950950951 1.0 -0.927657483133 -0.938826505279 
6.05605605606 1.0 -0.225181436261 -0.237388963227 
-3.81381381381 1.0 0.622725447279 0.748503738547 
3.57357357357 1.0 -0.41867057176 -0.420092109192 
7.51751751752 1.0 0.943927941216 0.920793170105 
-8.73873873874 1.0 -0.633477463068 -0.630322011945 
-7.97797797798 1.0 -0.992322298019 -0.991506484374 
-0.23023023023 1.0 -0.228201684929 -0.217927057037 
-7.33733733734 1.0 -0.869481672757 -0.893867894185 
-2.35235235235 1.0 -0.709818357066 -0.810341861634 
6.55655655656 1.0 0.269979026825 0.290983776725 
-0.730730730731 1.0 -0.667413978747 -0.646109546296 
-1.33133133133 1.0 -0.971465007816 -0.989430270988 
-2.41241241241 1.0 -0.666258547712 -0.761136963457 
9.2992992993 1.0 0.125149645879 0.129480415576 
6.93693693694 1.0 0.608168751487 0.633992522181 
3.47347347347 1.0 -0.325821789448 -0.326821246624 
1.57157157157 1.0 0.999999699498 1.00033880619 
5.97597597598 1.0 -0.302399804444 -0.319228499914 
6.65665665666 1.0 0.36484968073 0.389979987916 
8.03803803804 1.0 0.983109384216 0.906450216154 
8.33833833834 1.0 0.884974675839 0.798498340871 
6.75675675676 1.0 0.456067581459 0.483430793055 
-2.23223223223 1.0 -0.789111039566 -0.895726590285 
-4.23423423423 1.0 0.887845512006 0.960665382594 
-0.11011011011 1.0 -0.109887744787 -0.103989292057 
5.51551551552 1.0 -0.694460468753 -0.720075879967 
2.99299299299 1.0 0.148053371305 0.151660263609 
-3.23323323323 1.0 0.0915123672906 0.177160378394 
10.0 1.0 -0.544021110889 -0.500647207234 
-9.07907907908 1.0 -0.338854295004 -0.347760040207 
2.13213213213 1.0 0.846544793956 0.845917936046 
3.93393393393 1.0 -0.711999223182 -0.711275038057 
-3.27327327327 1.0 0.131300397197 0.22481436805 
-5.95595595596 1.0 0.32142063693 0.327960258665 
1.47147147147 1.0 0.995071340501 0.996069745268 
-7.4974974975 1.0 -0.93712958481 -0.956558259421 
-3.17317317317 1.0 0.0315752704827 0.104332394214 
-5.27527527528 1.0 0.845718424022 0.833387080775 
9.93993993994 1.0 -0.492675811867 -0.446091641133 
5.25525525526 1.0 -0.856231505045 -0.874198216635 
0.35035035035 1.0 0.343226895963 0.339169542229 
6.2962962963 1.0 0.0131106134944 0.0175521806645 
-3.95395395395 1.0 0.725913266541 0.838708755497 
-8.71871871872 1.0 -0.648840196822 -0.645098114561 
1.09109109109 1.0 0.887131000257 0.888551401779 
4.97497497497 1.0 -0.965721938658 -0.971772127559 
7.23723723724 1.0 0.81576576016 0.822935096361 
-3.63363363363 1.0 0.472425730458 0.603318012001 
-8.4984984985 1.0 -0.799390133963 -0.791160530057 
-8.41841841842 1.0 -0.844890020967 -0.836095392114 
-6.03603603604 1.0 0.244640851113 0.251225940579 
7.997997998 1.0 0.989647555109 0.915816936369 
-7.31731731732 1.0 -0.859418901282 -0.884259313173 
-2.31231231231 1.0 -0.737445499834 -0.840765327996 
3.35335335335 1.0 -0.210181594637 -0.210205437157 
-5.15515515516 1.0 0.903569980268 0.889902425731 
8.13813813814 1.0 0.959898466376 0.877637422029 
-1.53153153153 1.0 -0.999229236959 -1.04356027105 
-0.990990990991 1.0 -0.836569314705 -0.823509367897 
1.05105105105 1.0 0.867945718946 0.869127150294 
-9.25925925926 1.0 -0.164763965562 -0.179334684249 
9.23923923924 1.0 0.184476035731 0.180802244461 
5.57557557558 1.0 -0.650019222236 -0.676315184261 
2.89289289289 1.0 0.246143932464 0.250301816703 
-4.43443443443 1.0 0.961618700226 1.00322364573 
-4.59459459459 1.0 0.993070259711 1.01276289275 
-9.71971971972 1.0 0.290684124469 0.279902886288 
1.39139139139 1.0 0.983950052752 0.985381221756 
0.890890890891 1.0 0.777632176518 0.777379802252 
-8.97897897898 1.0 -0.431178912314 -0.436392154542 
-6.87687687688 1.0 -0.559424700424 -0.582391483291 
-9.95995995996 1.0 0.509997599178 0.520847084686 
9.75975975976 1.0 -0.328751980598 -0.281825753447 
2.33233233233 1.0 0.723776968945 0.724863538313 
2.31231231231 1.0 0.737445499834 0.73833251237 
8.27827827828 1.0 0.911328515751 0.825091330814 
-2.73273273273 1.0 -0.397563478837 -0.435529455073 
9.5995995996 1.0 -0.173932497848 -0.136342879923 
8.21821821822 1.0 0.934395989648 0.849286397525 
-7.83783783784 1.0 -0.999869691753 -1.00469629938 
-7.05705705706 1.0 -0.698909584547 -0.725460679907 
2.95295295295 1.0 0.187522900919 0.191392374496 
-5.85585585586 1.0 0.41444188151 0.419811176634 
-3.55355355355 1.0 0.400406942668 0.52859825941 
5.2952952953 1.0 -0.834866389361 -0.854383410734 
-3.29329329329 1.0 0.151119458915 0.24832587309 
-4.45445445445 1.0 0.966918909573 1.00557276907 
-0.530530530531 1.0 -0.505991015532 -0.486240243903 
-7.95795795796 1.0 -0.994599330244 -0.994528610257 
4.31431431431 1.0 -0.921809046742 -0.916319803195 
0.850850850851 1.0 0.75184168035 0.751144218751 
4.77477477477 1.0 -0.998054637396 -0.997007164488 
-8.33833833834 1.0 -0.884974675839 -0.876251740646 
3.91391391391 1.0 -0.69779981921 -0.697324856719 
-2.11211211211 1.0 -0.857031446499 -0.963122897327 
3.55355355355 1.0 -0.400406942668 -0.401777836714 
-3.09309309309 1.0 -0.0484805492288 0.00540525541088 
3.75375375375 1.0 -0.574637462441 -0.575679600784 
9.67967967968 1.0 -0.252150304413 -0.208919805242 
1.63163163163 1.0 0.998150103477 0.998079834027 
1.61161161161 1.0 0.999167171889 0.99923205861 
1.93193193193 1.0 0.935496175869 0.934219395633 
-5.37537537538 1.0 0.788157702332 0.778358623664 
8.77877877878 1.0 0.601996584369 0.539978683772 
8.45845845846 1.0 0.822799547447 0.738532236701 
-4.17417417417 1.0 0.858625146533 0.940867963295 
9.6996996997 1.0 -0.271471615699 -0.227122988449 
7.47747747748 1.0 0.929955638285 0.911542399142 
8.37837837838 1.0 0.865626143701 0.779488619403 
4.09409409409 1.0 -0.81486800406 -0.81193024013 
8.67867867868 1.0 0.678779469621 0.607481454496 
-9.23923923924 1.0 -0.184476035731 -0.198524732399 
5.13513513514 1.0 -0.911965725448 -0.924879223096 
7.95795795796 1.0 0.994599330244 0.923905674826 
-0.650650650651 1.0 -0.605704250039 -0.584335018331 
-1.99199199199 1.0 -0.912600742763 -1.01235627076 
4.61461461461 1.0 -0.995223893414 -0.99065002124 
2.23223223223 1.0 0.789111039566 0.789247376486 
5.21521521522 1.0 -0.87622408965 -0.892558511231 
-1.61161161161 1.0 -0.999167171889 -1.0546720365 
6.17617617618 1.0 -0.106805021793 -0.110995989898 
-7.6976976977 1.0 -0.987812502254 -0.998856117512 
6.4964964965 1.0 0.211697196671 0.229475745486 
-6.57657657658 1.0 -0.289200237681 -0.299952599606 
-7.73773773774 1.0 -0.993251282848 -1.00250233886 
-6.47647647648 1.0 -0.19208980849 -0.198183357556 
-3.79379379379 1.0 0.606937230307 0.733986252376 
3.41341341341 1.0 -0.268485788917 -0.269050243985 
0.15015015015 1.0 0.149586594914 0.148050984571 
2.91291291291 1.0 0.226691833081 0.230768361047 
3.39339339339 1.0 -0.249148316352 -0.249542865953 
-6.65665665666 1.0 -0.36484968073 -0.379302270172 
-1.45145145145 1.0 -0.992886849216 -1.0262499813 
3.71371371371 1.0 -0.541416556108 -0.542674016731 
6.5965965966 1.0 0.308305540605 0.331165047717 
-4.11411411411 1.0 0.826308470068 0.917680892942 
-8.51851851852 1.0 -0.787202470352 -0.779210211959 
-6.25625625626 1.0 0.0269257963344 0.0295157620463 
2.51251251251 1.0 0.588401237484 0.591275529112 
8.25825825826 1.0 0.919387180273 0.833427904476 
-3.15315315315 1.0 0.0115602420643 0.0797618308538 
2.73273273273 1.0 0.397563478837 0.401806641309 
-8.65865865866 1.0 -0.693344009372 -0.687999612354 
8.87887887888 1.0 0.519186710331 0.468160629456 
2.57257257257 1.0 0.53880679503 0.542189199246 
4.11411411411 1.0 -0.826308470068 -0.823089770016 
-7.17717717718 1.0 -0.779578080518 -0.80635226016 
-5.53553553554 1.0 0.679917243139 0.675627977301 
-1.59159159159 1.0 -0.999783786273 -1.05249454488 
-1.75175175175 1.0 -0.983672194447 -1.05814574997 
3.51351351351 1.0 -0.363405633971 -0.364623295936 
-4.13413413413 1.0 0.837417761709 0.925791461084 
8.75875875876 1.0 0.617860839267 0.553839021546 
-9.93993993994 1.0 0.492675811867 0.501014499028 
-6.97697697698 1.0 -0.639456909771 -0.664874987671 
7.65765765766 1.0 0.980790267476 0.941012623611 
-0.31031031031 1.0 -0.305354140677 -0.292149600364 
5.45545545546 1.0 -0.736397402892 -0.760858589906 
-4.97497497497 1.0 0.965721938658 0.954962007664 
-4.65465465465 1.0 0.998333836705 1.01101342296 
-5.91591591592 1.0 0.359068265792 0.365282953765 
9.15915915916 1.0 0.26250641876 0.247932930914 
-7.25725725726 1.0 -0.827180739833 -0.853125802215 
-3.91391391391 1.0 0.69779981921 0.814970307304 
-1.39139139139 1.0 -0.983950052752 -1.0094113525 
-9.81981981982 1.0 0.384846824231 0.380934292991 
-4.51451451451 1.0 0.980486642048 1.01061760232 
-3.45345345345 1.0 0.306830209454 0.42705640831 
6.7967967968 1.0 0.491325964149 0.518986711214 
0.11011011011 1.0 0.109887744787 0.109218256675 
1.87187187187 1.0 0.955018091318 0.953800082951 
9.4994994995 1.0 -0.0746520259067 -0.0463839188977 
-2.07207207207 1.0 -0.876970223046 -0.981544070179 
5.7957957958 1.0 -0.468320967329 -0.49246866712 
-0.890890890891 1.0 -0.777632176518 -0.759828279949 
0.790790790791 1.0 0.710909644644 0.709515284589 
-2.17217217217 1.0 -0.824557973258 -0.931698316673 
-9.77977977978 1.0 0.347592070824 0.340592667369 
-0.550550550551 1.0 -0.523156507537 -0.50301219854 
-6.4964964965 1.0 -0.211697196671 -0.218709633637 
-0.41041041041 1.0 -0.398985690337 -0.382402520791 
-1.35135135135 1.0 -0.97601842181 -0.996430893793 
6.37637637638 1.0 0.0930562402792 0.103160909832 
4.81481481481 1.0 -0.994759058541 -0.99492078582 
8.1981981982 1.0 0.941340119153 0.856800644711 
9.1991991992 1.0 0.223670498102 0.214564430362 
-6.15615615616 1.0 0.126687794244 0.131810991305 
-2.83283283283 1.0 -0.303877337824 -0.317181912622 
0.650650650651 1.0 0.605704250039 0.602739477463 
9.3993993994 1.0 0.0253758371902 0.0423591412526 
-3.61361361361 1.0 0.454687183165 0.585206292909 
-6.55655655656 1.0 -0.269979026825 -0.279792709719 
5.67567567568 1.0 -0.570824460166 -0.597084803233 
5.3953953954 1.0 -0.775678794758 -0.798567825592 
-9.0990990991 1.0 -0.319952035985 -0.329569881055 
-7.91791791792 1.0 -0.997956771974 -0.99944451842 
5.23523523524 1.0 -0.866401418913 -0.883560830787 
-8.37837837838 1.0 -0.865626143701 -0.856786592467 
4.73473473473 1.0 -0.99975034402 -0.997619159141 
-3.13313313313 1.0 -0.00845941955823 0.0550721148818 
-3.87387387387 1.0 0.668567805308 0.789607304 
2.05205205205 1.0 0.886414355831 0.885373100457 
9.37937937938 1.0 0.0453829883483 0.0599263050122 
6.3963963964 1.0 0.112969411094 0.124439143562 
9.63963963964 1.0 -0.213212289782 -0.17257807884 
8.97897897898 1.0 0.431178912314 0.392478891104 
-4.39439439439 1.0 0.949864345085 0.997508258565 
3.01301301301 1.0 0.128225638051 0.131682075836 
3.69369369369 1.0 -0.524477262156 -0.525814680701 
2.21221221221 1.0 0.801249393857 0.801214731225 
-0.17017017017 1.0 -0.169350063744 -0.161292126032 
-3.33333333333 1.0 0.190567962875 0.29464603643 
3.65365365365 1.0 -0.489974935275 -0.491415719767 
-4.71471471471 1.0 0.999997295481 1.0064428144 
1.71171171171 1.0 0.990087845702 0.989513779722 
6.57657657658 1.0 0.289200237681 0.311164312562 
3.67367367367 1.0 -0.507327764109 -0.508726331601 
-3.41341341341 1.0 0.268485788917 0.384106417582 
-7.75775775776 1.0 -0.995374053792 -1.00372925718 
-2.59259259259 1.0 -0.521834495241 -0.589721988189 
9.61961961962 1.0 -0.193611192318 -0.154445626881 
9.07907907908 1.0 0.338854295004 0.313378851692 
-6.13613613614 1.0 0.146519791772 0.152011411465 
-1.13113113113 1.0 -0.904894218889 -0.9019360172 
2.55255255255 1.0 0.555563147622 0.558784876019 
8.81881881882 1.0 0.569550710787 0.511743866991 
-4.63463463463 1.0 0.996978653508 1.01191241138 
9.01901901902 1.0 0.39471619201 0.361224339415 
-4.57457457457 1.0 0.990518615549 1.01271050385 
-0.770770770771 1.0 -0.69668837635 -0.675815429931 
9.41941941942 1.0 0.00535851570584 0.0247271366307 
-6.45645645646 1.0 -0.172405433055 -0.177592449379 
-2.15215215215 1.0 -0.835718856574 -0.942679242906 
3.53353353353 1.0 -0.381982835353 -0.383285578422 
-3.01301301301 1.0 -0.128225638051 -0.0945719256436 
-8.23823823824 1.0 -0.927077365617 -0.919352355201 
9.77977977978 1.0 -0.347592070824 -0.300081202151 
0.990990990991 1.0 0.836569314705 0.837294180651 
3.49349349349 1.0 -0.34468278404 -0.345799100685 
-9.31931931932 1.0 -0.105263273301 -0.121173305187 
-5.75575575576 1.0 0.503313872361 0.506421425948 
-9.53953953954 1.0 0.114509838728 0.0977059878842 
-4.87487487487 1.0 0.986828185163 0.980772028199 
1.81181181181 1.0 0.971096090611 0.970045033427 
1.35135135135 1.0 0.97601842181 0.977613637241 
-6.07607607608 1.0 0.205631771434 0.211931786658 
-5.13513513514 1.0 0.911965725448 0.89830373567 
-1.31131131131 1.0 -0.966522242485 -0.982096402249 
2.15215215215 1.0 0.835718856574 0.83522482495 
-7.57757757758 1.0 -0.96204298189 -0.978306315253 
1.15115115115 1.0 0.91323356617 0.914906368134 
3.09309309309 1.0 0.0484805492288 0.0512268868109 
7.4974974975 1.0 0.93712958481 0.916363089107 
6.27627627628 1.0 -0.00690897593668 -0.00391237255422 
-5.8958958959 1.0 0.377679973455 0.383659386011 
-8.75875875876 1.0 -0.617860839267 -0.615315692535 
-1.79179179179 1.0 -0.975679725882 -1.0551965165 
-9.8998998999 1.0 0.45744688336 0.461178381532 
4.79479479479 1.0 -0.996606561851 -0.996148496845 
-5.6956956957 1.0 0.554273288059 0.555604152123 
2.53253253253 1.0 0.572096837274 0.575148870734 
5.37537537538 1.0 -0.788157702332 -0.810440691326 
-0.690690690691 1.0 -0.637069722791 -0.615605588503 
1.11111111111 1.0 0.89619220103 0.897711139548 
-3.47347347347 1.0 0.325821789448 0.448049328947 
4.15415415415 1.0 -0.848191426515 -0.844426399531 
-4.05405405405 1.0 0.791012020637 0.891026305369 
8.93893893894 1.0 0.466950456861 0.423186584746 
6.33633633634 1.0 0.0531260071326 0.0604310865623 
-6.27627627628 1.0 0.00690897593668 0.00886491339721 
-1.95195195195 1.0 -0.928235370545 -1.02478024713 
7.77777777778 1.0 0.997097890944 0.94372364002 
-5.77577577578 1.0 0.485914794209 0.489550979922 
8.05805805806 1.0 0.979248576653 0.901296849625 
1.21121121121 1.0 0.936042896216 0.937837212183 
2.67267267267 1.0 0.451923110669 0.455942905807 
-3.71371371371 1.0 0.541416556108 0.671854564981 
-1.81181181181 1.0 -0.971096090611 -1.05303956011 
0.39039039039 1.0 0.380549461752 0.376342267792 
5.55555555556 1.0 -0.665101514979 -0.691226287551 
-2.09209209209 1.0 -0.867174611281 -0.972585951192 
9.27927927928 1.0 0.144985860003 0.146673647831 
1.49149149149 1.0 0.996857019318 0.997730750156 
5.15515515516 1.0 -0.903569980268 -0.917351299373 
-3.51351351351 1.0 0.363405633971 0.489024777727 
7.83783783784 1.0 0.999869691753 0.940215596302 
3.25325325325 1.0 -0.111428711879 -0.110401590372 
-2.63263263263 1.0 -0.487269347053 -0.547295165666 
-4.55455455455 1.0 0.987569983594 1.01233695385 
3.07307307307 1.0 0.0684659772958 0.0714042037233 
7.6976976977 1.0 0.987812502254 0.943385024518 
4.59459459459 1.0 -0.993070259711 -0.988210687509 
-10.0 1.0 0.544021110889 0.560322107543 
-9.87987987988 1.0 0.439553861488 0.441182742878 
-3.65365365365 1.0 0.489974935275 0.621042632006 
-1.73173173173 1.0 -0.987077824457 -1.05894789127 
-0.0700700700701 1.0 -0.0700127456343 -0.0654927548624 
-5.97597597598 1.0 0.302399804444 0.309027230356 
3.87387387387 1.0 -0.668567805308 -0.668557844696 
0.670670670671 1.0 0.62151153354 0.61875312686 
7.1971971972 1.0 0.791959659904 0.802650148531 
-8.2982982983 1.0 -0.902904601864 -0.894460332311 
7.87787787788 1.0 0.99971449835 0.936133219292 
0.930930930931 1.0 0.802176135594 0.802342026741 
-5.0950950951 1.0 0.927657483133 0.914229650402 
-6.83683683684 1.0 -0.525796755923 -0.547493795262 
2.47247247247 1.0 0.620296125676 0.622794862438 
-1.93193193193 1.0 -0.935496175869 -1.03025639956 
-7.0970970971 1.0 -0.726978798959 -0.753802924513 
7.31731731732 1.0 0.859418901282 0.858794302894 
-5.43543543544 1.0 0.749793457774 0.74192687923 
-0.830830830831 1.0 -0.738491823944 -0.718808854338 
-2.97297297297 1.0 -0.167821766571 -0.14458525532 
0.29029029029 1.0 0.286230381945 0.282612492921 
-6.1961961962 1.0 0.0868794431893 0.0911234010528 
3.85385385385 1.0 -0.653546911213 -0.653750415367 
7.55755755756 1.0 0.956387136503 0.928487684586 
7.43743743744 1.0 0.914492625181 0.900724036164 
7.3973973974 1.0 0.897563688968 0.888329597346 
-6.77677677678 1.0 -0.473791717778 -0.49331844321 
-3.49349349349 1.0 0.34468278404 0.46870833773 
-9.05905905906 1.0 -0.357620745349 -0.365802322431 
0.23023023023 1.0 0.228201684929 0.225293036173 
8.3983983984 1.0 0.855429505195 0.769610919611 
2.81281281281 1.0 0.322888465175 0.327215958386 
6.47647647648 1.0 0.19208980849 0.208689243497 
