e 1 13 0.8780954 
e 1 18 0.8780954 
e 1 41 0.8352702 
e 1 42 0.8105842 
e 1 45 0.8025188 
e 1 51 0.9139312 
e 1 65 0.8693582 
e 1 73 0.8521438 
e 1 80 0.8958341 
e 1 127 0.8105842 
e 1 143 0.860708 
e 2 85 0.9048374 
e 2 98 0.9323938 
e 2 101 0.8869204 
e 2 123 0.9231163 
e 3 83 0.8352702 
e 3 101 0.9048374 
e 3 105 0.9048374 
e 3 113 0.8780954 
e 3 123 0.9048374 
e 3 129 0.9417645 
e 3 143 0.7788008 
e 3 144 0.9417645 
e 4 6 0.9801987 
e 4 15 0.8869204 
e 4 17 0.8105842 
e 4 19 0.8436648 
e 4 28 0.9801987 
e 4 32 0.8187308 
e 4 46 0.9139312 
e 4 53 0.9139312 
e 4 68 0.8869204 
e 4 75 0.9512294 
e 4 76 0.9512294 
e 4 77 0.8780954 
e 4 79 0.9139312 
e 4 91 0.8869204 
e 4 92 0.9512294 
e 4 107 0.8780954 
e 4 110 0.7945336 
e 4 122 0.7866279 
e 4 126 0.9139312 
e 4 135 0.8869204 
e 5 34 0.7866279 
e 6 15 0.9048374 
e 6 17 0.8436648 
e 6 19 0.8958341 
e 6 28 0.9417645 
e 6 32 0.9048374 
e 6 46 0.9323938 
e 6 53 0.8780954 
e 6 63 0.8269591 
e 6 68 0.9048374 
e 6 75 0.9323938 
e 6 76 0.9139312 
e 6 77 0.8269591 
e 6 79 0.9323938 
e 6 91 0.8693582 
e 6 92 0.9139312 
e 6 107 0.9139312 
e 6 110 0.7788008 
e 6 122 0.8025188 
e 6 126 0.8958341 
e 6 135 0.9048374 
e 6 150 0.7866279 
e 7 9 0.8780954 
e 7 30 0.860708 
e 7 43 0.8269591 
e 7 84 0.7788008 
e 7 88 0.7945336 
e 7 104 0.860708 
e 7 108 0.8025188 
e 7 130 0.9048374 
e 7 132 0.9139312 
e 7 139 0.7788008 
e 8 14 0.7945336 
e 8 21 0.8958341 
e 8 33 0.9323938 
e 8 52 0.9048374 
e 8 121 1 
e 8 124 0.8780954 
e 8 145 0.7945336 
e 9 30 0.8869204 
e 9 43 0.8869204 
e 9 56 0.7788008 
e 9 57 0.8436648 
e 9 88 0.9417645 
e 9 93 0.8187308 
e 9 104 0.8693582 
e 9 108 0.9323938 
e 9 132 0.8025188 
e 9 148 0.8352702 
e 11 12 0.9801987 
e 11 16 0.8958341 
e 11 17 0.8693582 
e 11 19 0.8025188 
e 11 26 0.9048374 
e 11 31 0.8436648 
e 11 38 0.8436648 
e 11 49 0.9231163 
e 11 55 0.8352702 
e 11 63 0.9048374 
e 11 64 0.8105842 
e 11 70 0.860708 
e 11 89 0.8436648 
e 11 91 0.7945336 
e 11 112 0.9323938 
e 11 114 0.9139312 
e 11 125 0.9139312 
e 11 128 0.9417645 
e 11 136 0.8780954 
e 11 137 0.9417645 
e 11 150 0.8780954 
e 12 16 0.8269591 
e 12 17 0.8352702 
e 12 26 0.8187308 
e 12 31 0.860708 
e 12 38 0.8436648 
e 12 49 0.9417645 
e 12 63 0.8693582 
e 12 70 0.8269591 
e 12 89 0.860708 
e 12 112 0.9323938 
e 12 114 0.8958341 
e 12 125 0.8958341 
e 12 128 0.9801987 
e 12 131 0.8693582 
e 12 136 0.8958341 
e 12 137 0.9048374 
e 12 150 0.8436648 
e 13 18 0.9417645 
e 13 34 0.8105842 
e 13 37 0.860708 
e 13 41 0.8269591 
e 13 45 0.8958341 
e 13 51 0.9801987 
e 13 65 0.9704455 
e 13 73 0.7788008 
e 13 115 0.8269591 
e 13 127 0.8693582 
e 13 147 0.7866279 
e 14 21 0.9231163 
e 14 42 0.7788008 
e 14 78 0.9417645 
e 14 87 0.9139312 
e 14 90 0.8780954 
e 14 100 0.8105842 
e 14 102 0.8105842 
e 14 118 0.8105842 
e 14 121 0.7945336 
e 14 124 0.8352702 
e 14 145 0.9801987 
e 15 16 0.8187308 
e 15 17 0.8958341 
e 15 19 0.9323938 
e 15 28 0.9048374 
e 15 32 0.8869204 
e 15 46 0.9704455 
e 15 63 0.7788008 
e 15 68 1 
e 15 70 0.8187308 
e 15 75 0.7945336 
e 15 76 0.9323938 
e 15 79 0.9323938 
e 15 91 0.8869204 
e 15 107 0.9704455 
e 15 122 0.9607894 
e 15 125 0.8025188 
e 15 126 0.9704455 
e 15 135 1 
e 15 137 0.7788008 
e 15 150 0.8693582 
e 16 17 0.9512294 
e 16 19 0.9139312 
e 16 26 0.9512294 
e 16 32 0.7866279 
e 16 49 0.7945336 
e 16 55 0.8436648 
e 16 63 0.8958341 
e 16 64 0.9607894 
e 16 68 0.8187308 
e 16 70 0.8869204 
e 16 75 0.8105842 
e 16 76 0.8436648 
e 16 79 0.7788008 
e 16 91 0.9231163 
e 16 106 0.8436648 
e 16 107 0.7788008 
e 16 112 0.8869204 
e 16 114 0.9048374 
e 16 122 0.8187308 
e 16 125 0.9048374 
e 16 126 0.8436648 
e 16 128 0.8105842 
e 16 135 0.8187308 
e 16 137 0.9323938 
e 16 146 0.8105842 
e 16 150 0.9417645 
e 17 19 0.9801987 
e 17 26 0.8352702 
e 17 28 0.7788008 
e 17 32 0.8780954 
e 17 46 0.8025188 
e 17 49 0.8352702 
e 17 55 0.8187308 
e 17 63 0.9417645 
e 17 64 0.860708 
e 17 68 0.8958341 
e 17 70 0.9512294 
e 17 75 0.8352702 
e 17 76 0.8693582 
e 17 79 0.8025188 
e 17 91 0.9512294 
e 17 106 0.8187308 
e 17 107 0.8352702 
e 17 112 0.9512294 
e 17 114 0.9512294 
e 17 122 0.8436648 
e 17 125 0.9704455 
e 17 126 0.8693582 
e 17 128 0.8352702 
e 17 135 0.8958341 
e 17 136 0.7788008 
e 17 137 0.9607894 
e 17 146 0.8187308 
e 17 150 0.9900498 
e 18 24 0.8693582 
e 18 34 0.9323938 
e 18 36 0.8352702 
e 18 37 0.8958341 
e 18 41 0.7788008 
e 18 45 0.9704455 
e 18 51 0.9801987 
e 18 65 0.9512294 
e 18 73 0.8436648 
e 18 115 0.9323938 
e 18 127 0.8521438 
e 18 147 0.8352702 
e 19 26 0.7866279 
e 19 28 0.8105842 
e 19 32 0.9512294 
e 19 46 0.8693582 
e 19 55 0.8025188 
e 19 63 0.9417645 
e 19 64 0.8269591 
e 19 68 0.9323938 
e 19 70 0.9512294 
e 19 75 0.8352702 
e 19 76 0.8693582 
e 19 79 0.8693582 
e 19 91 0.9139312 
e 19 107 0.9048374 
e 19 112 0.9139312 
e 19 114 0.9139312 
e 19 122 0.8780954 
e 19 125 0.9512294 
e 19 126 0.8869204 
e 19 135 0.9323938 
e 19 137 0.9417645 
e 19 150 0.9704455 
e 20 29 0.8869204 
e 20 44 0.8269591 
e 20 47 0.860708 
e 20 96 0.8025188 
e 21 52 0.8105842 
e 21 78 0.8025188 
e 21 87 0.8780954 
e 21 121 0.8958341 
e 21 124 0.8693582 
e 21 145 0.9048374 
e 22 43 0.8269591 
e 22 57 0.8025188 
e 22 62 0.8869204 
e 22 84 0.7788008 
e 22 85 0.8436648 
e 22 93 0.860708 
e 22 103 0.9512294 
e 22 119 0.860708 
e 22 130 0.8025188 
e 22 132 0.7788008 
e 22 139 0.8780954 
e 22 148 0.8780954 
e 23 116 0.8780954 
e 24 27 0.9607894 
e 24 34 0.8958341 
e 24 36 0.9417645 
e 24 37 0.7945336 
e 24 45 0.9139312 
e 24 51 0.7866279 
e 24 99 0.8269591 
e 24 111 0.860708 
e 24 115 0.860708 
e 24 140 0.9139312 
e 24 147 0.8352702 
e 26 38 0.7945336 
e 26 55 0.8025188 
e 26 63 0.8352702 
e 26 64 0.9323938 
e 26 70 0.7788008 
e 26 91 0.8105842 
e 26 112 0.8105842 
e 26 114 0.8105842 
e 26 125 0.8105842 
e 26 137 0.8693582 
e 26 150 0.8269591 
e 27 34 0.8269591 
e 27 36 0.9048374 
e 27 45 0.8105842 
e 27 99 0.8269591 
e 27 140 0.9139312 
e 28 46 0.9323938 
e 28 53 0.9139312 
e 28 68 0.9048374 
e 28 75 0.8958341 
e 28 76 0.9704455 
e 28 77 0.9139312 
e 28 79 0.9323938 
e 28 91 0.8693582 
e 28 92 0.9139312 
e 28 107 0.8958341 
e 28 122 0.8352702 
e 28 126 0.9512294 
e 28 135 0.9048374 
e 30 43 0.7866279 
e 30 47 0.8436648 
e 30 88 0.9048374 
e 30 104 0.9048374 
e 30 108 0.9512294 
e 31 49 0.8780954 
e 31 74 0.8105842 
e 31 89 0.8521438 
e 31 116 0.860708 
e 31 128 0.7945336 
e 31 131 0.8105842 
e 31 134 0.8025188 
e 31 136 0.8869204 
e 32 46 0.8780954 
e 32 63 0.8958341 
e 32 68 0.8869204 
e 32 70 0.8869204 
e 32 75 0.7788008 
e 32 76 0.7788008 
e 32 79 0.8780954 
e 32 91 0.7866279 
e 32 107 0.9139312 
e 32 112 0.8187308 
e 32 114 0.8025188 
e 32 122 0.8187308 
e 32 125 0.8693582 
e 32 126 0.8105842 
e 32 135 0.8869204 
e 32 137 0.860708 
e 32 150 0.8693582 
e 33 52 0.8958341 
e 33 121 0.9323938 
e 34 36 0.9323938 
e 34 37 0.9417645 
e 34 45 0.9048374 
e 34 51 0.860708 
e 34 65 0.8025188 
e 34 73 0.8693582 
e 34 115 0.9801987 
e 34 140 0.8352702 
e 34 147 0.7788008 
e 35 82 0.860708 
e 35 97 0.860708 
e 36 37 0.8780954 
e 36 45 0.8436648 
e 36 48 0.8269591 
e 36 99 0.9323938 
e 36 115 0.9139312 
e 36 140 0.9704455 
e 37 45 0.8693582 
e 37 51 0.860708 
e 37 65 0.8025188 
e 37 73 0.8187308 
e 37 115 0.9231163 
e 37 147 0.7945336 
e 38 49 0.7788008 
e 38 89 0.8693582 
e 38 128 0.8780954 
e 39 94 0.9323938 
e 40 62 0.8693582 
e 40 78 0.860708 
e 40 90 0.9417645 
e 40 120 0.8436648 
e 40 124 0.7945336 
e 41 45 0.8025188 
e 41 51 0.860708 
e 41 65 0.8187308 
e 41 66 0.9607894 
e 41 80 0.8436648 
e 41 127 0.9139312 
e 42 59 0.9139312 
e 42 78 0.7788008 
e 42 80 0.9607894 
e 42 83 0.860708 
e 42 100 0.8352702 
e 42 102 0.9801987 
e 42 113 0.8187308 
e 42 127 0.8025188 
e 42 138 0.8025188 
e 42 143 0.8869204 
e 42 144 0.8105842 
e 42 145 0.8105842 
e 43 47 0.7788008 
e 43 57 0.9704455 
e 43 104 0.8693582 
e 43 108 0.8780954 
e 43 130 0.8105842 
e 43 132 0.8025188 
e 43 139 0.8352702 
e 43 142 0.8025188 
e 43 148 0.8693582 
e 44 96 0.9323938 
e 45 51 0.9512294 
e 45 65 0.9048374 
e 45 115 0.8693582 
e 45 127 0.8958341 
e 45 147 0.9323938 
e 46 53 0.8352702 
e 46 68 0.9704455 
e 46 75 0.7866279 
e 46 76 0.9048374 
e 46 77 0.8352702 
e 46 79 0.9607894 
e 46 91 0.8105842 
e 46 92 0.8025188 
e 46 107 0.9801987 
e 46 122 0.9139312 
e 46 126 0.9417645 
e 46 135 0.9704455 
e 47 96 0.8105842 
e 47 108 0.8521438 
e 48 60 0.8187308 
e 48 99 0.8869204 
e 48 115 0.8025188 
e 48 140 0.8352702 
e 49 50 0.8025188 
e 49 55 0.8693582 
e 49 63 0.8352702 
e 49 70 0.8958341 
e 49 74 0.8869204 
e 49 89 0.8780954 
e 49 112 0.8958341 
e 49 114 0.9512294 
e 49 125 0.9139312 
e 49 128 0.9417645 
e 49 131 0.8352702 
e 49 136 0.9900498 
e 49 137 0.9048374 
e 49 146 0.8693582 
e 49 150 0.8780954 
e 50 89 0.8958341 
e 50 136 0.860708 
e 51 65 0.9704455 
e 51 66 0.7945336 
e 51 73 0.8105842 
e 51 80 0.8025188 
e 51 115 0.860708 
e 51 127 0.9048374 
e 51 147 0.8352702 
e 52 67 0.7866279 
e 52 121 0.9048374 
e 52 145 0.7788008 
e 53 75 0.8025188 
e 53 76 0.8025188 
e 53 77 0.9801987 
e 53 79 0.8352702 
e 53 92 0.9607894 
e 53 110 0.9417645 
e 54 56 0.8352702 
e 54 88 0.7788008 
e 55 63 0.8025188 
e 55 64 0.860708 
e 55 70 0.9139312 
e 55 74 0.9048374 
e 55 112 0.7788008 
e 55 114 0.9139312 
e 55 125 0.860708 
e 55 136 0.8780954 
e 55 137 0.8869204 
e 55 146 0.9231163 
e 55 150 0.8780954 
e 56 81 0.9417645 
e 56 88 0.8269591 
e 56 93 0.860708 
e 57 104 0.8436648 
e 57 108 0.8693582 
e 57 142 0.8780954 
e 57 148 0.8780954 
e 59 80 0.860708 
e 59 102 0.9512294 
e 59 127 0.8105842 
e 59 143 0.8269591 
e 60 115 0.8352702 
e 62 84 0.860708 
e 62 90 0.8352702 
e 62 118 0.8025188 
e 62 119 0.8105842 
e 62 130 0.8693582 
e 62 132 0.8269591 
e 62 139 0.860708 
e 63 64 0.7788008 
e 63 68 0.7788008 
e 63 70 0.9323938 
e 63 75 0.8352702 
e 63 91 0.860708 
e 63 112 0.9704455 
e 63 114 0.9139312 
e 63 125 0.9704455 
e 63 128 0.8187308 
e 63 135 0.7788008 
e 63 136 0.7788008 
e 63 137 0.9801987 
e 63 150 0.9323938 
e 64 70 0.8187308 
e 64 91 0.8187308 
e 64 106 0.7945336 
e 64 114 0.8352702 
e 64 122 0.8187308 
e 64 125 0.8025188 
e 64 126 0.7945336 
e 64 137 0.8436648 
e 64 146 0.8269591 
e 64 150 0.8693582 
e 65 66 0.7866279 
e 65 115 0.8352702 
e 65 127 0.8105842 
e 66 127 0.8436648 
e 68 70 0.8187308 
e 68 75 0.7945336 
e 68 76 0.9323938 
e 68 79 0.9323938 
e 68 91 0.8869204 
e 68 107 0.9704455 
e 68 122 0.9607894 
e 68 125 0.8025188 
e 68 126 0.9704455 
e 68 135 1 
e 68 137 0.7788008 
e 68 150 0.8693582 
e 69 75 0.8105842 
e 70 74 0.8958341 
e 70 91 0.8187308 
e 70 107 0.7788008 
e 70 112 0.9231163 
e 70 114 0.9801987 
e 70 122 0.7866279 
e 70 125 0.9801987 
e 70 128 0.8105842 
e 70 135 0.8187308 
e 70 136 0.8693582 
e 70 137 0.9704455 
e 70 146 0.8780954 
e 70 150 0.9801987 
e 71 149 0.8436648 
e 72 133 0.8436648 
e 73 113 0.8269591 
e 73 115 0.8869204 
e 73 143 0.8958341 
e 74 114 0.8780954 
e 74 125 0.8436648 
e 74 136 0.9139312 
e 74 137 0.8352702 
e 74 146 0.8352702 
e 74 150 0.8105842 
e 75 76 0.9048374 
e 75 79 0.8187308 
e 75 91 0.9139312 
e 75 92 0.9048374 
e 75 112 0.8105842 
e 75 126 0.8352702 
e 75 135 0.7945336 
e 76 77 0.8025188 
e 76 79 0.9048374 
e 76 91 0.9512294 
e 76 92 0.8352702 
e 76 106 0.8693582 
e 76 107 0.8869204 
e 76 122 0.8780954 
e 76 126 0.9801987 
e 76 135 0.9323938 
e 76 150 0.8105842 
e 77 79 0.8352702 
e 77 92 0.9048374 
e 77 110 0.8869204 
e 77 126 0.7866279 
e 78 80 0.7945336 
e 78 87 0.7788008 
e 78 90 0.9704455 
e 78 102 0.8269591 
e 78 118 0.8269591 
e 78 120 0.8187308 
e 78 124 0.8352702 
e 78 144 0.8025188 
e 78 145 0.9231163 
e 79 91 0.8105842 
e 79 92 0.8025188 
e 79 107 0.9801987 
e 79 122 0.9139312 
e 79 126 0.9417645 
e 79 135 0.9323938 
e 80 83 0.7788008 
e 80 102 0.9417645 
e 80 113 0.7866279 
e 80 127 0.8693582 
e 80 143 0.8869204 
e 80 145 0.8269591 
e 81 93 0.9139312 
e 82 86 0.8780954 
e 82 97 0.9801987 
e 83 100 0.9323938 
e 83 102 0.7945336 
e 83 105 0.8869204 
e 83 113 0.8436648 
e 83 123 0.8693582 
e 83 129 0.9048374 
e 83 138 0.8105842 
e 83 143 0.8105842 
e 83 144 0.8352702 
e 84 119 0.9417645 
e 84 130 0.8958341 
e 84 132 0.8352702 
e 84 139 0.9417645 
e 85 101 0.8352702 
e 85 103 0.8352702 
e 85 118 0.7788008 
e 85 123 0.8693582 
e 86 97 0.8105842 
e 87 100 0.8025188 
e 87 138 0.8352702 
e 87 145 0.9512294 
e 88 104 0.8521438 
e 88 108 0.9139312 
e 89 116 0.7945336 
e 89 128 0.860708 
e 89 131 0.8105842 
e 89 136 0.8869204 
e 90 118 0.8693582 
e 90 120 0.8780954 
e 90 124 0.8436648 
e 90 144 0.7945336 
e 90 145 0.8269591 
e 91 106 0.9139312 
e 91 107 0.8105842 
e 91 112 0.8869204 
e 91 114 0.8352702 
e 91 122 0.8187308 
e 91 125 0.8693582 
e 91 126 0.9139312 
e 91 128 0.7788008 
e 91 135 0.8869204 
e 91 137 0.860708 
e 91 150 0.9048374 
e 92 110 0.9048374 
e 93 103 0.8693582 
e 93 148 0.8693582 
e 95 120 0.8269591 
e 98 101 0.8105842 
e 98 105 0.8269591 
e 98 123 0.8958341 
e 99 140 0.9801987 
e 100 102 0.7866279 
e 100 123 0.8105842 
e 100 138 0.8693582 
e 100 145 0.7945336 
e 101 123 0.8869204 
e 101 129 0.7866279 
e 101 144 0.8693582 
e 102 118 0.8025188 
e 102 120 0.7788008 
e 102 124 0.7788008 
e 102 127 0.8025188 
e 102 143 0.8352702 
e 102 144 0.8269591 
e 102 145 0.8269591 
e 103 119 0.8025188 
e 103 139 0.7866279 
e 103 148 0.8352702 
e 104 108 0.9139312 
e 105 113 0.860708 
e 105 123 0.9048374 
e 105 129 0.9801987 
e 105 144 0.8352702 
e 106 126 0.8352702 
e 106 150 0.7788008 
e 107 122 0.9512294 
e 107 126 0.9417645 
e 107 135 0.9704455 
e 107 150 0.8105842 
e 112 114 0.9417645 
e 112 125 0.9801987 
e 112 128 0.9139312 
e 112 136 0.8352702 
e 112 137 0.9704455 
e 112 150 0.9417645 
e 113 129 0.9323938 
e 113 143 0.9607894 
e 113 144 0.860708 
e 114 125 0.9801987 
e 114 128 0.8958341 
e 114 136 0.9231163 
e 114 137 0.9704455 
e 114 146 0.9139312 
e 114 150 0.9801987 
e 115 140 0.8187308 
e 116 131 0.8869204 
e 116 134 0.8436648 
e 117 133 0.9323938 
e 118 120 0.8780954 
e 118 124 0.8958341 
e 119 130 0.8269591 
e 119 139 0.9801987 
e 120 124 0.8352702 
e 120 144 0.8025188 
e 121 124 0.8780954 
e 121 145 0.7945336 
e 122 126 0.9512294 
e 122 135 0.9607894 
e 122 150 0.8352702 
e 123 129 0.8869204 
e 123 144 0.8693582 
e 124 145 0.8025188 
e 125 128 0.8780954 
e 125 135 0.8025188 
e 125 136 0.8693582 
e 125 137 0.9900498 
e 125 146 0.8269591 
e 125 150 0.9801987 
e 126 135 0.9704455 
e 126 150 0.8269591 
e 127 147 0.9048374 
e 128 131 0.8869204 
e 128 136 0.8958341 
e 128 137 0.8693582 
e 128 150 0.8436648 
e 129 143 0.8269591 
e 129 144 0.9048374 
e 130 132 0.9900498 
e 130 139 0.860708 
e 131 136 0.8105842 
e 132 139 0.8025188 
e 135 137 0.7788008 
e 135 150 0.8693582 
e 136 137 0.860708 
e 136 146 0.8780954 
e 136 150 0.8352702 
e 137 146 0.8187308 
e 137 150 0.9704455 
e 142 148 0.9417645 
e 143 144 0.7945336 
e 146 150 0.8780954 
v 1 0.6020059 3.393163 Iris-versicolor 
v 2 2.42159 4.982349 Iris-versicolor 
v 3 1.491272 4.501044 Iris-versicolor 
v 4 3.930268 1.052877 Iris-setosa 
v 5 0.4129687 1.109106 Iris-versicolor 
v 6 3.652525 1.266505 Iris-setosa 
v 7 3.977424 3.664808 Iris-virginica 
v 8 1.671984 2.605833 Iris-virginica 
v 9 4.160671 4.113886 Iris-virginica 
v 10 3.33396 2.441281 Iris-virginica 
v 11 2.038136 0.7378803 Iris-setosa 
v 12 1.841641 0.9880792 Iris-setosa 
v 13 0.09622874 2.890183 Iris-versicolor 
v 14 1.826188 3.33309 Iris-virginica 
v 15 3.257442 0.8937153 Iris-setosa 
v 16 2.709555 0.9148972 Iris-setosa 
v 17 2.866693 0.7581744 Iris-setosa 
v 18 0.3378929 2.650605 Iris-versicolor 
v 19 3.043037 0.6105183 Iris-setosa 
v 20 4.56958 2.526614 Iris-virginica 
v 21 1.966628 2.920508 Iris-virginica 
v 22 3.222220 4.226739 Iris-virginica 
v 23 1.58415 1.706870 Iris-setosa 
v 24 0.7139277 2.082190 Iris-versicolor 
v 25 2.850298 5 Iris-virginica 
v 26 2.419185 0.1878490 Iris-setosa 
v 27 0.8423837 1.772632 Iris-versicolor 
v 28 3.886105 0.6027962 Iris-setosa 
v 29 4.523843 2.134114 Iris-virginica 
v 30 4.619526 3.593941 Iris-virginica 
v 31 1.384341 1.086664 Iris-setosa 
v 32 3.164088 0.4581354 Iris-setosa 
v 33 1.987490 2.0844 Iris-virginica 
v 34 0.4002421 2.230952 Iris-versicolor 
v 35 4.977724 2.578759 Iris-versicolor 
v 36 0.3092376 1.912225 Iris-versicolor 
v 37 0.06461796 2.529187 Iris-versicolor 
v 38 1.384446 0.3560435 Iris-setosa 
v 39 2.95744 2.237701 Iris-versicolor 
v 40 2.584782 3.333057 Iris-virginica 
v 41 0.3928789 3.294254 Iris-versicolor 
v 42 1.151238 3.75998 Iris-versicolor 
v 43 3.76994 3.775753 Iris-virginica 
v 44 4.176621 2.757985 Iris-virginica 
v 45 0.5980543 2.511112 Iris-versicolor 
v 46 3.924107 0.7996108 Iris-setosa 
v 47 4.363169 3.084065 Iris-virginica 
v 48 0.2094817 1.417449 Iris-versicolor 
v 49 1.795846 0.5321738 Iris-setosa 
v 50 0.9658735 0.4575243 Iris-setosa 
v 51 0.6554329 2.830039 Iris-versicolor 
v 52 2.306168 2.540034 Iris-virginica 
v 53 4.35018 0.9481477 Iris-setosa 
v 54 4.050011 3.328509 Iris-virginica 
v 55 2.11447 0.2560338 Iris-setosa 
v 56 4.07223 4.453748 Iris-virginica 
v 57 3.880062 4.165977 Iris-virginica 
v 58 1.494876 2.165516 Iris-virginica 
v 59 0.5268833 3.785985 Iris-versicolor 
v 60 0 1.730622 Iris-versicolor 
v 61 4.932874 1.913954 Iris-virginica 
v 62 2.840805 3.702208 Iris-virginica 
v 63 2.558376 1.160397 Iris-setosa 
v 64 2.814278 0.2259550 Iris-setosa 
v 65 0.3739209 2.943797 Iris-versicolor 
v 66 1.103612 2.797621 Iris-versicolor 
v 67 2.469455 2.108624 Iris-virginica 
v 68 3.344151 0.6589794 Iris-setosa 
v 69 3.560879 2.056660 Iris-setosa 
v 70 2.588142 0.3944434 Iris-setosa 
v 71 4.550597 1.783355 Iris-virginica 
v 72 3.017362 2.940351 Iris-virginica 
v 73 0.1576586 3.301436 Iris-versicolor 
v 74 1.737857 0.1841110 Iris-setosa 
v 75 3.399534 1.422529 Iris-setosa 
v 76 3.61014 0.8259928 Iris-setosa 
v 77 4.093088 1.502423 Iris-setosa 
v 78 1.854578 3.656911 Iris-virginica 
v 79 3.714553 1.036063 Iris-setosa 
v 80 0.9327302 3.58094 Iris-versicolor 
v 81 3.33354 4.891929 Iris-virginica 
v 82 4.693516 2.887321 Iris-versicolor 
v 83 1.210237 4.311013 Iris-versicolor 
v 84 3.150912 3.452725 Iris-virginica 
v 85 2.638407 4.634868 Iris-versicolor 
v 86 4.851333 3.275806 Iris-versicolor 
v 87 1.310218 3.330304 Iris-versicolor 
v 88 4.549131 3.976967 Iris-virginica 
v 89 1.236839 0.7198968 Iris-setosa 
v 90 2.265475 3.608874 Iris-virginica 
v 91 2.985313 1.000005 Iris-setosa 
v 92 4.273495 1.271908 Iris-setosa 
v 93 3.699525 4.716225 Iris-virginica 
v 94 2.783404 2.609689 Iris-versicolor 
v 95 2.408449 4.402442 Iris-virginica 
v 96 4.227238 2.435625 Iris-virginica 
v 97 5 2.945342 Iris-versicolor 
v 98 1.968113 4.999523 Iris-versicolor 
v 99 0.662271 1.364150 Iris-versicolor 
v 100 1.423592 3.979454 Iris-versicolor 
v 101 2.162759 4.72569 Iris-versicolor 
v 102 1.502212 3.688550 Iris-versicolor 
v 103 3.049066 4.61913 Iris-virginica 
v 104 4.319423 3.84254 Iris-virginica 
v 105 1.265106 4.733982 Iris-versicolor 
v 106 2.860662 1.563623 Iris-setosa 
v 107 3.587692 0.4495284 Iris-setosa 
v 108 4.338303 3.513948 Iris-virginica 
v 109 4.955051 2.240617 Iris-setosa 
v 110 4.592337 1.284611 Iris-setosa 
v 111 1.224562 1.873361 Iris-versicolor 
v 112 2.268812 0.8895511 Iris-setosa 
v 113 0.8840591 4.341233 Iris-versicolor 
v 114 2.207213 0.4802771 Iris-setosa 
v 115 0.0911151 2.245248 Iris-versicolor 
v 116 1.066169 1.344376 Iris-setosa 
v 117 3.774417 2.872767 Iris-virginica 
v 118 2.386897 3.922354 Iris-virginica 
v 119 2.846871 4.167494 Iris-virginica 
v 120 2.104369 4.015822 Iris-versicolor 
v 121 1.991804 2.567328 Iris-virginica 
v 122 3.410423 0.3084475 Iris-setosa 
v 123 1.899710 4.579239 Iris-versicolor 
v 124 2.191300 3.218498 Iris-versicolor 
v 125 2.408486 0.6115057 Iris-setosa 
v 126 3.419933 1.104012 Iris-setosa 
v 127 0.8478731 3.138643 Iris-versicolor 
v 128 1.982842 1.198065 Iris-setosa 
v 129 1.565789 4.768141 Iris-versicolor 
v 130 3.372454 3.731383 Iris-virginica 
v 131 1.096350 0.9812099 Iris-setosa 
v 132 3.538641 3.444296 Iris-virginica 
v 133 3.409058 2.869760 Iris-virginica 
v 134 0.6944903 0.825493 Iris-setosa 
v 135 3.156234 1.198594 Iris-setosa 
v 136 1.706430 0.7355523 Iris-setosa 
v 137 2.402411 0.9754454 Iris-setosa 
v 138 0.6348206 4.08161 Iris-versicolor 
v 139 3.174877 3.926441 Iris-virginica 
v 140 0.4802944 1.644850 Iris-versicolor 
v 141 4.090444 2.026831 Iris-virginica 
v 142 3.588087 4.236286 Iris-virginica 
v 143 0.9370306 4.031448 Iris-versicolor 
v 144 1.691807 4.227294 Iris-versicolor 
v 145 1.608088 3.119516 Iris-virginica 
v 146 2.203624 0 Iris-setosa 
v 147 0.9024617 2.443551 Iris-versicolor 
v 148 3.501343 4.51459 Iris-virginica 
v 149 4.852489 1.556953 Iris-virginica 
v 150 2.665231 0.6381123 Iris-setosa 
d 5 34 13 127 102 118 62 22 43 47 20 29 
