     [,1] [,2] [,3] [,4] [,5] [,6] [,7]
[1,]    0    1    0    1    0    1    0
[2,]    1    0    1    1    0    0    0
[3,]    0    1    0    1    0    0    1
[4,]    1    1    1    0    1    0    0
[5,]    0    0    0    1    0    1    1
[6,]    1    0    0    0    1    0    1
[7,]    0    0    1    0    1    1    0
IGRAPH U-W- 7 11 -- 
+ attr: color (v/c), names (v/n), clust (v/n), weight (e/n)
$membership
[1] 1 1 1 1 1 1 1

$csize
[1] 7

$no
[1] 1

$membership
[1] 1 1 1 1 1 1 1

$csize
[1] 7

$no
[1] 1

[1] 0.0000000 0.5169503 0.7939887
           [,1]       [,2]          [,3]
[1,] -0.3779645 -0.2257047  6.015010e-01
[2,] -0.3779645 -0.4991505 -3.738467e-16
[3,] -0.3779645 -0.2257047 -6.015010e-01
[4,] -0.3779645 -0.2719341 -2.787961e-16
[5,] -0.3779645  0.4251291  8.668378e-17
[6,] -0.3779645  0.4440048  3.717480e-01
[7,] -0.3779645  0.4440048 -3.717480e-01
           [,1]       [,2]
[1,] -0.8585673 -0.5127008
[2,] -0.6036752 -0.7972304
[3,] -0.8585673 -0.5127008
[4,] -0.8117383 -0.5840214
[5,] -0.6644345  0.7473465
[6,] -0.6482062  0.7614649
[7,] -0.6482062  0.7614649
[1] "ITER"              "1"                 "0.308260551089383"
[1] "ITER" "2"    "0"   
[[1]]
[1] -0.7831370 -0.6016634

[[2]]
[1] -0.6536156  0.7567588

$cluster
[1] 1 1 1 1 2 2 2

IGRAPH U-W- 7 11 -- 
+ attr: color (v/c), names (v/n), clust (v/n), weight (e/n), deleted
  (e/n)
[1] "normalized cut value" "0.564102564102564"   
[1] "cut value" "3"        
[1] "cut value, Jw, purity, Jmod" "3"                          
[3] "0.564102564102564"           "1"                          
[5] "0.210743801652892"          
