1.10833839918927 3.85888587456286
2.52744372417882 2.44534832923987
2.01766632418015 2.84147244061447
0.678556571202897 0.880248291506535
1.25785973884364 2.89220272998398
0.824727401602342 0.631478977368614
4.58122942241995 3.2107512496158
3.09851376818729 4.86675623022749
4.59168303600109 2.87832749526752
4 2.2
2.88815399488609 1.09011645231074
3.10590871824515 0.740154495155373
0.396255574902599 3.98462705572553
2.66106814066722 4.46547028142499
1.43963556199629 1.29511691848006
2.23688521341431 1.27419300425111
2.02448387825846 0.71520851793189
0.600564690529887 3.37105564777858
1.81455888657919 0.498168355574841
4.0882602540353 1.97057318715591
2.57723601658022 4.74017865255857
3.77369160980908 3.55299418427686
3.91354780235149 0.428210732894872
0.711105005134897 2.89900607058421
1.23253829885014 4.29378038485845
2.5215285045633 1.41228145851734
0.924914789092612 2.89318195274174
0.572619499168798 1.29417503935614
3.75998332712379 2.17235102760508
4.7621997896738 2.33577176587768
3.66588325976268 0.660332387978416
1.42252760264454 0.31289556539593
2.55794970538045 5
0.155646828146882 2.99852196644078
1.40320677891038 1.91655751548742
0.31744712008417 2.60060687127313
0.130767941447897 3.27723254935883
2.9010745742054 1.57536315006434
2.55 3.97
3.35320697523944 4.40376400263684
0.911481438596162 4.35387929499537
1.68657915406579 3.81946702874335
4.20955246972645 3.01667526239351
3.89111124143906 1.74818285185501
0.41795125748283 3.52205051999581
0.830674794809954 1.03791023990084
4.38994230386871 2.08244276118666
0.174881584069834 2.28105497872499
3.27341887763567 0.618132240829336
3.66404999416953 0.217208424960337
0.584101640501072 3.81102356936629
2.24851995111894 4.94218557874495
0.234117580723369 1.03788602838117
4.96944219591717 3.07932343266478
2.86401937431021 0
5 2.80978285762139
3.97574031542951 2.57134752696395
4.37128673260942 1.53467125521019
1.9675721172273 3.86834708925953
0 2.56346906226898
3.76470677267563 4.35243223223949
3.73710352686047 3.98195710887663
2.1270254913839 0.340153697520399
2.31240340236352 1.03070873842248
0.221769319309858 3.70103546205394
0.646654874663431 4.29794415114095
3.3644752840391 4.74566778565128
1.50930628831121 0.990511498157545
1.63124111797329 0.0812319702142999
2.36323123599999 0.0398286746609412
4.6886107904819 1.66243748424562
4.32925018505528 1.14935315790857
1.00425086585223 3.359900064389
3.17030419805924 0.0803132878552896
1.09284649631567 0.47438041991156
0.957796971660873 1.45798027313864
0.414573462770132 1.58772082102038
2.55000646233767 4.24143049307236
0.898315517012638 1.24335320874812
1.56077768062559 4.17429963864248
4.79138635508313 3.4703983206462
1.18368728465541 2.36041200863443
2.0785773447852 3.20101418343596
4.13581142743348 4.08718485838662
3.15388312701652 3.14063901458078
0.605824676075866 2.06004203813538
1.89124244633474 4.71735567433126
4.79209131555364 2.60638770378003
3.63577600963705 1.01691678721709
3.20263087515255 4.1336726707538
1.76518047104567 1.22838639091514
0.430158055343421 0.762446477102339
4.29255746799682 3.36916885145376
2.64 3.705
2.86968852027251 4.20545156370993
4.30642823002261 1.7989570876557
0.941961836965428 2.16432262971496
2.8029836222489 2.47193919406255
0.499041089484804 2.36477242822131
2.26598585526896 3.78116874870062
2.88653048658412 2.78262106274002
2.07454844708444 4.12062931625894
3.57843051452648 3.3390561149631
4.39600785676255 2.73149755024708
2.161967977233 2.48110095806853
1.91595366762722 1.68636310280457
1.07308184217594 0.763566661567746
4.35175905096367 2.41015658551366
0.163220878803208 1.57640435267743
0.196443184981991 1.27873685067499
0.500010068806736 2.8537561176075
2.62576677168249 0.829772143447463
1.70571572467975 3.11497056033939
2.79631379024101 0.581442616115059
0.354903681535744 3.1213528634758
3.94915172601802 0.854969353580451
4.56220068731891 1.22361696050526
3.05318835425799 3.92535106420573
4.31841056387634 3.85292721160549
2.89068111557841 3.73537112264747
2.88073558682053 4.87983786108155
1.37705864984553 0.78797066279458
2.61737196336265 2.90596005129558
3.04636572187077 4.51893633223952
2.62170338958918 0.420053610347388
1.2038495078151 1.49965768847487
0.984908636608753 4.07977517444968
3.25432520828177 1.04113004959693
2.28093232004399 2.83899397414252
4.11718785646328 3.71777566287034
3.47159944928744 1.28536321399523
4.50005338579167 3.63719736118514
4.06948626594613 1.41175900118314
4.112469783277 0.591054297861731
1.25272392290313 1.07160291354133
3.38595461428657 0.369422483305523
2.40719494414115 0.460567369457876
1.68975568216276 4.45358320600549
3.98908140090942 3.40671224962907
0.710692050790039 2.53249119135893
4.87397909598616 1.93472641990867
3.64594609851408 2.64527549818777
1.60636820423091 3.44022172479097
2.44560553895043 3.29626573049785
2.27410509300597 4.53524763394079
2.64826449522211 0.180926957009991
0.797645687332039 3.64830024483889
3.95072300032842 2.91828273994844
4.77649197427542 1.39446503746023
2.29686677803367 0.707479721836389
