3.75375375375 -0.574637462441
0.11011011011 0.109887744787
-3.01301301301 -0.128225638051
-5.23523523524 0.866401418913
-6.45645645646 -0.172405433055
4.81481481481 -0.994759058541
0.0900900900901 0.0899682743046
0.550550550551 0.523156507537
2.49249249249 0.604469813648
6.4964964965 0.211697196671
-0.730730730731 -0.667413978747
-6.95695695696 -0.623937863975
-8.17817817818 -0.947906971008
3.37337337337 -0.229710988177
4.19419419419 -0.868714740054
4.31431431431 -0.921809046742
5.27527527528 -0.845718424022
6.77677677678 0.473791717778
5.95595595596 -0.32142063693
-3.87387387387 0.668567805308
-3.65365365365 0.489974935275
-5.31531531532 0.823679750423
-6.53653653654 -0.250649611665
-6.8968968969 -0.575905704393
-4.17417417417 0.858625146533
