%
% 1
% Iris-versicolor
% 36
% 0
-0.511098060683477 -0.10228410504597 1
-0.26233575615318 -0.547893298025336 1
-0.331126947332722 -0.211180140662626 1
-0.297807907406934 -0.347016521598564 1
-0.164513428369255 -0.679661469310813 1
-0.180967206347698 -0.825603943576113 1
-0.228879049969647 -0.402257620178911 1
0.908463333123496 -0.751568725169485 1
-0.0432464003287041 -0.581489446612358 1
-0.234540586259835 -0.33192182936212 1
-0.812867790369069 -0.370678998318909 1
-0.6595927890562 -0.351976291060316 1
-0.890160445651156 -0.0338124427467623 1
-0.355533039187063 -0.503218487402662 1
0.307334755663405 -0.36508661276616 1
-0.375238228946765 -0.291622024808779 1
-0.920502648909009 -0.182390363327921 1
0.174864001965697 -0.25181557108017 1
-0.245195161690346 -0.266728035661848 1
-0.58727485357991 -0.483284267717482 1
-0.356786567830461 -0.0668238279413657 1
-0.812455548998002 -0.162331574878633 1
0.707081283920861 -1.00842476177846 1
0.511086195895091 -1.26249195386214 1
-0.942361707398841 -0.541822258150013 1
0.751467140648228 -1.00110751297439 1
0.191884492103146 -0.677490544374357 1
-0.98404454516943 -0.124360420222278 1
0.0101900707278538 -0.720574866701901 1
-0.714008213642833 0.150379153148438 1
-0.134994950451373 -0.311709642703396 1
-0.640436749523145 -0.417323482970025 1
-0.807205496676716 0.195053963771112 1
0.0703428889492722 -0.702537931730725 1
-0.641690278166543 0.0190711764912712 1
-0.463030988871424 -0.669526546536122 1
% 1
% Iris-virginica
% 1
% 36
-0.519383245084936
-1.19135168905065
1
% 2
% Iris-versicolor
% 14
% 37
-1.46406132277908 0.504189832972454 2
-1.04329778070628 0.228956908777007 2
-0.932410752982917 0.319198089833649 2
-1.5573962720707 0.267392584812765 2
-1.11624072375382 -0.0842140138783732 2
-1.28479458784507 0.68543918613292 2
-1.09522370993848 0.283891210938481 2
-1.33104141885472 0.24466952060229 2
-0.9275729420327 0.468236205043118 2
-1.29646885028553 -0.327561519794944 2
-1.22042896624468 0.408035337001018 2
-1.37873698277558 -0.421205138214628 2
-0.899640863283776 0.329610979581884 2
-1.087134487207 0.075390389288768 2
% 2
% Iris-virginica
% 49
% 51
-2.34975798395094 -0.0418825496548417 2
-1.41407222517376 -0.574925055912304 2
-2.31430339462955 0.182608850793699 2
-2.31967279387405 -0.24554817060691 2
-1.2906696477376 -0.116425251829372 2
-2.61419383069833 0.558366950278823 2
-1.38966613331942 -0.282886709172269 2
-1.76404593552698 0.0785191864293578 2
-2.38756440236903 0.462519250726261 2
-2.56332271234081 0.275974502239838 2
-1.34459421750982 -0.776415425176825 2
-1.52566363131387 -0.375020848191823 2
-2.1653788629534 0.215280283373008 2
-2.9320050969913 0.35237700618086 2
-2.61648460828404 0.341935286987295 2
-1.19809737227496 -0.605578961764594 2
-2.53172698043956 -0.0118422366403004 2
-2.1449868567093 0.138906608877314 2
-2.10765373117327 0.371482249177106 2
-3.07652162102066 0.685764442246057 2
-1.77964010689857 -0.501464794706015 2
-1.80234045266073 -0.216154606626536 2
-1.58526729930864 -0.539307053847172 2
-3.23234289829587 1.37052403597633 2
-3.79468686120997 0.253265570972535 2
-1.25762518292514 -0.179136997423222 2
-1.90162907528823 0.115876748247966 2
-1.97081494590648 -0.181125694704914 2
-2.41939121980498 0.303503937702629 2
-1.38766825018156 -0.204030986570154 2
-1.90474357821391 0.118818990982699 2
-1.29832982456782 -0.761013936521507 2
-2.84096092528538 0.372742591049022 2
-1.66193494701949 0.242038401037523 2
-2.27585364930569 0.333386525756642 2
-2.42816725902085 0.376781971254153 2
-3.39687992067814 0.547168046230153 2
-1.44310260437597 -0.143801289082726 2
-1.90486292513713 0.0480475082318348 2
-1.41407222517376 -0.574925055912304 2
-2.12285398050831 -0.21085488454949 2
-2.15873837313313 -0.218325531562993 2
-3.49926548429896 0.456773466964075 2
-1.9492487818645 0.0407302594277681 2
-2.91813423364425 0.780380629372032 2
-1.92245088483575 0.409271176178696 2
-1.1688534694704 -0.16450249981509 2
-1.94401704887774 0.187415222046014 2
-3.48876537965639 1.17154454426356 2
% 3
% Iris-setosa
% 50
% 100
2.84032129682701 -0.220576338276476 3
2.88981953961792 -0.137345609605027 3
2.5432349073037 0.440031754659816 3
2.58734618891774 0.520473638805968 3
2.67384468671912 -0.106691703752738 3
2.46905599754512 0.137887314590418 3
2.62648199332382 0.17040534896029 3
2.70391231486365 0.115010852170506 3
2.38386932379938 1.34475434455986 3
2.4055141012847 0.195917257696061 3
2.74643719730873 -0.311124315751991 3
2.62252620312581 0.818089674596596 3
2.86699984693253 0.0771930957235878 3
2.20883295417671 0.442696030421003 3
2.7874339759971 -0.227740188871106 3
2.54268575707705 0.586281025343989 3
2.19907796143076 0.879244088091737 3
2.98184266485391 -0.480250048856076 3
2.4100773371216 0.418080008247617 3
2.77013891074632 0.271059419765168 3
2.30312853766388 0.105522678429983 3
2.67384468671912 -0.106691703752738 3
3.21585769490011 0.141615571625584 3
2.63982126837658 0.319290065960322 3
2.62522846468042 0.606800008421587 3
2.82089068218063 -0.0821045110246804 3
2.63284790803076 -0.190075830633624 3
2.88795856533563 -0.570798026331591 3
2.71566519074745 -0.242681482898112 3
2.2798973610096 0.747782713225134 3
2.61314271827106 0.0215206319602584 3
2.99829644283235 -0.334307574590777 3
2.3561710866839 -0.0312095890683379 3
2.71539061563413 -0.169556847556026 3
2.85221108156639 -0.932865367469544 3
3.22520044627498 -0.503279909485425 3
2.72859298183131 0.333924563568455 3
2.56239094683675 0.374684562750107 3
2.59715947707592 1.10002192800727 3
2.50791722683788 -0.139056339913173 3
2.68420712510395 0.326607314764389 3
2.58846205130339 -0.19739307943769 3
2.53757337101351 0.510367545476606 3
2.6476366733969 0.819982632559507 3
2.64354321694115 1.18619489941345 3
2.67384468671912 -0.106691703752738 3
2.5065267893389 0.651935013672573 3
2.64832273247913 0.319136667750885 3
2.31053170131313 0.397867821588893 3
2.59032302558567 0.236059337288873 3
